?? = ICOMP amorphous carbon ACAR from Zubko et al 1996
   E(eV)       Re(m)-1    Im(m)    Re(eps)-1  Im(eps)
 6.24466E-04  7.435E+00 1.670E+00  6.836E+01 2.817E+01
 6.29863E-04  7.479E+00 1.671E+00  6.910E+01 2.834E+01
 6.35354E-04  7.492E+00 1.672E+00  6.932E+01 2.840E+01
 6.40942E-04  7.498E+00 1.674E+00  6.941E+01 2.845E+01
 6.46291E-04  7.502E+00 1.676E+00  6.948E+01 2.850E+01
 6.52074E-04  7.504E+00 1.679E+00  6.950E+01 2.856E+01
 6.57611E-04  7.505E+00 1.681E+00  6.951E+01 2.859E+01
 6.63599E-04  7.505E+00 1.685E+00  6.950E+01 2.866E+01
 6.69335E-04  7.504E+00 1.688E+00  6.947E+01 2.871E+01
 6.75172E-04  7.504E+00 1.693E+00  6.945E+01 2.879E+01
 6.81110E-04  7.502E+00 1.698E+00  6.940E+01 2.887E+01
 6.86774E-04  7.501E+00 1.703E+00  6.937E+01 2.895E+01
 6.92919E-04  7.499E+00 1.710E+00  6.931E+01 2.907E+01
 6.98782E-04  7.496E+00 1.716E+00  6.924E+01 2.916E+01
 7.05145E-04  7.493E+00 1.724E+00  6.916E+01 2.928E+01
 7.11217E-04  7.490E+00 1.732E+00  6.908E+01 2.941E+01
 7.17394E-04  7.486E+00 1.741E+00  6.898E+01 2.955E+01
 7.23680E-04  7.481E+00 1.751E+00  6.886E+01 2.970E+01
 7.30077E-04  7.475E+00 1.761E+00  6.872E+01 2.985E+01
 7.36587E-04  7.468E+00 1.773E+00  6.856E+01 3.003E+01
 7.42770E-04  7.460E+00 1.784E+00  6.839E+01 3.019E+01
 7.49510E-04  7.451E+00 1.796E+00  6.819E+01 3.036E+01
 7.55912E-04  7.440E+00 1.809E+00  6.796E+01 3.054E+01
 7.62425E-04  7.428E+00 1.821E+00  6.772E+01 3.069E+01
 7.69050E-04  7.414E+00 1.832E+00  6.744E+01 3.083E+01
 7.75792E-04  7.399E+00 1.844E+00  6.714E+01 3.098E+01
 7.82653E-04  7.383E+00 1.854E+00  6.684E+01 3.108E+01
 7.89637E-04  7.365E+00 1.863E+00  6.650E+01 3.117E+01
 7.96234E-04  7.346E+00 1.871E+00  6.616E+01 3.123E+01
 8.03463E-04  7.327E+00 1.878E+00  6.581E+01 3.128E+01
 8.10294E-04  7.307E+00 1.883E+00  6.546E+01 3.128E+01
 8.17243E-04  7.288E+00 1.887E+00  6.513E+01 3.128E+01
 8.24311E-04  7.268E+00 1.889E+00  6.479E+01 3.124E+01
 8.31503E-04  7.250E+00 1.891E+00  6.449E+01 3.120E+01
 8.38822E-04  7.231E+00 1.891E+00  6.417E+01 3.113E+01
 8.46270E-04  7.214E+00 1.891E+00  6.389E+01 3.107E+01
 8.53853E-04  7.196E+00 1.891E+00  6.360E+01 3.100E+01
 8.60973E-04  7.180E+00 1.891E+00  6.334E+01 3.094E+01
 8.68822E-04  7.163E+00 1.890E+00  6.306E+01 3.086E+01
 8.76195E-04  7.147E+00 1.889E+00  6.281E+01 3.078E+01
 8.83695E-04  7.130E+00 1.888E+00  6.253E+01 3.070E+01
 8.91324E-04  7.114E+00 1.887E+00  6.228E+01 3.062E+01
 8.99086E-04  7.098E+00 1.885E+00  6.202E+01 3.053E+01
 9.06984E-04  7.082E+00 1.883E+00  6.177E+01 3.044E+01
 9.15022E-04  7.066E+00 1.880E+00  6.153E+01 3.033E+01
 9.23204E-04  7.050E+00 1.877E+00  6.128E+01 3.022E+01
 9.30834E-04  7.035E+00 1.874E+00  6.105E+01 3.012E+01
 9.39302E-04  7.020E+00 1.870E+00  6.082E+01 2.999E+01
 9.47202E-04  7.006E+00 1.865E+00  6.062E+01 2.986E+01
 9.55972E-04  6.992E+00 1.861E+00  6.041E+01 2.975E+01
 9.64156E-04  6.978E+00 1.856E+00  6.020E+01 2.961E+01
 9.72480E-04  6.965E+00 1.851E+00  6.002E+01 2.949E+01
 9.80950E-04  6.953E+00 1.847E+00  5.984E+01 2.938E+01
 9.89569E-04  6.941E+00 1.842E+00  5.967E+01 2.925E+01
 9.98340E-04  6.930E+00 1.837E+00  5.951E+01 2.913E+01
 1.00645E-03  6.918E+00 1.832E+00  5.934E+01 2.901E+01
 1.01552E-03  6.908E+00 1.828E+00  5.919E+01 2.891E+01
 1.02476E-03  6.897E+00 1.824E+00  5.904E+01 2.881E+01
 1.03331E-03  6.887E+00 1.819E+00  5.890E+01 2.869E+01
 1.04288E-03  6.877E+00 1.815E+00  5.875E+01 2.859E+01
 1.05173E-03  6.867E+00 1.811E+00  5.861E+01 2.849E+01
 1.06074E-03  6.857E+00 1.808E+00  5.846E+01 2.841E+01
 1.06990E-03  6.848E+00 1.804E+00  5.834E+01 2.832E+01
 1.07922E-03  6.838E+00 1.800E+00  5.819E+01 2.822E+01
 1.08870E-03  6.829E+00 1.797E+00  5.806E+01 2.814E+01
 1.09835E-03  6.820E+00 1.794E+00  5.793E+01 2.806E+01
 1.10818E-03  6.811E+00 1.790E+00  5.781E+01 2.796E+01
 1.11717E-03  6.802E+00 1.787E+00  5.768E+01 2.788E+01
 1.12733E-03  6.794E+00 1.784E+00  5.756E+01 2.781E+01
 1.13664E-03  6.785E+00 1.782E+00  5.743E+01 2.775E+01
 1.14717E-03  6.777E+00 1.779E+00  5.732E+01 2.767E+01
 1.15681E-03  6.769E+00 1.776E+00  5.720E+01 2.760E+01
 1.16661E-03  6.760E+00 1.774E+00  5.707E+01 2.753E+01
 1.17770E-03  6.752E+00 1.771E+00  5.696E+01 2.746E+01
 1.18786E-03  6.744E+00 1.769E+00  5.684E+01 2.740E+01
 1.19820E-03  6.737E+00 1.766E+00  5.674E+01 2.733E+01
 1.20872E-03  6.729E+00 1.764E+00  5.663E+01 2.727E+01
 1.21943E-03  6.722E+00 1.762E+00  5.652E+01 2.721E+01
 1.22911E-03  6.714E+00 1.760E+00  5.641E+01 2.715E+01
 1.24030E-03  6.707E+00 1.759E+00  5.630E+01 2.711E+01
 1.25120E-03  6.700E+00 1.757E+00  5.620E+01 2.706E+01
 1.26204E-03  6.693E+00 1.756E+00  5.610E+01 2.702E+01
 1.27306E-03  6.687E+00 1.755E+00  5.601E+01 2.698E+01
 1.28427E-03  6.680E+00 1.754E+00  5.591E+01 2.694E+01
 1.29542E-03  6.673E+00 1.754E+00  5.580E+01 2.692E+01
 1.30676E-03  6.667E+00 1.754E+00  5.571E+01 2.690E+01
 1.31816E-03  6.660E+00 1.754E+00  5.560E+01 2.687E+01
 1.32962E-03  6.654E+00 1.754E+00  5.551E+01 2.685E+01
 1.34128E-03  6.647E+00 1.755E+00  5.540E+01 2.684E+01
 1.35300E-03  6.640E+00 1.757E+00  5.528E+01 2.685E+01
 1.36477E-03  6.633E+00 1.758E+00  5.517E+01 2.684E+01
 1.37660E-03  6.625E+00 1.760E+00  5.504E+01 2.684E+01
 1.38863E-03  6.618E+00 1.761E+00  5.493E+01 2.683E+01
 1.40072E-03  6.610E+00 1.763E+00  5.480E+01 2.683E+01
 1.41302E-03  6.602E+00 1.765E+00  5.468E+01 2.684E+01
 1.42538E-03  6.594E+00 1.767E+00  5.455E+01 2.684E+01
 1.43779E-03  6.585E+00 1.770E+00  5.440E+01 2.685E+01
 1.45041E-03  6.577E+00 1.772E+00  5.427E+01 2.685E+01
 1.46308E-03  6.568E+00 1.774E+00  5.413E+01 2.685E+01
 1.47581E-03  6.559E+00 1.776E+00  5.398E+01 2.685E+01
 1.48857E-03  6.550E+00 1.778E+00  5.384E+01 2.685E+01
 1.50156E-03  6.540E+00 1.780E+00  5.368E+01 2.684E+01
 1.51478E-03  6.531E+00 1.783E+00  5.354E+01 2.686E+01
 1.52805E-03  6.521E+00 1.785E+00  5.338E+01 2.685E+01
 1.54135E-03  6.512E+00 1.787E+00  5.324E+01 2.685E+01
 1.55470E-03  6.502E+00 1.789E+00  5.308E+01 2.684E+01
 1.56828E-03  6.492E+00 1.791E+00  5.292E+01 2.684E+01
 1.58210E-03  6.483E+00 1.793E+00  5.278E+01 2.683E+01
 1.59575E-03  6.473E+00 1.795E+00  5.262E+01 2.683E+01
 1.60985E-03  6.463E+00 1.798E+00  5.246E+01 2.684E+01
 1.62377E-03  6.453E+00 1.800E+00  5.231E+01 2.683E+01
 1.63794E-03  6.442E+00 1.802E+00  5.214E+01 2.682E+01
 1.65236E-03  6.432E+00 1.805E+00  5.198E+01 2.683E+01
 1.66659E-03  6.421E+00 1.807E+00  5.181E+01 2.682E+01
 1.68129E-03  6.411E+00 1.810E+00  5.165E+01 2.683E+01
 1.69602E-03  6.400E+00 1.812E+00  5.148E+01 2.682E+01
 1.71077E-03  6.388E+00 1.815E+00  5.129E+01 2.682E+01
 1.72554E-03  6.377E+00 1.817E+00  5.112E+01 2.681E+01
 1.74082E-03  6.365E+00 1.820E+00  5.093E+01 2.681E+01
 1.75587E-03  6.353E+00 1.822E+00  5.075E+01 2.679E+01
 1.77118E-03  6.341E+00 1.824E+00  5.056E+01 2.678E+01
 1.78676E-03  6.328E+00 1.826E+00  5.037E+01 2.676E+01
 1.80236E-03  6.316E+00 1.828E+00  5.018E+01 2.675E+01
 1.81796E-03  6.303E+00 1.829E+00  4.999E+01 2.671E+01
 1.83384E-03  6.289E+00 1.831E+00  4.978E+01 2.669E+01
 1.84999E-03  6.276E+00 1.832E+00  4.958E+01 2.666E+01
 1.86615E-03  6.262E+00 1.832E+00  4.938E+01 2.661E+01
 1.88232E-03  6.249E+00 1.833E+00  4.919E+01 2.657E+01
 1.89876E-03  6.235E+00 1.832E+00  4.899E+01 2.651E+01
 1.91520E-03  6.221E+00 1.832E+00  4.879E+01 2.646E+01
 1.93192E-03  6.208E+00 1.831E+00  4.860E+01 2.640E+01
 1.94894E-03  6.194E+00 1.829E+00  4.841E+01 2.632E+01
 1.96595E-03  6.181E+00 1.827E+00  4.823E+01 2.624E+01
 1.98294E-03  6.168E+00 1.825E+00  4.805E+01 2.616E+01
 2.00023E-03  6.155E+00 1.823E+00  4.787E+01 2.609E+01
 2.01782E-03  6.143E+00 1.820E+00  4.771E+01 2.600E+01
 2.03539E-03  6.131E+00 1.817E+00  4.755E+01 2.591E+01
 2.05326E-03  6.119E+00 1.814E+00  4.739E+01 2.583E+01
 2.07111E-03  6.108E+00 1.810E+00  4.725E+01 2.573E+01
 2.08927E-03  6.097E+00 1.807E+00  4.710E+01 2.565E+01
 2.10740E-03  6.087E+00 1.804E+00  4.697E+01 2.557E+01
 2.12584E-03  6.077E+00 1.800E+00  4.684E+01 2.548E+01
 2.14424E-03  6.067E+00 1.797E+00  4.671E+01 2.540E+01
 2.16295E-03  6.058E+00 1.794E+00  4.660E+01 2.532E+01
 2.18200E-03  6.049E+00 1.791E+00  4.648E+01 2.525E+01
 2.20099E-03  6.040E+00 1.788E+00  4.636E+01 2.518E+01
 2.22032E-03  6.032E+00 1.786E+00  4.626E+01 2.512E+01
 2.23959E-03  6.024E+00 1.783E+00  4.616E+01 2.505E+01
 2.25919E-03  6.016E+00 1.781E+00  4.605E+01 2.499E+01
 2.27872E-03  6.009E+00 1.780E+00  4.596E+01 2.495E+01
 2.29859E-03  6.001E+00 1.779E+00  4.585E+01 2.491E+01
 2.31881E-03  5.994E+00 1.778E+00  4.575E+01 2.487E+01
 2.33895E-03  5.986E+00 1.777E+00  4.565E+01 2.483E+01
 2.35944E-03  5.979E+00 1.777E+00  4.555E+01 2.480E+01
 2.37983E-03  5.971E+00 1.778E+00  4.543E+01 2.479E+01
 2.40105E-03  5.964E+00 1.778E+00  4.534E+01 2.476E+01
 2.42170E-03  5.956E+00 1.779E+00  4.522E+01 2.475E+01
 2.44270E-03  5.948E+00 1.780E+00  4.511E+01 2.473E+01
 2.46408E-03  5.940E+00 1.781E+00  4.499E+01 2.472E+01
 2.48583E-03  5.932E+00 1.783E+00  4.487E+01 2.472E+01
 2.50747E-03  5.924E+00 1.785E+00  4.476E+01 2.472E+01
 2.52948E-03  5.915E+00 1.787E+00  4.462E+01 2.471E+01
 2.55136E-03  5.906E+00 1.789E+00  4.449E+01 2.471E+01
 2.57362E-03  5.897E+00 1.791E+00  4.436E+01 2.471E+01
 2.59627E-03  5.888E+00 1.794E+00  4.423E+01 2.471E+01
 2.61877E-03  5.878E+00 1.797E+00  4.408E+01 2.472E+01
 2.64166E-03  5.868E+00 1.800E+00  4.393E+01 2.472E+01
 2.66496E-03  5.858E+00 1.803E+00  4.378E+01 2.473E+01
 2.68809E-03  5.847E+00 1.806E+00  4.362E+01 2.473E+01
 2.71162E-03  5.836E+00 1.809E+00  4.346E+01 2.473E+01
 2.73497E-03  5.824E+00 1.812E+00  4.328E+01 2.473E+01
 2.75872E-03  5.811E+00 1.815E+00  4.310E+01 2.472E+01
 2.78288E-03  5.798E+00 1.818E+00  4.291E+01 2.472E+01
 2.80748E-03  5.783E+00 1.820E+00  4.270E+01 2.469E+01
 2.83186E-03  5.769E+00 1.820E+00  4.251E+01 2.464E+01
 2.85668E-03  5.756E+00 1.819E+00  4.233E+01 2.458E+01
 2.88126E-03  5.744E+00 1.818E+00  4.218E+01 2.452E+01
 2.90626E-03  5.732E+00 1.819E+00  4.201E+01 2.449E+01
 2.93171E-03  5.718E+00 1.820E+00  4.182E+01 2.445E+01
 2.95760E-03  5.704E+00 1.819E+00  4.163E+01 2.439E+01
 2.98324E-03  5.690E+00 1.817E+00  4.145E+01 2.431E+01
 3.00933E-03  5.678E+00 1.814E+00  4.131E+01 2.423E+01
 3.03587E-03  5.667E+00 1.813E+00  4.116E+01 2.417E+01
 3.06214E-03  5.654E+00 1.814E+00  4.099E+01 2.414E+01
 3.08886E-03  5.639E+00 1.812E+00  4.079E+01 2.406E+01
 3.11605E-03  5.624E+00 1.807E+00  4.061E+01 2.394E+01
 3.14292E-03  5.613E+00 1.798E+00  4.050E+01 2.378E+01
 3.17027E-03  5.607E+00 1.791E+00  4.044E+01 2.367E+01
 3.19809E-03  5.603E+00 1.789E+00  4.040E+01 2.363E+01
 3.22641E-03  5.597E+00 1.791E+00  4.031E+01 2.363E+01
 3.25437E-03  5.589E+00 1.794E+00  4.020E+01 2.364E+01
 3.28283E-03  5.578E+00 1.796E+00  4.004E+01 2.363E+01
 3.31090E-03  5.566E+00 1.797E+00  3.988E+01 2.360E+01
 3.34036E-03  5.554E+00 1.796E+00  3.973E+01 2.354E+01
 3.36943E-03  5.542E+00 1.793E+00  3.958E+01 2.346E+01
 3.39901E-03  5.533E+00 1.790E+00  3.948E+01 2.339E+01
 3.42817E-03  5.526E+00 1.789E+00  3.939E+01 2.335E+01
 3.45783E-03  5.519E+00 1.789E+00  3.930E+01 2.332E+01
 3.48801E-03  5.511E+00 1.793E+00  3.918E+01 2.335E+01
 3.51872E-03  5.500E+00 1.796E+00  3.902E+01 2.335E+01
 3.54997E-03  5.488E+00 1.799E+00  3.886E+01 2.334E+01
 3.58075E-03  5.475E+00 1.800E+00  3.869E+01 2.331E+01
 3.61207E-03  5.463E+00 1.800E+00  3.853E+01 2.327E+01
 3.64287E-03  5.452E+00 1.800E+00  3.839E+01 2.323E+01
 3.67529E-03  5.440E+00 1.801E+00  3.823E+01 2.320E+01
 3.70718E-03  5.428E+00 1.802E+00  3.807E+01 2.317E+01
 3.73963E-03  5.415E+00 1.802E+00  3.791E+01 2.312E+01
 3.77266E-03  5.402E+00 1.802E+00  3.774E+01 2.307E+01
 3.80510E-03  5.389E+00 1.801E+00  3.758E+01 2.301E+01
 3.83810E-03  5.376E+00 1.799E+00  3.742E+01 2.294E+01
 3.87169E-03  5.365E+00 1.797E+00  3.728E+01 2.288E+01
 3.90586E-03  5.354E+00 1.795E+00  3.715E+01 2.281E+01
 3.93940E-03  5.343E+00 1.794E+00  3.702E+01 2.276E+01
 3.97478E-03  5.332E+00 1.793E+00  3.688E+01 2.271E+01
 4.00822E-03  5.322E+00 1.792E+00  3.676E+01 2.266E+01
 4.04354E-03  5.310E+00 1.792E+00  3.660E+01 2.262E+01
 4.07949E-03  5.299E+00 1.793E+00  3.646E+01 2.259E+01
 4.11471E-03  5.287E+00 1.793E+00  3.631E+01 2.255E+01
 4.15055E-03  5.274E+00 1.792E+00  3.615E+01 2.249E+01
 4.18702E-03  5.261E+00 1.791E+00  3.599E+01 2.243E+01
 4.22270E-03  5.249E+00 1.790E+00  3.585E+01 2.237E+01
 4.26045E-03  5.236E+00 1.788E+00  3.569E+01 2.230E+01
 4.29740E-03  5.224E+00 1.787E+00  3.554E+01 2.224E+01
 4.33499E-03  5.211E+00 1.786E+00  3.539E+01 2.219E+01
 4.37324E-03  5.197E+00 1.784E+00  3.522E+01 2.211E+01
 4.41061E-03  5.183E+00 1.781E+00  3.506E+01 2.202E+01
 4.45022E-03  5.169E+00 1.776E+00  3.490E+01 2.191E+01
 4.48891E-03  5.157E+00 1.770E+00  3.478E+01 2.180E+01
 4.52829E-03  5.147E+00 1.764E+00  3.467E+01 2.169E+01
 4.56668E-03  5.138E+00 1.759E+00  3.458E+01 2.159E+01
 4.60744E-03  5.131E+00 1.754E+00  3.451E+01 2.151E+01
 4.64719E-03  5.124E+00 1.752E+00  3.443E+01 2.146E+01
 4.68763E-03  5.117E+00 1.751E+00  3.435E+01 2.142E+01
 4.72878E-03  5.109E+00 1.751E+00  3.425E+01 2.139E+01
 4.77066E-03  5.100E+00 1.751E+00  3.414E+01 2.136E+01
 4.81142E-03  5.091E+00 1.752E+00  3.403E+01 2.134E+01
 4.85288E-03  5.081E+00 1.752E+00  3.391E+01 2.131E+01
 4.89506E-03  5.070E+00 1.753E+00  3.377E+01 2.128E+01
 4.93798E-03  5.059E+00 1.753E+00  3.364E+01 2.124E+01
 4.98166E-03  5.048E+00 1.754E+00  3.350E+01 2.122E+01
 5.02409E-03  5.036E+00 1.754E+00  3.336E+01 2.117E+01
 5.06931E-03  5.024E+00 1.754E+00  3.321E+01 2.113E+01
 5.11325E-03  5.011E+00 1.754E+00  3.306E+01 2.109E+01
 5.15795E-03  4.998E+00 1.753E+00  3.290E+01 2.103E+01
 5.20344E-03  4.985E+00 1.753E+00  3.275E+01 2.098E+01
 5.24752E-03  4.971E+00 1.751E+00  3.259E+01 2.091E+01
 5.29462E-03  4.957E+00 1.750E+00  3.242E+01 2.085E+01
 5.34026E-03  4.943E+00 1.747E+00  3.227E+01 2.076E+01
 5.38670E-03  4.928E+00 1.743E+00  3.210E+01 2.067E+01
 5.43395E-03  4.914E+00 1.737E+00  3.196E+01 2.055E+01
 5.48204E-03  4.902E+00 1.731E+00  3.184E+01 2.043E+01
 5.52851E-03  4.891E+00 1.725E+00  3.173E+01 2.032E+01
 5.57830E-03  4.881E+00 1.718E+00  3.163E+01 2.021E+01
 5.62643E-03  4.873E+00 1.713E+00  3.156E+01 2.012E+01
 5.67540E-03  4.865E+00 1.708E+00  3.148E+01 2.003E+01
 5.72523E-03  4.857E+00 1.705E+00  3.140E+01 1.997E+01
 5.77594E-03  4.849E+00 1.703E+00  3.131E+01 1.992E+01
 5.82482E-03  4.841E+00 1.702E+00  3.122E+01 1.988E+01
 5.87454E-03  4.832E+00 1.700E+00  3.112E+01 1.983E+01
 5.92794E-03  4.822E+00 1.700E+00  3.101E+01 1.979E+01
 5.97944E-03  4.812E+00 1.699E+00  3.089E+01 1.975E+01
 6.03184E-03  4.801E+00 1.698E+00  3.077E+01 1.970E+01
 6.08517E-03  4.790E+00 1.697E+00  3.064E+01 1.965E+01
 6.13640E-03  4.778E+00 1.695E+00  3.051E+01 1.959E+01
 6.19160E-03  4.766E+00 1.694E+00  3.038E+01 1.954E+01
 6.24466E-03  4.754E+00 1.692E+00  3.025E+01 1.947E+01
 6.29863E-03  4.741E+00 1.689E+00  3.011E+01 1.939E+01
 6.35354E-03  4.729E+00 1.686E+00  2.998E+01 1.932E+01
 6.40942E-03  4.716E+00 1.682E+00  2.984E+01 1.923E+01
 6.46628E-03  4.703E+00 1.678E+00  2.971E+01 1.914E+01
 6.52074E-03  4.691E+00 1.673E+00  2.959E+01 1.904E+01
 6.57961E-03  4.679E+00 1.668E+00  2.947E+01 1.895E+01
 6.63599E-03  4.667E+00 1.661E+00  2.936E+01 1.883E+01
 6.69335E-03  4.656E+00 1.655E+00  2.925E+01 1.872E+01
 6.75172E-03  4.646E+00 1.648E+00  2.916E+01 1.861E+01
 6.81111E-03  4.636E+00 1.640E+00  2.907E+01 1.849E+01
 6.87155E-03  4.628E+00 1.633E+00  2.901E+01 1.838E+01
 6.92919E-03  4.620E+00 1.626E+00  2.894E+01 1.828E+01
 6.99176E-03  4.614E+00 1.619E+00  2.890E+01 1.818E+01
 7.05145E-03  4.608E+00 1.612E+00  2.885E+01 1.808E+01
 7.11217E-03  4.604E+00 1.607E+00  2.882E+01 1.801E+01
 7.17394E-03  4.600E+00 1.603E+00  2.879E+01 1.795E+01
 7.23680E-03  4.596E+00 1.600E+00  2.876E+01 1.791E+01
 7.30077E-03  4.593E+00 1.600E+00  2.872E+01 1.790E+01
 7.36587E-03  4.588E+00 1.601E+00  2.866E+01 1.789E+01
 7.42770E-03  4.581E+00 1.603E+00  2.858E+01 1.789E+01
 7.49510E-03  4.573E+00 1.606E+00  2.848E+01 1.790E+01
 7.55912E-03  4.562E+00 1.609E+00  2.835E+01 1.790E+01
 7.62425E-03  4.550E+00 1.610E+00  2.821E+01 1.787E+01
 7.69050E-03  4.536E+00 1.610E+00  2.806E+01 1.783E+01
 7.75792E-03  4.521E+00 1.608E+00  2.790E+01 1.776E+01
 7.82653E-03  4.506E+00 1.603E+00  2.775E+01 1.765E+01
 7.89637E-03  4.493E+00 1.595E+00  2.763E+01 1.752E+01
 7.96234E-03  4.482E+00 1.587E+00  2.753E+01 1.740E+01
 8.03463E-03  4.473E+00 1.578E+00  2.746E+01 1.727E+01
 8.10294E-03  4.466E+00 1.569E+00  2.742E+01 1.715E+01
 8.17243E-03  4.461E+00 1.562E+00  2.738E+01 1.706E+01
 8.24860E-03  4.457E+00 1.555E+00  2.736E+01 1.697E+01
 8.32062E-03  4.454E+00 1.551E+00  2.734E+01 1.692E+01
 8.38822E-03  4.450E+00 1.549E+00  2.730E+01 1.688E+01
 8.46271E-03  4.446E+00 1.548E+00  2.726E+01 1.686E+01
 8.53852E-03  4.440E+00 1.548E+00  2.720E+01 1.684E+01
 8.60973E-03  4.433E+00 1.548E+00  2.712E+01 1.682E+01
 8.68822E-03  4.425E+00 1.547E+00  2.704E+01 1.678E+01
 8.76195E-03  4.417E+00 1.546E+00  2.695E+01 1.675E+01
 8.83695E-03  4.409E+00 1.543E+00  2.688E+01 1.669E+01
 8.91965E-03  4.403E+00 1.540E+00  2.682E+01 1.664E+01
 8.99739E-03  4.396E+00 1.540E+00  2.675E+01 1.662E+01
 9.07648E-03  4.388E+00 1.539E+00  2.666E+01 1.658E+01
 9.15022E-03  4.380E+00 1.538E+00  2.658E+01 1.655E+01
 9.23204E-03  4.371E+00 1.537E+00  2.649E+01 1.651E+01
 9.31534E-03  4.362E+00 1.533E+00  2.640E+01 1.644E+01
 9.39303E-03  4.355E+00 1.529E+00  2.634E+01 1.638E+01
 9.47927E-03  4.351E+00 1.526E+00  2.630E+01 1.633E+01
 9.55972E-03  4.345E+00 1.529E+00  2.623E+01 1.635E+01
 9.64156E-03  4.335E+00 1.531E+00  2.612E+01 1.634E+01
 9.72480E-03  4.323E+00 1.529E+00  2.600E+01 1.628E+01
 9.80950E-03  4.312E+00 1.525E+00  2.589E+01 1.620E+01
 9.89569E-03  4.304E+00 1.520E+00  2.582E+01 1.612E+01
 9.98340E-03  4.299E+00 1.515E+00  2.578E+01 1.606E+01
 1.00727E-02  4.295E+00 1.514E+00  2.574E+01 1.603E+01
 1.01552E-02  4.287E+00 1.517E+00  2.565E+01 1.604E+01
 1.02476E-02  4.277E+00 1.515E+00  2.555E+01 1.599E+01
 1.03331E-02  4.267E+00 1.513E+00  2.545E+01 1.594E+01
 1.04288E-02  4.259E+00 1.508E+00  2.538E+01 1.586E+01
 1.05173E-02  4.249E+00 1.508E+00  2.528E+01 1.583E+01
 1.06074E-02  4.246E+00 1.495E+00  2.529E+01 1.569E+01
 1.06990E-02  4.245E+00 1.499E+00  2.526E+01 1.572E+01
 1.07922E-02  4.238E+00 1.499E+00  2.519E+01 1.570E+01
 1.08870E-02  4.232E+00 1.500E+00  2.512E+01 1.570E+01
 1.09835E-02  4.224E+00 1.501E+00  2.504E+01 1.568E+01
 1.10818E-02  4.216E+00 1.501E+00  2.495E+01 1.566E+01
 1.11818E-02  4.208E+00 1.501E+00  2.487E+01 1.563E+01
 1.12733E-02  4.200E+00 1.501E+00  2.479E+01 1.561E+01
 1.13769E-02  4.193E+00 1.500E+00  2.472E+01 1.558E+01
 1.14717E-02  4.185E+00 1.500E+00  2.463E+01 1.556E+01
 1.15681E-02  4.178E+00 1.499E+00  2.456E+01 1.552E+01
 1.16771E-02  4.175E+00 1.497E+00  2.454E+01 1.549E+01
 1.17770E-02  4.167E+00 1.508E+00  2.442E+01 1.558E+01
 1.18786E-02  4.153E+00 1.509E+00  2.428E+01 1.555E+01
 1.19820E-02  4.145E+00 1.504E+00  2.421E+01 1.548E+01
 1.20872E-02  4.138E+00 1.511E+00  2.412E+01 1.553E+01
 1.21943E-02  4.125E+00 1.515E+00  2.397E+01 1.553E+01
 1.23033E-02  4.114E+00 1.514E+00  2.386E+01 1.549E+01
 1.24055E-02  4.098E+00 1.522E+00  2.367E+01 1.552E+01
 1.25145E-02  4.080E+00 1.517E+00  2.351E+01 1.541E+01
 1.26229E-02  4.063E+00 1.514E+00  2.334E+01 1.533E+01
 1.27332E-02  4.050E+00 1.500E+00  2.325E+01 1.515E+01
 1.28441E-02  4.048E+00 1.491E+00  2.326E+01 1.505E+01
 1.29569E-02  4.044E+00 1.495E+00  2.321E+01 1.508E+01
 1.30704E-02  4.031E+00 1.499E+00  2.306E+01 1.508E+01
 1.31844E-02  4.018E+00 1.493E+00  2.295E+01 1.498E+01
 1.32991E-02  4.011E+00 1.488E+00  2.290E+01 1.491E+01
 1.34157E-02  4.001E+00 1.493E+00  2.278E+01 1.493E+01
 1.35329E-02  3.985E+00 1.493E+00  2.262E+01 1.489E+01
 1.36507E-02  3.971E+00 1.486E+00  2.250E+01 1.477E+01
 1.37691E-02  3.960E+00 1.481E+00  2.241E+01 1.469E+01
 1.38895E-02  3.946E+00 1.477E+00  2.228E+01 1.461E+01
 1.40104E-02  3.936E+00 1.462E+00  2.223E+01 1.443E+01
 1.41335E-02  3.934E+00 1.457E+00  2.222E+01 1.438E+01
 1.42571E-02  3.926E+00 1.461E+00  2.213E+01 1.439E+01
 1.43812E-02  3.913E+00 1.455E+00  2.202E+01 1.430E+01
 1.45058E-02  3.903E+00 1.448E+00  2.194E+01 1.420E+01
 1.46326E-02  3.894E+00 1.443E+00  2.187E+01 1.412E+01
 1.47616E-02  3.886E+00 1.437E+00  2.181E+01 1.404E+01
 1.48893E-02  3.877E+00 1.431E+00  2.174E+01 1.396E+01
 1.50193E-02  3.870E+00 1.426E+00  2.168E+01 1.389E+01
 1.51515E-02  3.862E+00 1.420E+00  2.162E+01 1.381E+01
 1.52823E-02  3.855E+00 1.414E+00  2.157E+01 1.373E+01
 1.54155E-02  3.849E+00 1.408E+00  2.153E+01 1.365E+01
 1.55509E-02  3.844E+00 1.401E+00  2.150E+01 1.357E+01
 1.56868E-02  3.841E+00 1.396E+00  2.149E+01 1.352E+01
 1.58230E-02  3.836E+00 1.397E+00  2.144E+01 1.351E+01
 1.59616E-02  3.828E+00 1.394E+00  2.137E+01 1.346E+01
 1.61006E-02  3.823E+00 1.387E+00  2.134E+01 1.338E+01
 1.62420E-02  3.817E+00 1.388E+00  2.128E+01 1.337E+01
 1.63838E-02  3.808E+00 1.384E+00  2.120E+01 1.331E+01
 1.65258E-02  3.803E+00 1.377E+00  2.117E+01 1.323E+01
 1.66703E-02  3.798E+00 1.377E+00  2.112E+01 1.321E+01
 1.68151E-02  3.790E+00 1.373E+00  2.106E+01 1.315E+01
 1.69625E-02  3.785E+00 1.366E+00  2.103E+01 1.307E+01
 1.71101E-02  3.783E+00 1.364E+00  2.102E+01 1.305E+01
 1.72602E-02  3.778E+00 1.364E+00  2.097E+01 1.303E+01
 1.74106E-02  3.772E+00 1.362E+00  2.092E+01 1.300E+01
 1.75637E-02  3.766E+00 1.360E+00  2.087E+01 1.296E+01
 1.77169E-02  3.760E+00 1.359E+00  2.081E+01 1.294E+01
 1.78702E-02  3.754E+00 1.357E+00  2.076E+01 1.290E+01
 1.80262E-02  3.748E+00 1.354E+00  2.071E+01 1.286E+01
 1.81849E-02  3.745E+00 1.352E+00  2.069E+01 1.283E+01
 1.83411E-02  3.740E+00 1.354E+00  2.063E+01 1.284E+01
 1.85027E-02  3.731E+00 1.356E+00  2.054E+01 1.283E+01
 1.86644E-02  3.723E+00 1.352E+00  2.048E+01 1.277E+01
 1.88260E-02  3.718E+00 1.350E+00  2.044E+01 1.274E+01
 1.89905E-02  3.711E+00 1.352E+00  2.037E+01 1.274E+01
 1.91579E-02  3.701E+00 1.351E+00  2.027E+01 1.270E+01
 1.93252E-02  3.692E+00 1.347E+00  2.020E+01 1.264E+01
 1.94924E-02  3.686E+00 1.342E+00  2.016E+01 1.258E+01
 1.96626E-02  3.681E+00 1.339E+00  2.012E+01 1.254E+01
 1.98357E-02  3.677E+00 1.339E+00  2.008E+01 1.253E+01
 2.00087E-02  3.670E+00 1.340E+00  2.001E+01 1.252E+01
 2.01815E-02  3.663E+00 1.339E+00  1.995E+01 1.249E+01
 2.03572E-02  3.655E+00 1.339E+00  1.988E+01 1.247E+01
 2.05361E-02  3.646E+00 1.339E+00  1.979E+01 1.244E+01
 2.07146E-02  3.636E+00 1.336E+00  1.971E+01 1.239E+01
 2.08963E-02  3.629E+00 1.330E+00  1.966E+01 1.231E+01
 2.10776E-02  3.624E+00 1.327E+00  1.962E+01 1.227E+01
 2.12621E-02  3.619E+00 1.326E+00  1.958E+01 1.225E+01
 2.14498E-02  3.612E+00 1.325E+00  1.951E+01 1.222E+01
 2.16333E-02  3.605E+00 1.323E+00  1.946E+01 1.218E+01
 2.18238E-02  3.598E+00 1.321E+00  1.940E+01 1.215E+01
 2.20139E-02  3.593E+00 1.319E+00  1.936E+01 1.212E+01
 2.22072E-02  3.588E+00 1.318E+00  1.931E+01 1.209E+01
 2.23999E-02  3.580E+00 1.320E+00  1.923E+01 1.209E+01
 2.25960E-02  3.571E+00 1.319E+00  1.915E+01 1.206E+01
 2.27914E-02  3.562E+00 1.317E+00  1.908E+01 1.202E+01
 2.29902E-02  3.554E+00 1.313E+00  1.901E+01 1.196E+01
 2.31924E-02  3.549E+00 1.309E+00  1.898E+01 1.191E+01
 2.33939E-02  3.544E+00 1.307E+00  1.894E+01 1.188E+01
 2.35989E-02  3.537E+00 1.307E+00  1.888E+01 1.186E+01
 2.38075E-02  3.529E+00 1.306E+00  1.881E+01 1.183E+01
 2.40151E-02  3.521E+00 1.303E+00  1.874E+01 1.178E+01
 2.42217E-02  3.515E+00 1.299E+00  1.870E+01 1.173E+01
 2.44319E-02  3.511E+00 1.296E+00  1.867E+01 1.169E+01
 2.46457E-02  3.505E+00 1.296E+00  1.862E+01 1.168E+01
 2.48633E-02  3.499E+00 1.294E+00  1.857E+01 1.164E+01
 2.50798E-02  3.494E+00 1.293E+00  1.852E+01 1.162E+01
 2.53000E-02  3.489E+00 1.292E+00  1.848E+01 1.160E+01
 2.55188E-02  3.483E+00 1.292E+00  1.843E+01 1.158E+01
 2.57415E-02  3.476E+00 1.293E+00  1.836E+01 1.157E+01
 2.59681E-02  3.468E+00 1.291E+00  1.830E+01 1.154E+01
 2.61932E-02  3.462E+00 1.288E+00  1.825E+01 1.149E+01
 2.64223E-02  3.459E+00 1.287E+00  1.823E+01 1.148E+01
 2.66496E-02  3.454E+00 1.288E+00  1.818E+01 1.147E+01
 2.68867E-02  3.448E+00 1.291E+00  1.812E+01 1.148E+01
 2.71222E-02  3.440E+00 1.292E+00  1.804E+01 1.147E+01
 2.73557E-02  3.433E+00 1.293E+00  1.798E+01 1.146E+01
 2.75933E-02  3.425E+00 1.294E+00  1.791E+01 1.145E+01
 2.78351E-02  3.416E+00 1.297E+00  1.782E+01 1.146E+01
 2.80811E-02  3.405E+00 1.299E+00  1.772E+01 1.144E+01
 2.83251E-02  3.393E+00 1.298E+00  1.761E+01 1.140E+01
 2.85733E-02  3.382E+00 1.295E+00  1.752E+01 1.135E+01
 2.88193E-02  3.372E+00 1.292E+00  1.745E+01 1.130E+01
 2.90695E-02  3.362E+00 1.290E+00  1.736E+01 1.125E+01
 2.93240E-02  3.351E+00 1.287E+00  1.727E+01 1.120E+01
 2.95831E-02  3.339E+00 1.282E+00  1.718E+01 1.113E+01
 2.98396E-02  3.330E+00 1.273E+00  1.713E+01 1.102E+01
 3.01006E-02  3.325E+00 1.264E+00  1.711E+01 1.093E+01
 3.03662E-02  3.322E+00 1.257E+00  1.710E+01 1.087E+01
 3.06289E-02  3.321E+00 1.253E+00  1.710E+01 1.083E+01
 3.08963E-02  3.320E+00 1.252E+00  1.709E+01 1.082E+01
 3.11683E-02  3.316E+00 1.254E+00  1.706E+01 1.082E+01
 3.14372E-02  3.310E+00 1.256E+00  1.700E+01 1.083E+01
 3.17108E-02  3.301E+00 1.257E+00  1.692E+01 1.081E+01
 3.19892E-02  3.292E+00 1.254E+00  1.685E+01 1.076E+01
 3.22641E-02  3.285E+00 1.249E+00  1.680E+01 1.070E+01
 3.25523E-02  3.280E+00 1.245E+00  1.677E+01 1.066E+01
 3.28370E-02  3.277E+00 1.242E+00  1.675E+01 1.062E+01
 3.31179E-02  3.273E+00 1.241E+00  1.672E+01 1.061E+01
 3.34126E-02  3.269E+00 1.241E+00  1.668E+01 1.060E+01
 3.37035E-02  3.264E+00 1.240E+00  1.664E+01 1.057E+01
 3.39901E-02  3.259E+00 1.240E+00  1.660E+01 1.056E+01
 3.42912E-02  3.255E+00 1.239E+00  1.657E+01 1.054E+01
 3.45879E-02  3.250E+00 1.240E+00  1.652E+01 1.054E+01
 3.48899E-02  3.245E+00 1.242E+00  1.648E+01 1.054E+01
 3.51972E-02  3.239E+00 1.244E+00  1.642E+01 1.055E+01
 3.54997E-02  3.232E+00 1.245E+00  1.636E+01 1.054E+01
 3.58179E-02  3.226E+00 1.246E+00  1.631E+01 1.053E+01
 3.61312E-02  3.219E+00 1.246E+00  1.625E+01 1.051E+01
 3.64394E-02  3.213E+00 1.247E+00  1.619E+01 1.051E+01
 3.67638E-02  3.207E+00 1.248E+00  1.614E+01 1.050E+01
 3.70829E-02  3.201E+00 1.250E+00  1.609E+01 1.050E+01
 3.74076E-02  3.195E+00 1.253E+00  1.603E+01 1.051E+01
 3.77266E-02  3.187E+00 1.257E+00  1.595E+01 1.053E+01
 3.80627E-02  3.178E+00 1.262E+00  1.586E+01 1.055E+01
 3.83929E-02  3.165E+00 1.266E+00  1.574E+01 1.055E+01
 3.87290E-02  3.152E+00 1.269E+00  1.563E+01 1.054E+01
 3.90710E-02  3.138E+00 1.268E+00  1.552E+01 1.049E+01
 3.94065E-02  3.125E+00 1.265E+00  1.542E+01 1.044E+01
 3.97478E-02  3.113E+00 1.262E+00  1.532E+01 1.038E+01
 4.00951E-02  3.103E+00 1.258E+00  1.525E+01 1.032E+01
 4.04486E-02  3.093E+00 1.256E+00  1.518E+01 1.028E+01
 4.07949E-02  3.082E+00 1.253E+00  1.509E+01 1.023E+01
 4.11608E-02  3.072E+00 1.250E+00  1.502E+01 1.018E+01
 4.15194E-02  3.061E+00 1.246E+00  1.494E+01 1.012E+01
 4.18702E-02  3.051E+00 1.241E+00  1.487E+01 1.005E+01
 4.22414E-02  3.042E+00 1.236E+00  1.481E+01 9.992E+00
 4.26045E-02  3.034E+00 1.231E+00  1.476E+01 9.932E+00
 4.29889E-02  3.026E+00 1.226E+00  1.471E+01 9.872E+00
 4.33651E-02  3.019E+00 1.222E+00  1.466E+01 9.822E+00
 4.37324E-02  3.012E+00 1.218E+00  1.461E+01 9.773E+00
 4.41218E-02  3.005E+00 1.213E+00  1.457E+01 9.716E+00
 4.45022E-02  2.998E+00 1.209E+00  1.452E+01 9.667E+00
 4.48891E-02  2.991E+00 1.205E+00  1.448E+01 9.618E+00
 4.52829E-02  2.985E+00 1.201E+00  1.444E+01 9.572E+00
 4.56836E-02  2.980E+00 1.198E+00  1.441E+01 9.536E+00
 4.60744E-02  2.974E+00 1.195E+00  1.436E+01 9.498E+00
 4.64719E-02  2.968E+00 1.193E+00  1.432E+01 9.468E+00
 4.68940E-02  2.962E+00 1.191E+00  1.428E+01 9.437E+00
 4.72878E-02  2.955E+00 1.189E+00  1.423E+01 9.405E+00
 4.77066E-02  2.947E+00 1.187E+00  1.417E+01 9.370E+00
 4.81329E-02  2.940E+00 1.184E+00  1.412E+01 9.330E+00
 4.85478E-02  2.933E+00 1.180E+00  1.408E+01 9.282E+00
 4.89700E-02  2.926E+00 1.177E+00  1.403E+01 9.242E+00
 4.93995E-02  2.919E+00 1.173E+00  1.398E+01 9.194E+00
 4.98166E-02  2.913E+00 1.169E+00  1.395E+01 9.149E+00
 5.02613E-02  2.907E+00 1.166E+00  1.391E+01 9.111E+00
 5.06931E-02  2.902E+00 1.163E+00  1.387E+01 9.076E+00
 5.11325E-02  2.897E+00 1.160E+00  1.384E+01 9.041E+00
 5.15795E-02  2.892E+00 1.157E+00  1.381E+01 9.006E+00
 5.20344E-02  2.887E+00 1.155E+00  1.377E+01 8.979E+00
 5.24975E-02  2.882E+00 1.153E+00  1.374E+01 8.952E+00
 5.29462E-02  2.877E+00 1.151E+00  1.371E+01 8.925E+00
 5.34026E-02  2.871E+00 1.150E+00  1.366E+01 8.903E+00
 5.38904E-02  2.865E+00 1.150E+00  1.362E+01 8.889E+00
 5.43395E-02  2.859E+00 1.149E+00  1.357E+01 8.868E+00
 5.48204E-02  2.852E+00 1.149E+00  1.352E+01 8.852E+00
 5.53098E-02  2.844E+00 1.148E+00  1.346E+01 8.826E+00
 5.57830E-02  2.836E+00 1.147E+00  1.340E+01 8.800E+00
 5.62643E-02  2.828E+00 1.145E+00  1.334E+01 8.766E+00
 5.67540E-02  2.820E+00 1.142E+00  1.329E+01 8.725E+00
 5.72523E-02  2.812E+00 1.138E+00  1.324E+01 8.676E+00
 5.77594E-02  2.806E+00 1.134E+00  1.320E+01 8.632E+00
 5.82756E-02  2.801E+00 1.132E+00  1.317E+01 8.605E+00
 5.87732E-02  2.796E+00 1.131E+00  1.313E+01 8.587E+00
 5.92794E-02  2.790E+00 1.132E+00  1.308E+01 8.581E+00
 5.97944E-02  2.781E+00 1.134E+00  1.301E+01 8.575E+00
 6.03184E-02  2.769E+00 1.135E+00  1.292E+01 8.556E+00
 6.08517E-02  2.754E+00 1.132E+00  1.281E+01 8.499E+00
 6.13944E-02  2.739E+00 1.123E+00  1.272E+01 8.398E+00
 6.19160E-02  2.731E+00 1.108E+00  1.269E+01 8.268E+00
 6.24466E-02  2.731E+00 1.095E+00  1.272E+01 8.171E+00
 6.29863E-02  2.730E+00 1.095E+00  1.271E+01 8.169E+00
 6.35354E-02  2.726E+00 1.089E+00  1.270E+01 8.115E+00
 6.40942E-02  2.722E+00 1.087E+00  1.267E+01 8.092E+00
 6.46628E-02  2.718E+00 1.081E+00  1.265E+01 8.038E+00
 6.52417E-02  2.714E+00 1.080E+00  1.263E+01 8.022E+00
 6.57961E-02  2.710E+00 1.074E+00  1.261E+01 7.969E+00
 6.63599E-02  2.705E+00 1.073E+00  1.258E+01 7.951E+00
 6.69697E-02  2.702E+00 1.067E+00  1.257E+01 7.900E+00
 6.75540E-02  2.700E+00 1.065E+00  1.256E+01 7.881E+00
 6.81110E-02  2.698E+00 1.063E+00  1.255E+01 7.862E+00
 6.87155E-02  2.692E+00 1.067E+00  1.249E+01 7.879E+00
 6.93307E-02  2.685E+00 1.062E+00  1.245E+01 7.827E+00
 6.99176E-02  2.681E+00 1.057E+00  1.243E+01 7.782E+00
 7.05547E-02  2.679E+00 1.056E+00  1.242E+01 7.770E+00
 7.11626E-02  2.675E+00 1.057E+00  1.239E+01 7.769E+00
 7.17810E-02  2.666E+00 1.058E+00  1.232E+01 7.757E+00
 7.24103E-02  2.659E+00 1.051E+00  1.228E+01 7.691E+00
 7.30507E-02  2.655E+00 1.049E+00  1.226E+01 7.668E+00
 7.36587E-02  2.651E+00 1.044E+00  1.224E+01 7.623E+00
 7.43215E-02  2.648E+00 1.042E+00  1.222E+01 7.602E+00
 7.49510E-02  2.644E+00 1.039E+00  1.220E+01 7.572E+00
 7.56374E-02  2.642E+00 1.036E+00  1.219E+01 7.546E+00
 7.62894E-02  2.638E+00 1.038E+00  1.216E+01 7.552E+00
 7.69528E-02  2.633E+00 1.034E+00  1.213E+01 7.513E+00
 7.76278E-02  2.632E+00 1.033E+00  1.212E+01 7.504E+00
 7.82653E-02  2.627E+00 1.036E+00  1.208E+01 7.515E+00
 7.89637E-02  2.623E+00 1.032E+00  1.206E+01 7.478E+00
 7.96746E-02  2.618E+00 1.035E+00  1.202E+01 7.489E+00
 8.03463E-02  2.611E+00 1.034E+00  1.197E+01 7.468E+00
 8.10825E-02  2.607E+00 1.029E+00  1.195E+01 7.423E+00
 8.17782E-02  2.604E+00 1.031E+00  1.193E+01 7.431E+00
 8.24860E-02  2.597E+00 1.033E+00  1.187E+01 7.431E+00
 8.32062E-02  2.591E+00 1.030E+00  1.183E+01 7.397E+00
 8.39390E-02  2.586E+00 1.029E+00  1.180E+01 7.380E+00
 8.46849E-02  2.584E+00 1.026E+00  1.179E+01 7.354E+00
 8.53852E-02  2.578E+00 1.032E+00  1.174E+01 7.385E+00
 8.61572E-02  2.572E+00 1.027E+00  1.170E+01 7.337E+00
 8.68822E-02  2.568E+00 1.030E+00  1.167E+01 7.350E+00
 8.76815E-02  2.560E+00 1.033E+00  1.161E+01 7.355E+00
 8.84326E-02  2.551E+00 1.032E+00  1.154E+01 7.329E+00
 8.91965E-02  2.544E+00 1.031E+00  1.150E+01 7.308E+00
 8.99739E-02  2.535E+00 1.030E+00  1.144E+01 7.282E+00
 9.07648E-02  2.527E+00 1.026E+00  1.139E+01 7.237E+00
 9.15698E-02  2.520E+00 1.023E+00  1.134E+01 7.202E+00
 9.23204E-02  2.514E+00 1.019E+00  1.131E+01 7.162E+00
 9.31534E-02  2.508E+00 1.018E+00  1.127E+01 7.142E+00
 9.39303E-02  2.500E+00 1.015E+00  1.122E+01 7.105E+00
 9.47927E-02  2.494E+00 1.009E+00  1.119E+01 7.051E+00
 9.55972E-02  2.491E+00 1.005E+00  1.118E+01 7.017E+00
 9.64156E-02  2.486E+00 1.006E+00  1.114E+01 7.014E+00
 9.72480E-02  2.478E+00 1.004E+00  1.109E+01 6.984E+00
 9.81727E-02  2.472E+00 9.967E-01  1.106E+01 6.921E+00
 9.89569E-02  2.469E+00 9.942E-01  1.105E+01 6.898E+00
 9.98340E-02  2.464E+00 9.922E-01  1.101E+01 6.874E+00
 1.00727E-01  2.457E+00 9.898E-01  1.097E+01 6.843E+00
 1.01636E-01  2.454E+00 9.808E-01  1.097E+01 6.775E+00
 1.02476E-01  2.454E+00 9.794E-01  1.097E+01 6.766E+00
 1.03417E-01  2.452E+00 9.775E-01  1.096E+01 6.749E+00
 1.04288E-01  2.450E+00 9.786E-01  1.094E+01 6.752E+00
 1.05173E-01  2.444E+00 9.792E-01  1.090E+01 6.745E+00
 1.06074E-01  2.439E+00 9.759E-01  1.087E+01 6.712E+00
 1.07082E-01  2.436E+00 9.741E-01  1.086E+01 6.694E+00
 1.08016E-01  2.432E+00 9.732E-01  1.083E+01 6.680E+00
 1.08966E-01  2.429E+00 9.709E-01  1.082E+01 6.658E+00
 1.09835E-01  2.425E+00 9.718E-01  1.079E+01 6.657E+00
 1.10818E-01  2.419E+00 9.702E-01  1.075E+01 6.634E+00
 1.11818E-01  2.416E+00 9.666E-01  1.073E+01 6.604E+00
 1.12733E-01  2.415E+00 9.645E-01  1.073E+01 6.588E+00
 1.13769E-01  2.412E+00 9.671E-01  1.071E+01 6.599E+00
 1.14717E-01  2.408E+00 9.669E-01  1.068E+01 6.590E+00
 1.15789E-01  2.403E+00 9.686E-01  1.064E+01 6.592E+00
 1.16771E-01  2.398E+00 9.650E-01  1.062E+01 6.558E+00
 1.17770E-01  2.397E+00 9.628E-01  1.061E+01 6.541E+00
 1.18786E-01  2.396E+00 9.667E-01  1.060E+01 6.566E+00
 1.19820E-01  2.390E+00 9.695E-01  1.055E+01 6.573E+00
 1.20872E-01  2.386E+00 9.672E-01  1.053E+01 6.550E+00
 1.21943E-01  2.385E+00 9.689E-01  1.052E+01 6.559E+00
 1.23033E-01  2.381E+00 9.746E-01  1.048E+01 6.590E+00
 1.24080E-01  2.376E+00 9.775E-01  1.044E+01 6.600E+00
 1.25171E-01  2.369E+00 9.819E-01  1.039E+01 6.616E+00
 1.26255E-01  2.361E+00 9.832E-01  1.033E+01 6.609E+00
 1.27358E-01  2.354E+00 9.842E-01  1.028E+01 6.602E+00
 1.28467E-01  2.348E+00 9.856E-01  1.024E+01 6.600E+00
 1.29596E-01  2.341E+00 9.883E-01  1.019E+01 6.604E+00
 1.30731E-01  2.333E+00 9.907E-01  1.013E+01 6.604E+00
 1.31872E-01  2.325E+00 9.905E-01  1.007E+01 6.587E+00
 1.33019E-01  2.319E+00 9.911E-01  1.003E+01 6.579E+00
 1.34186E-01  2.310E+00 9.972E-01  9.962E+00 6.601E+00
 1.35344E-01  2.297E+00 9.982E-01  9.874E+00 6.582E+00
 1.36537E-01  2.287E+00 9.945E-01  9.815E+00 6.538E+00
 1.37721E-01  2.278E+00 9.922E-01  9.761E+00 6.505E+00
 1.38926E-01  2.273E+00 9.894E-01  9.734E+00 6.477E+00
 1.40136E-01  2.265E+00 9.933E-01  9.674E+00 6.486E+00
 1.41367E-01  2.253E+00 9.947E-01  9.593E+00 6.472E+00
 1.42587E-01  2.242E+00 9.901E-01  9.530E+00 6.420E+00
 1.43845E-01  2.233E+00 9.870E-01  9.478E+00 6.382E+00
 1.45092E-01  2.224E+00 9.839E-01  9.426E+00 6.344E+00
 1.46360E-01  2.216E+00 9.806E-01  9.381E+00 6.307E+00
 1.47633E-01  2.207E+00 9.773E-01  9.330E+00 6.268E+00
 1.48929E-01  2.200E+00 9.739E-01  9.292E+00 6.233E+00
 1.50229E-01  2.192E+00 9.704E-01  9.247E+00 6.195E+00
 1.51534E-01  2.185E+00 9.670E-01  9.209E+00 6.160E+00
 1.52861E-01  2.177E+00 9.634E-01  9.165E+00 6.121E+00
 1.54193E-01  2.172E+00 9.591E-01  9.142E+00 6.085E+00
 1.55548E-01  2.166E+00 9.590E-01  9.104E+00 6.072E+00
 1.56887E-01  2.156E+00 9.609E-01  9.037E+00 6.065E+00
 1.58270E-01  2.143E+00 9.572E-01  8.962E+00 6.017E+00
 1.59657E-01  2.133E+00 9.481E-01  8.917E+00 5.941E+00
 1.61048E-01  2.128E+00 9.392E-01  8.902E+00 5.876E+00
 1.62441E-01  2.123E+00 9.354E-01  8.878E+00 5.843E+00
 1.63859E-01  2.117E+00 9.322E-01  8.847E+00 5.811E+00
 1.65302E-01  2.111E+00 9.278E-01  8.818E+00 5.773E+00
 1.66726E-01  2.104E+00 9.235E-01  8.782E+00 5.733E+00
 1.68197E-01  2.097E+00 9.200E-01  8.745E+00 5.698E+00
 1.69671E-01  2.088E+00 9.150E-01  8.699E+00 5.651E+00
 1.71148E-01  2.082E+00 9.058E-01  8.678E+00 5.583E+00
 1.72626E-01  2.079E+00 8.989E-01  8.672E+00 5.535E+00
 1.74131E-01  2.074E+00 8.955E-01  8.648E+00 5.506E+00
 1.75661E-01  2.069E+00 8.880E-01  8.630E+00 5.451E+00
 1.77194E-01  2.067E+00 8.797E-01  8.633E+00 5.396E+00
 1.78753E-01  2.068E+00 8.756E-01  8.646E+00 5.373E+00
 1.80288E-01  2.067E+00 8.747E-01  8.641E+00 5.365E+00
 1.81876E-01  2.064E+00 8.752E-01  8.622E+00 5.363E+00
 1.83465E-01  2.058E+00 8.757E-01  8.585E+00 5.356E+00
 1.85055E-01  2.050E+00 8.741E-01  8.538E+00 5.332E+00
 1.86672E-01  2.043E+00 8.696E-01  8.504E+00 5.292E+00
 1.88317E-01  2.037E+00 8.644E-01  8.476E+00 5.250E+00
 1.89963E-01  2.032E+00 8.599E-01  8.454E+00 5.214E+00
 1.91608E-01  2.027E+00 8.554E-01  8.431E+00 5.179E+00
 1.93282E-01  2.022E+00 8.508E-01  8.409E+00 5.142E+00
 1.94955E-01  2.016E+00 8.466E-01  8.380E+00 5.107E+00
 1.96657E-01  2.010E+00 8.413E-01  8.352E+00 5.065E+00
 1.98389E-01  2.004E+00 8.337E-01  8.329E+00 5.009E+00
 2.00120E-01  2.001E+00 8.252E-01  8.325E+00 4.953E+00
 2.01848E-01  2.000E+00 8.173E-01  8.332E+00 4.904E+00
 2.03639E-01  2.001E+00 8.112E-01  8.348E+00 4.869E+00
 2.05395E-01  2.001E+00 8.071E-01  8.355E+00 4.844E+00
 2.07181E-01  2.002E+00 8.047E-01  8.364E+00 4.831E+00
 2.08998E-01  2.001E+00 8.037E-01  8.360E+00 4.824E+00
 2.10812E-01  1.998E+00 8.035E-01  8.342E+00 4.818E+00
 2.12657E-01  1.992E+00 8.022E-01  8.309E+00 4.800E+00
 2.14535E-01  1.986E+00 7.970E-01  8.281E+00 4.760E+00
 2.16409E-01  1.984E+00 7.889E-01  8.282E+00 4.708E+00
 2.18277E-01  1.984E+00 7.828E-01  8.291E+00 4.672E+00
 2.20178E-01  1.984E+00 7.791E-01  8.297E+00 4.650E+00
 2.22112E-01  1.984E+00 7.750E-01  8.304E+00 4.625E+00
 2.24040E-01  1.986E+00 7.705E-01  8.323E+00 4.601E+00
 2.26001E-01  1.988E+00 7.686E-01  8.337E+00 4.593E+00
 2.27998E-01  1.990E+00 7.699E-01  8.347E+00 4.604E+00
 2.29987E-01  1.989E+00 7.719E-01  8.338E+00 4.614E+00
 2.31968E-01  1.987E+00 7.728E-01  8.325E+00 4.617E+00
 2.33983E-01  1.983E+00 7.721E-01  8.302E+00 4.606E+00
 2.36034E-01  1.981E+00 7.699E-01  8.294E+00 4.590E+00
 2.38120E-01  1.980E+00 7.677E-01  8.291E+00 4.575E+00
 2.40198E-01  1.980E+00 7.669E-01  8.292E+00 4.571E+00
 2.42264E-01  1.980E+00 7.676E-01  8.291E+00 4.575E+00
 2.44367E-01  1.979E+00 7.693E-01  8.283E+00 4.583E+00
 2.46506E-01  1.977E+00 7.713E-01  8.268E+00 4.592E+00
 2.48683E-01  1.974E+00 7.731E-01  8.247E+00 4.598E+00
 2.50848E-01  1.970E+00 7.744E-01  8.221E+00 4.600E+00
 2.53051E-01  1.966E+00 7.756E-01  8.196E+00 4.601E+00
 2.55241E-01  1.962E+00 7.768E-01  8.170E+00 4.602E+00
 2.57469E-01  1.957E+00 7.774E-01  8.139E+00 4.598E+00
 2.59736E-01  1.951E+00 7.767E-01  8.105E+00 4.584E+00
 2.61988E-01  1.946E+00 7.750E-01  8.078E+00 4.566E+00
 2.64279E-01  1.942E+00 7.729E-01  8.058E+00 4.548E+00
 2.66553E-01  1.939E+00 7.711E-01  8.043E+00 4.533E+00
 2.68926E-01  1.937E+00 7.699E-01  8.033E+00 4.522E+00
 2.71222E-01  1.934E+00 7.696E-01  8.016E+00 4.516E+00
 2.73618E-01  1.931E+00 7.697E-01  7.998E+00 4.512E+00
 2.75995E-01  1.927E+00 7.697E-01  7.975E+00 4.506E+00
 2.78414E-01  1.923E+00 7.693E-01  7.952E+00 4.497E+00
 2.80875E-01  1.919E+00 7.689E-01  7.929E+00 4.489E+00
 2.83316E-01  1.915E+00 7.685E-01  7.907E+00 4.480E+00
 2.85799E-01  1.910E+00 7.680E-01  7.878E+00 4.470E+00
 2.88260E-01  1.905E+00 7.665E-01  7.852E+00 4.453E+00
 2.90763E-01  1.901E+00 7.638E-01  7.832E+00 4.432E+00
 2.93310E-01  1.898E+00 7.611E-01  7.819E+00 4.411E+00
 2.95902E-01  1.897E+00 7.597E-01  7.815E+00 4.402E+00
 2.98468E-01  1.895E+00 7.599E-01  7.804E+00 4.400E+00
 3.01079E-01  1.892E+00 7.608E-01  7.785E+00 4.400E+00
 3.03662E-01  1.888E+00 7.615E-01  7.761E+00 4.398E+00
 3.06365E-01  1.883E+00 7.616E-01  7.732E+00 4.391E+00
 3.09040E-01  1.878E+00 7.609E-01  7.704E+00 4.380E+00
 3.11683E-01  1.873E+00 7.593E-01  7.678E+00 4.363E+00
 3.14452E-01  1.870E+00 7.573E-01  7.663E+00 4.347E+00
 3.17189E-01  1.866E+00 7.555E-01  7.643E+00 4.331E+00
 3.19974E-01  1.864E+00 7.545E-01  7.633E+00 4.322E+00
 3.22725E-01  1.861E+00 7.539E-01  7.617E+00 4.314E+00
 3.25523E-01  1.857E+00 7.533E-01  7.595E+00 4.304E+00
 3.28370E-01  1.854E+00 7.525E-01  7.579E+00 4.295E+00
 3.31267E-01  1.850E+00 7.514E-01  7.558E+00 4.283E+00
 3.34126E-01  1.847E+00 7.503E-01  7.542E+00 4.272E+00
 3.37035E-01  1.845E+00 7.496E-01  7.532E+00 4.265E+00
 3.39995E-01  1.842E+00 7.492E-01  7.516E+00 4.258E+00
 3.43007E-01  1.840E+00 7.495E-01  7.504E+00 4.257E+00
 3.45976E-01  1.837E+00 7.505E-01  7.485E+00 4.258E+00
 3.48997E-01  1.833E+00 7.520E-01  7.460E+00 4.261E+00
 3.52072E-01  1.829E+00 7.537E-01  7.435E+00 4.264E+00
 3.55099E-01  1.823E+00 7.551E-01  7.399E+00 4.263E+00
 3.58179E-01  1.817E+00 7.558E-01  7.364E+00 4.258E+00
 3.61312E-01  1.810E+00 7.553E-01  7.326E+00 4.245E+00
 3.64501E-01  1.802E+00 7.530E-01  7.284E+00 4.220E+00
 3.67638E-01  1.796E+00 7.488E-01  7.257E+00 4.187E+00
 3.70829E-01  1.792E+00 7.440E-01  7.242E+00 4.154E+00
 3.74076E-01  1.790E+00 7.398E-01  7.237E+00 4.128E+00
 3.77380E-01  1.789E+00 7.373E-01  7.235E+00 4.113E+00
 3.80627E-01  1.788E+00 7.366E-01  7.230E+00 4.107E+00
 3.84048E-01  1.785E+00 7.367E-01  7.213E+00 4.103E+00
 3.87290E-01  1.782E+00 7.367E-01  7.197E+00 4.099E+00
 3.90710E-01  1.778E+00 7.361E-01  7.175E+00 4.090E+00
 3.94190E-01  1.775E+00 7.350E-01  7.160E+00 4.079E+00
 3.97606E-01  1.772E+00 7.337E-01  7.146E+00 4.068E+00
 4.01081E-01  1.769E+00 7.325E-01  7.131E+00 4.057E+00
 4.04486E-01  1.766E+00 7.316E-01  7.116E+00 4.047E+00
 4.08083E-01  1.764E+00 7.310E-01  7.105E+00 4.041E+00
 4.11608E-01  1.761E+00 7.309E-01  7.089E+00 4.036E+00
 4.15194E-01  1.758E+00 7.313E-01  7.072E+00 4.034E+00
 4.18844E-01  1.755E+00 7.320E-01  7.054E+00 4.033E+00
 4.22558E-01  1.751E+00 7.326E-01  7.031E+00 4.031E+00
 4.26192E-01  1.746E+00 7.326E-01  7.004E+00 4.023E+00
 4.29889E-01  1.741E+00 7.318E-01  6.978E+00 4.012E+00
 4.33651E-01  1.737E+00 7.303E-01  6.958E+00 3.998E+00
 4.37479E-01  1.733E+00 7.286E-01  6.938E+00 3.983E+00
 4.41218E-01  1.730E+00 7.269E-01  6.925E+00 3.969E+00
 4.45181E-01  1.727E+00 7.257E-01  6.910E+00 3.958E+00
 4.49054E-01  1.725E+00 7.249E-01  6.900E+00 3.951E+00
 4.52995E-01  1.722E+00 7.246E-01  6.884E+00 3.945E+00
 4.56836E-01  1.720E+00 7.246E-01  6.873E+00 3.942E+00
 4.60915E-01  1.717E+00 7.250E-01  6.856E+00 3.940E+00
 4.64893E-01  1.713E+00 7.256E-01  6.834E+00 3.937E+00
 4.68940E-01  1.709E+00 7.259E-01  6.812E+00 3.933E+00
 4.73058E-01  1.704E+00 7.259E-01  6.785E+00 3.926E+00
 4.77250E-01  1.700E+00 7.251E-01  6.764E+00 3.916E+00
 4.81329E-01  1.696E+00 7.235E-01  6.745E+00 3.901E+00
 4.85478E-01  1.692E+00 7.217E-01  6.726E+00 3.886E+00
 4.89700E-01  1.690E+00 7.201E-01  6.718E+00 3.874E+00
 4.93995E-01  1.687E+00 7.192E-01  6.703E+00 3.865E+00
 4.98367E-01  1.685E+00 7.194E-01  6.692E+00 3.863E+00
 5.02613E-01  1.683E+00 7.205E-01  6.679E+00 3.866E+00
 5.07139E-01  1.679E+00 7.217E-01  6.656E+00 3.867E+00
 5.11536E-01  1.674E+00 7.224E-01  6.628E+00 3.863E+00
 5.16010E-01  1.668E+00 7.220E-01  6.597E+00 3.853E+00
 5.20563E-01  1.663E+00 7.202E-01  6.573E+00 3.836E+00
 5.24975E-01  1.659E+00 7.175E-01  6.555E+00 3.816E+00
 5.29688E-01  1.657E+00 7.146E-01  6.549E+00 3.797E+00
 5.34256E-01  1.655E+00 7.124E-01  6.542E+00 3.783E+00
 5.38904E-01  1.655E+00 7.115E-01  6.543E+00 3.778E+00
 5.43633E-01  1.654E+00 7.124E-01  6.536E+00 3.781E+00
 5.48446E-01  1.652E+00 7.143E-01  6.523E+00 3.789E+00
 5.53098E-01  1.649E+00 7.167E-01  6.504E+00 3.797E+00
 5.58081E-01  1.645E+00 7.188E-01  6.479E+00 3.802E+00
 5.62899E-01  1.639E+00 7.200E-01  6.446E+00 3.800E+00
 5.67800E-01  1.634E+00 7.198E-01  6.420E+00 3.792E+00
 5.72788E-01  1.629E+00 7.186E-01  6.395E+00 3.778E+00
 5.77594E-01  1.625E+00 7.170E-01  6.377E+00 3.764E+00
 5.82756E-01  1.621E+00 7.153E-01  6.358E+00 3.750E+00
 5.87732E-01  1.619E+00 7.141E-01  6.349E+00 3.740E+00
 5.93078E-01  1.617E+00 7.138E-01  6.339E+00 3.736E+00
 5.98233E-01  1.614E+00 7.143E-01  6.323E+00 3.734E+00
 6.03478E-01  1.612E+00 7.154E-01  6.311E+00 3.737E+00
 6.08517E-01  1.608E+00 7.166E-01  6.288E+00 3.738E+00
 6.13945E-01  1.604E+00 7.177E-01  6.266E+00 3.738E+00
 6.19160E-01  1.599E+00 7.184E-01  6.239E+00 3.734E+00
 6.24781E-01  1.594E+00 7.184E-01  6.213E+00 3.727E+00
 6.30183E-01  1.590E+00 7.179E-01  6.193E+00 3.719E+00
 6.35680E-01  1.585E+00 7.171E-01  6.168E+00 3.707E+00
 6.41273E-01  1.581E+00 7.161E-01  6.149E+00 3.697E+00
 6.46628E-01  1.577E+00 7.151E-01  6.130E+00 3.686E+00
 6.52417E-01  1.574E+00 7.142E-01  6.115E+00 3.677E+00
 6.57961E-01  1.570E+00 7.136E-01  6.096E+00 3.668E+00
 6.63955E-01  1.567E+00 7.132E-01  6.081E+00 3.662E+00
 6.69697E-01  1.564E+00 7.129E-01  6.066E+00 3.656E+00
 6.75540E-01  1.560E+00 7.126E-01  6.046E+00 3.649E+00
 6.81485E-01  1.556E+00 7.123E-01  6.026E+00 3.641E+00
 6.87536E-01  1.553E+00 7.120E-01  6.011E+00 3.635E+00
 6.93307E-01  1.549E+00 7.115E-01  5.991E+00 3.627E+00
 6.99571E-01  1.545E+00 7.109E-01  5.972E+00 3.618E+00
 7.05547E-01  1.542E+00 7.102E-01  5.957E+00 3.611E+00
 7.11625E-01  1.538E+00 7.096E-01  5.938E+00 3.602E+00
 7.17810E-01  1.535E+00 7.090E-01  5.924E+00 3.595E+00
 7.24103E-01  1.532E+00 7.085E-01  5.909E+00 3.588E+00
 7.30507E-01  1.529E+00 7.082E-01  5.894E+00 3.582E+00
 7.37026E-01  1.526E+00 7.080E-01  5.879E+00 3.577E+00
 7.43215E-01  1.522E+00 7.080E-01  5.859E+00 3.571E+00
 7.49964E-01  1.519E+00 7.079E-01  5.844E+00 3.566E+00
 7.56374E-01  1.516E+00 7.079E-01  5.829E+00 3.562E+00
 7.62894E-01  1.512E+00 7.078E-01  5.809E+00 3.556E+00
 7.69528E-01  1.508E+00 7.075E-01  5.790E+00 3.549E+00
 7.76278E-01  1.505E+00 7.071E-01  5.775E+00 3.543E+00
 7.83148E-01  1.501E+00 7.065E-01  5.756E+00 3.534E+00
 7.89637E-01  1.498E+00 7.058E-01  5.742E+00 3.526E+00
 7.96746E-01  1.495E+00 7.052E-01  5.728E+00 3.519E+00
 8.03984E-01  1.492E+00 7.045E-01  5.714E+00 3.511E+00
 8.10825E-01  1.489E+00 7.040E-01  5.700E+00 3.505E+00
 8.17782E-01  1.486E+00 7.037E-01  5.685E+00 3.499E+00
 8.24860E-01  1.484E+00 7.036E-01  5.675E+00 3.495E+00
 8.32062E-01  1.481E+00 7.038E-01  5.660E+00 3.492E+00
 8.39390E-01  1.478E+00 7.043E-01  5.644E+00 3.491E+00
 8.46849E-01  1.475E+00 7.049E-01  5.629E+00 3.489E+00
 8.53853E-01  1.472E+00 7.056E-01  5.613E+00 3.488E+00
 8.61572E-01  1.469E+00 7.063E-01  5.597E+00 3.488E+00
 8.68822E-01  1.465E+00 7.069E-01  5.577E+00 3.485E+00
 8.76815E-01  1.461E+00 7.074E-01  5.556E+00 3.482E+00
 8.84325E-01  1.457E+00 7.077E-01  5.536E+00 3.478E+00
 8.91965E-01  1.453E+00 7.076E-01  5.517E+00 3.471E+00
 8.99739E-01  1.449E+00 7.074E-01  5.497E+00 3.465E+00
 9.07648E-01  1.445E+00 7.069E-01  5.478E+00 3.457E+00
 9.15698E-01  1.442E+00 7.064E-01  5.464E+00 3.450E+00
 9.23893E-01  1.439E+00 7.059E-01  5.450E+00 3.443E+00
 9.31534E-01  1.435E+00 7.053E-01  5.432E+00 3.435E+00
 9.40015E-01  1.432E+00 7.049E-01  5.418E+00 3.429E+00
 9.47927E-01  1.430E+00 7.046E-01  5.408E+00 3.424E+00
 9.55972E-01  1.427E+00 7.046E-01  5.394E+00 3.420E+00
 9.64907E-01  1.424E+00 7.047E-01  5.379E+00 3.416E+00
 9.73244E-01  1.422E+00 7.051E-01  5.369E+00 3.416E+00
 9.81727E-01  1.419E+00 7.055E-01  5.354E+00 3.413E+00
 9.90360E-01  1.416E+00 7.061E-01  5.338E+00 3.412E+00
 9.99145E-01  1.413E+00 7.067E-01  5.323E+00 3.411E+00
 1.00727E+00  1.409E+00 7.073E-01  5.303E+00 3.408E+00
 1.01636E+00  1.406E+00 7.079E-01  5.288E+00 3.406E+00
 1.02476E+00  1.402E+00 7.085E-01  5.268E+00 3.404E+00
 1.03417E+00  1.399E+00 7.089E-01  5.253E+00 3.401E+00
 1.04288E+00  1.395E+00 7.092E-01  5.233E+00 3.397E+00
 1.05263E+00  1.392E+00 7.094E-01  5.218E+00 3.394E+00
 1.06165E+00  1.389E+00 7.096E-01  5.204E+00 3.390E+00
 1.07082E+00  1.385E+00 7.097E-01  5.185E+00 3.385E+00
 1.08016E+00  1.382E+00 7.098E-01  5.170E+00 3.381E+00
 1.08966E+00  1.379E+00 7.099E-01  5.156E+00 3.378E+00
 1.09933E+00  1.376E+00 7.100E-01  5.141E+00 3.374E+00
 1.10818E+00  1.373E+00 7.102E-01  5.127E+00 3.371E+00
 1.11818E+00  1.370E+00 7.105E-01  5.112E+00 3.368E+00
 1.12836E+00  1.367E+00 7.109E-01  5.097E+00 3.365E+00
 1.13769E+00  1.364E+00 7.114E-01  5.082E+00 3.363E+00
 1.14823E+00  1.361E+00 7.120E-01  5.067E+00 3.362E+00
 1.15789E+00  1.358E+00 7.127E-01  5.052E+00 3.361E+00
 1.16771E+00  1.356E+00 7.135E-01  5.042E+00 3.362E+00
 1.17770E+00  1.353E+00 7.144E-01  5.026E+00 3.362E+00
 1.18786E+00  1.350E+00 7.154E-01  5.011E+00 3.362E+00
 1.19820E+00  1.347E+00 7.165E-01  4.995E+00 3.363E+00
 1.20872E+00  1.344E+00 7.176E-01  4.979E+00 3.364E+00
 1.21943E+00  1.341E+00 7.188E-01  4.964E+00 3.365E+00
 1.23033E+00  1.337E+00 7.201E-01  4.943E+00 3.366E+00
 1.24105E+00  1.334E+00 7.215E-01  4.927E+00 3.368E+00
 1.25196E+00  1.331E+00 7.229E-01  4.911E+00 3.370E+00
 1.26281E+00  1.327E+00 7.243E-01  4.890E+00 3.371E+00
 1.27384E+00  1.323E+00 7.258E-01  4.870E+00 3.372E+00
 1.28494E+00  1.319E+00 7.272E-01  4.849E+00 3.373E+00
 1.29623E+00  1.316E+00 7.286E-01  4.833E+00 3.375E+00
 1.30759E+00  1.311E+00 7.300E-01  4.808E+00 3.374E+00
 1.31900E+00  1.307E+00 7.313E-01  4.787E+00 3.374E+00
 1.33048E+00  1.303E+00 7.325E-01  4.767E+00 3.374E+00
 1.34201E+00  1.299E+00 7.336E-01  4.747E+00 3.373E+00
 1.35374E+00  1.294E+00 7.346E-01  4.723E+00 3.370E+00
 1.36552E+00  1.290E+00 7.354E-01  4.703E+00 3.368E+00
 1.37752E+00  1.285E+00 7.360E-01  4.680E+00 3.364E+00
 1.38957E+00  1.281E+00 7.365E-01  4.661E+00 3.360E+00
 1.40167E+00  1.276E+00 7.369E-01  4.637E+00 3.354E+00
 1.41383E+00  1.272E+00 7.371E-01  4.619E+00 3.349E+00
 1.42620E+00  1.268E+00 7.372E-01  4.600E+00 3.344E+00
 1.43862E+00  1.264E+00 7.373E-01  4.582E+00 3.338E+00
 1.45126E+00  1.260E+00 7.373E-01  4.564E+00 3.333E+00
 1.46395E+00  1.256E+00 7.373E-01  4.546E+00 3.327E+00
 1.47669E+00  1.252E+00 7.374E-01  4.528E+00 3.321E+00
 1.48965E+00  1.249E+00 7.374E-01  4.514E+00 3.317E+00
 1.50266E+00  1.246E+00 7.375E-01  4.501E+00 3.313E+00
 1.51571E+00  1.242E+00 7.377E-01  4.482E+00 3.308E+00
 1.52899E+00  1.239E+00 7.381E-01  4.468E+00 3.305E+00
 1.54231E+00  1.236E+00 7.385E-01  4.454E+00 3.303E+00
 1.55568E+00  1.233E+00 7.391E-01  4.440E+00 3.301E+00
 1.56927E+00  1.230E+00 7.398E-01  4.426E+00 3.300E+00
 1.58291E+00  1.227E+00 7.407E-01  4.411E+00 3.299E+00
 1.59678E+00  1.224E+00 7.417E-01  4.396E+00 3.299E+00
 1.61069E+00  1.221E+00 7.428E-01  4.381E+00 3.300E+00
 1.62484E+00  1.218E+00 7.440E-01  4.366E+00 3.300E+00
 1.63903E+00  1.215E+00 7.453E-01  4.351E+00 3.302E+00
 1.65324E+00  1.211E+00 7.467E-01  4.331E+00 3.302E+00
 1.66771E+00  1.208E+00 7.481E-01  4.316E+00 3.304E+00
 1.68220E+00  1.205E+00 7.496E-01  4.300E+00 3.306E+00
 1.69695E+00  1.201E+00 7.512E-01  4.280E+00 3.307E+00
 1.71172E+00  1.197E+00 7.527E-01  4.260E+00 3.307E+00
 1.72675E+00  1.194E+00 7.543E-01  4.245E+00 3.310E+00
 1.74180E+00  1.190E+00 7.559E-01  4.225E+00 3.311E+00
 1.75686E+00  1.186E+00 7.575E-01  4.205E+00 3.312E+00
 1.77219E+00  1.182E+00 7.591E-01  4.185E+00 3.313E+00
 1.78779E+00  1.178E+00 7.607E-01  4.165E+00 3.314E+00
 1.80341E+00  1.174E+00 7.622E-01  4.145E+00 3.314E+00
 1.81903E+00  1.170E+00 7.637E-01  4.126E+00 3.314E+00
 1.83492E+00  1.166E+00 7.653E-01  4.106E+00 3.315E+00
 1.85110E+00  1.162E+00 7.668E-01  4.086E+00 3.316E+00
 1.86728E+00  1.158E+00 7.683E-01  4.067E+00 3.316E+00
 1.88346E+00  1.154E+00 7.698E-01  4.047E+00 3.316E+00
 1.89992E+00  1.150E+00 7.713E-01  4.028E+00 3.317E+00
 1.91638E+00  1.146E+00 7.729E-01  4.008E+00 3.317E+00
 1.93313E+00  1.142E+00 7.744E-01  3.988E+00 3.318E+00
 1.95017E+00  1.138E+00 7.759E-01  3.969E+00 3.318E+00
 1.96720E+00  1.133E+00 7.775E-01  3.945E+00 3.317E+00
 1.98421E+00  1.129E+00 7.790E-01  3.926E+00 3.317E+00
 2.00152E+00  1.125E+00 7.806E-01  3.906E+00 3.318E+00
 2.01913E+00  1.121E+00 7.822E-01  3.887E+00 3.318E+00
 2.03673E+00  1.117E+00 7.838E-01  3.867E+00 3.319E+00
 2.05429E+00  1.112E+00 7.854E-01  3.844E+00 3.318E+00
 2.07250E+00  1.108E+00 7.871E-01  3.824E+00 3.318E+00
 2.09033E+00  1.104E+00 7.887E-01  3.805E+00 3.319E+00
 2.10883E+00  1.099E+00 7.904E-01  3.781E+00 3.318E+00
 2.12694E+00  1.095E+00 7.922E-01  3.761E+00 3.319E+00
 2.14572E+00  1.091E+00 7.939E-01  3.742E+00 3.320E+00
 2.16447E+00  1.086E+00 7.957E-01  3.718E+00 3.320E+00
 2.18315E+00  1.082E+00 7.975E-01  3.699E+00 3.321E+00
 2.20217E+00  1.077E+00 7.993E-01  3.675E+00 3.320E+00
 2.22152E+00  1.073E+00 8.012E-01  3.655E+00 3.322E+00
 2.24080E+00  1.068E+00 8.030E-01  3.632E+00 3.321E+00
 2.26043E+00  1.063E+00 8.049E-01  3.608E+00 3.321E+00
 2.28040E+00  1.059E+00 8.068E-01  3.589E+00 3.322E+00
 2.30030E+00  1.054E+00 8.088E-01  3.565E+00 3.323E+00
 2.32011E+00  1.049E+00 8.107E-01  3.541E+00 3.322E+00
 2.34027E+00  1.044E+00 8.127E-01  3.517E+00 3.322E+00
 2.36079E+00  1.040E+00 8.147E-01  3.498E+00 3.324E+00
 2.38166E+00  1.035E+00 8.167E-01  3.474E+00 3.324E+00
 2.40244E+00  1.030E+00 8.187E-01  3.451E+00 3.324E+00
 2.42312E+00  1.025E+00 8.208E-01  3.427E+00 3.324E+00
 2.44463E+00  1.020E+00 8.228E-01  3.403E+00 3.324E+00
 2.46555E+00  1.014E+00 8.249E-01  3.376E+00 3.323E+00
 2.48733E+00  1.009E+00 8.270E-01  3.352E+00 3.323E+00
 2.50899E+00  1.004E+00 8.291E-01  3.329E+00 3.323E+00
 2.53103E+00  9.990E-01 8.312E-01  3.305E+00 3.323E+00
 2.55294E+00  9.930E-01 8.334E-01  3.277E+00 3.322E+00
 2.57522E+00  9.880E-01 8.355E-01  3.254E+00 3.322E+00
 2.59790E+00  9.820E-01 8.377E-01  3.227E+00 3.321E+00
 2.62043E+00  9.770E-01 8.398E-01  3.203E+00 3.321E+00
 2.64335E+00  9.710E-01 8.419E-01  3.176E+00 3.319E+00
 2.66611E+00  9.650E-01 8.441E-01  3.149E+00 3.317E+00
 2.68984E+00  9.590E-01 8.462E-01  3.122E+00 3.315E+00
 2.71281E+00  9.530E-01 8.483E-01  3.095E+00 3.313E+00
 2.73678E+00  9.470E-01 8.504E-01  3.068E+00 3.311E+00
 2.76056E+00  9.410E-01 8.525E-01  3.041E+00 3.309E+00
 2.78476E+00  9.350E-01 8.546E-01  3.014E+00 3.307E+00
 2.80875E+00  9.290E-01 8.567E-01  2.987E+00 3.305E+00
 2.83381E+00  9.220E-01 8.587E-01  2.957E+00 3.301E+00
 2.85799E+00  9.160E-01 8.607E-01  2.930E+00 3.298E+00
 2.88327E+00  9.090E-01 8.627E-01  2.900E+00 3.294E+00
 2.90831E+00  9.030E-01 8.646E-01  2.874E+00 3.291E+00
 2.93379E+00  8.960E-01 8.665E-01  2.844E+00 3.286E+00
 2.95972E+00  8.890E-01 8.683E-01  2.814E+00 3.280E+00
 2.98540E+00  8.830E-01 8.702E-01  2.788E+00 3.277E+00
 3.01152E+00  8.760E-01 8.719E-01  2.759E+00 3.271E+00
 3.03736E+00  8.690E-01 8.737E-01  2.730E+00 3.266E+00
 3.06441E+00  8.620E-01 8.753E-01  2.701E+00 3.260E+00
 3.09117E+00  8.550E-01 8.770E-01  2.672E+00 3.254E+00
 3.11761E+00  8.470E-01 8.785E-01  2.640E+00 3.245E+00
 3.14532E+00  8.400E-01 8.801E-01  2.611E+00 3.239E+00
 3.17270E+00  8.330E-01 8.815E-01  2.583E+00 3.232E+00
 3.19974E+00  8.250E-01 8.829E-01  2.551E+00 3.223E+00
 3.22809E+00  8.180E-01 8.842E-01  2.523E+00 3.215E+00
 3.25608E+00  8.100E-01 8.855E-01  2.492E+00 3.206E+00
 3.28457E+00  8.030E-01 8.867E-01  2.465E+00 3.197E+00
 3.31356E+00  7.950E-01 8.879E-01  2.434E+00 3.188E+00
 3.34216E+00  7.870E-01 8.890E-01  2.403E+00 3.177E+00
 3.37127E+00  7.800E-01 8.900E-01  2.376E+00 3.168E+00
 3.40088E+00  7.720E-01 8.909E-01  2.346E+00 3.157E+00
 3.43007E+00  7.640E-01 8.918E-01  2.316E+00 3.146E+00
 3.46073E+00  7.560E-01 8.926E-01  2.287E+00 3.135E+00
 3.49096E+00  7.480E-01 8.934E-01  2.257E+00 3.123E+00
 3.52072E+00  7.400E-01 8.940E-01  2.228E+00 3.111E+00
 3.55201E+00  7.320E-01 8.946E-01  2.200E+00 3.099E+00
 3.58282E+00  7.230E-01 8.952E-01  2.167E+00 3.085E+00
 3.61418E+00  7.150E-01 8.956E-01  2.139E+00 3.072E+00
 3.64609E+00  7.070E-01 8.960E-01  2.111E+00 3.059E+00
 3.67747E+00  6.980E-01 8.963E-01  2.080E+00 3.044E+00
 3.70940E+00  6.900E-01 8.965E-01  2.052E+00 3.030E+00
 3.74189E+00  6.810E-01 8.967E-01  2.022E+00 3.015E+00
 3.77495E+00  6.730E-01 8.967E-01  1.995E+00 3.000E+00
 3.80744E+00  6.640E-01 8.967E-01  1.965E+00 2.984E+00
 3.84048E+00  6.560E-01 8.966E-01  1.938E+00 2.970E+00
 3.87411E+00  6.470E-01 8.964E-01  1.909E+00 2.953E+00
 3.90833E+00  6.380E-01 8.961E-01  1.880E+00 2.936E+00
 3.94190E+00  6.290E-01 8.957E-01  1.851E+00 2.918E+00
 3.97606E+00  6.200E-01 8.952E-01  1.823E+00 2.900E+00
 4.01081E+00  6.120E-01 8.947E-01  1.798E+00 2.885E+00
 4.04618E+00  6.030E-01 8.940E-01  1.770E+00 2.866E+00
 4.08217E+00  5.940E-01 8.933E-01  1.743E+00 2.848E+00
 4.11745E+00  5.850E-01 8.925E-01  1.716E+00 2.829E+00
 4.15334E+00  5.760E-01 8.916E-01  1.689E+00 2.810E+00
 4.18985E+00  5.670E-01 8.907E-01  1.662E+00 2.791E+00
 4.22558E+00  5.580E-01 8.900E-01  1.635E+00 2.773E+00
 4.26339E+00  5.490E-01 8.896E-01  1.608E+00 2.756E+00
 4.30038E+00  5.390E-01 8.896E-01  1.577E+00 2.738E+00
 4.33803E+00  5.290E-01 8.896E-01  1.546E+00 2.720E+00
 4.37479E+00  5.190E-01 8.894E-01  1.516E+00 2.702E+00
 4.41375E+00  5.070E-01 8.888E-01  1.481E+00 2.679E+00
 4.45181E+00  4.950E-01 8.874E-01  1.448E+00 2.653E+00
 4.49054E+00  4.830E-01 8.853E-01  1.416E+00 2.626E+00
 4.52995E+00  4.710E-01 8.827E-01  1.385E+00 2.597E+00
 4.57005E+00  4.590E-01 8.795E-01  1.355E+00 2.566E+00
 4.60915E+00  4.470E-01 8.759E-01  1.327E+00 2.535E+00
 4.65068E+00  4.350E-01 8.719E-01  1.299E+00 2.502E+00
 4.69118E+00  4.230E-01 8.674E-01  1.273E+00 2.469E+00
 4.73058E+00  4.110E-01 8.625E-01  1.247E+00 2.434E+00
 4.77250E+00  3.990E-01 8.572E-01  1.222E+00 2.398E+00
 4.81516E+00  3.870E-01 8.514E-01  1.199E+00 2.362E+00
 4.85668E+00  3.740E-01 8.450E-01  1.174E+00 2.322E+00
 4.89893E+00  3.620E-01 8.378E-01  1.153E+00 2.282E+00
 4.94192E+00  3.500E-01 8.298E-01  1.134E+00 2.240E+00
 4.98367E+00  3.390E-01 8.210E-01  1.119E+00 2.199E+00
 5.02817E+00  3.280E-01 8.114E-01  1.105E+00 2.155E+00
 5.07139E+00  3.180E-01 8.013E-01  1.095E+00 2.112E+00
 5.11536E+00  3.090E-01 7.910E-01  1.088E+00 2.071E+00
 5.16010E+00  3.010E-01 7.807E-01  1.083E+00 2.031E+00
 5.20563E+00  2.930E-01 7.705E-01  1.078E+00 1.993E+00
 5.25197E+00  2.850E-01 7.604E-01  1.073E+00 1.954E+00
 5.29688E+00  2.780E-01 7.501E-01  1.071E+00 1.917E+00
 5.34256E+00  2.710E-01 7.397E-01  1.068E+00 1.880E+00
 5.38904E+00  2.640E-01 7.289E-01  1.066E+00 1.843E+00
 5.43633E+00  2.580E-01 7.178E-01  1.067E+00 1.806E+00
 5.48446E+00  2.520E-01 7.064E-01  1.069E+00 1.769E+00
 5.53345E+00  2.470E-01 6.950E-01  1.072E+00 1.733E+00
 5.58081E+00  2.430E-01 6.834E-01  1.078E+00 1.699E+00
 5.62899E+00  2.390E-01 6.720E-01  1.084E+00 1.665E+00
 5.67800E+00  2.360E-01 6.607E-01  1.091E+00 1.633E+00
 5.72788E+00  2.330E-01 6.496E-01  1.098E+00 1.602E+00
 5.77864E+00  2.310E-01 6.388E-01  1.107E+00 1.573E+00
 5.82756E+00  2.300E-01 6.282E-01  1.118E+00 1.545E+00
 5.88011E+00  2.280E-01 6.178E-01  1.126E+00 1.517E+00
 5.93078E+00  2.270E-01 6.078E-01  1.136E+00 1.492E+00
 5.98233E+00  2.260E-01 5.981E-01  1.145E+00 1.467E+00
 6.03478E+00  2.250E-01 5.884E-01  1.154E+00 1.442E+00
 6.08816E+00  2.250E-01 5.788E-01  1.166E+00 1.418E+00
 6.13944E+00  2.240E-01 5.692E-01  1.174E+00 1.393E+00
 6.19470E+00  2.240E-01 5.594E-01  1.185E+00 1.369E+00
 6.24781E+00  2.240E-01 5.494E-01  1.196E+00 1.345E+00
 6.30183E+00  2.250E-01 5.394E-01  1.210E+00 1.322E+00
 6.35680E+00  2.260E-01 5.293E-01  1.223E+00 1.298E+00
 6.41273E+00  2.280E-01 5.194E-01  1.238E+00 1.276E+00
 6.46966E+00  2.310E-01 5.097E-01  1.256E+00 1.255E+00
 6.52417E+00  2.340E-01 5.003E-01  1.272E+00 1.235E+00
 6.58310E+00  2.380E-01 4.914E-01  1.291E+00 1.217E+00
 6.63955E+00  2.420E-01 4.828E-01  1.309E+00 1.199E+00
 6.69697E+00  2.470E-01 4.748E-01  1.330E+00 1.184E+00
 6.75540E+00  2.520E-01 4.672E-01  1.349E+00 1.170E+00
 6.81485E+00  2.580E-01 4.602E-01  1.371E+00 1.158E+00
 6.87536E+00  2.640E-01 4.537E-01  1.392E+00 1.147E+00
 6.93307E+00  2.700E-01 4.478E-01  1.412E+00 1.137E+00
 6.99571E+00  2.770E-01 4.425E-01  1.435E+00 1.130E+00
 7.05547E+00  2.840E-01 4.379E-01  1.457E+00 1.125E+00
 7.11626E+00  2.910E-01 4.341E-01  1.478E+00 1.121E+00
 7.18226E+00  2.990E-01 4.312E-01  1.501E+00 1.120E+00
 7.24103E+00  3.060E-01 4.291E-01  1.522E+00 1.121E+00
 7.30507E+00  3.140E-01 4.281E-01  1.543E+00 1.125E+00
 7.37026E+00  3.210E-01 4.279E-01  1.562E+00 1.131E+00
 7.43215E+00  3.270E-01 4.286E-01  1.577E+00 1.138E+00
 7.49964E+00  3.340E-01 4.299E-01  1.595E+00 1.147E+00
 7.56374E+00  3.390E-01 4.316E-01  1.607E+00 1.156E+00
 7.62894E+00  3.440E-01 4.337E-01  1.618E+00 1.166E+00
 7.69528E+00  3.480E-01 4.359E-01  1.627E+00 1.175E+00
 7.76278E+00  3.520E-01 4.381E-01  1.636E+00 1.185E+00
 7.83148E+00  3.560E-01 4.402E-01  1.645E+00 1.194E+00
 7.90140E+00  3.600E-01 4.424E-01  1.654E+00 1.203E+00
 7.96746E+00  3.640E-01 4.449E-01  1.663E+00 1.214E+00
 8.03984E+00  3.680E-01 4.477E-01  1.671E+00 1.225E+00
 8.10825E+00  3.720E-01 4.509E-01  1.679E+00 1.237E+00
 8.17782E+00  3.760E-01 4.548E-01  1.687E+00 1.252E+00
 8.24860E+00  3.800E-01 4.594E-01  1.693E+00 1.268E+00
 8.32062E+00  3.830E-01 4.647E-01  1.697E+00 1.285E+00
 8.39390E+00  3.860E-01 4.707E-01  1.699E+00 1.305E+00
 8.46849E+00  3.870E-01 4.772E-01  1.696E+00 1.324E+00
 8.54441E+00  3.880E-01 4.840E-01  1.692E+00 1.344E+00
 8.61572E+00  3.890E-01 4.910E-01  1.688E+00 1.364E+00
 8.69432E+00  3.880E-01 4.980E-01  1.679E+00 1.382E+00
 8.76815E+00  3.870E-01 5.048E-01  1.669E+00 1.400E+00
 8.84326E+00  3.840E-01 5.113E-01  1.654E+00 1.415E+00
 8.91965E+00  3.820E-01 5.174E-01  1.642E+00 1.430E+00
 8.99739E+00  3.790E-01 5.231E-01  1.628E+00 1.443E+00
 9.07648E+00  3.750E-01 5.284E-01  1.611E+00 1.453E+00
 9.15698E+00  3.720E-01 5.335E-01  1.598E+00 1.464E+00
 9.23893E+00  3.680E-01 5.384E-01  1.582E+00 1.473E+00
 9.31534E+00  3.650E-01 5.431E-01  1.568E+00 1.483E+00
 9.40015E+00  3.610E-01 5.477E-01  1.552E+00 1.491E+00
 9.47927E+00  3.570E-01 5.523E-01  1.536E+00 1.499E+00
 9.56710E+00  3.530E-01 5.569E-01  1.520E+00 1.507E+00
 9.64907E+00  3.490E-01 5.615E-01  1.505E+00 1.515E+00
 9.73244E+00  3.440E-01 5.661E-01  1.486E+00 1.522E+00
 9.81727E+00  3.390E-01 5.707E-01  1.467E+00 1.528E+00
 9.90360E+00  3.340E-01 5.751E-01  1.449E+00 1.534E+00
 9.99145E+00  3.290E-01 5.795E-01  1.430E+00 1.540E+00
 1.00809E+01  3.230E-01 5.838E-01  1.410E+00 1.545E+00
 1.01636E+01  3.170E-01 5.879E-01  1.389E+00 1.549E+00
 1.02561E+01  3.100E-01 5.918E-01  1.366E+00 1.551E+00
 1.03417E+01  3.040E-01 5.955E-01  1.346E+00 1.553E+00
 1.04376E+01  2.970E-01 5.990E-01  1.323E+00 1.554E+00
 1.05263E+01  2.900E-01 6.023E-01  1.301E+00 1.554E+00
 1.06165E+01  2.830E-01 6.054E-01  1.280E+00 1.553E+00
 1.07082E+01  2.750E-01 6.082E-01  1.256E+00 1.551E+00
 1.08016E+01  2.680E-01 6.108E-01  1.235E+00 1.549E+00
 1.08966E+01  2.600E-01 6.132E-01  1.212E+00 1.545E+00
 1.09933E+01  2.520E-01 6.153E-01  1.189E+00 1.541E+00
 1.10917E+01  2.440E-01 6.172E-01  1.167E+00 1.536E+00
 1.11818E+01  2.360E-01 6.188E-01  1.145E+00 1.530E+00
 1.12836E+01  2.280E-01 6.201E-01  1.123E+00 1.523E+00
 1.13769E+01  2.190E-01 6.212E-01  1.100E+00 1.514E+00
 1.14823E+01  2.110E-01 6.221E-01  1.080E+00 1.507E+00
 1.15789E+01  2.020E-01 6.227E-01  1.057E+00 1.497E+00
 1.16771E+01  1.940E-01 6.230E-01  1.038E+00 1.488E+00
 1.17882E+01  1.850E-01 6.231E-01  1.016E+00 1.477E+00
 1.18900E+01  1.760E-01 6.229E-01  9.950E-01 1.465E+00
 1.19936E+01  1.670E-01 6.225E-01  9.744E-01 1.453E+00
 1.20990E+01  1.590E-01 6.218E-01  9.566E-01 1.441E+00
 1.21943E+01  1.500E-01 6.208E-01  9.371E-01 1.428E+00
 1.23033E+01  1.410E-01 6.196E-01  9.180E-01 1.414E+00
 1.24130E+01  1.320E-01 6.181E-01  8.994E-01 1.399E+00
 1.25221E+01  1.230E-01 6.164E-01  8.812E-01 1.384E+00
 1.26306E+01  1.140E-01 6.144E-01  8.635E-01 1.369E+00
 1.27411E+01  1.060E-01 6.122E-01  8.484E-01 1.354E+00
 1.28521E+01  9.700E-02 6.096E-01  8.318E-01 1.337E+00
 1.29650E+01  8.800E-02 6.069E-01  8.154E-01 1.321E+00
 1.30786E+01  7.900E-02 6.038E-01  7.997E-01 1.303E+00
 1.31914E+01  7.100E-02 6.005E-01  7.864E-01 1.286E+00
 1.33076E+01  6.200E-02 5.968E-01  7.717E-01 1.268E+00
 1.34230E+01  5.400E-02 5.929E-01  7.594E-01 1.250E+00
 1.35403E+01  4.500E-02 5.888E-01  7.453E-01 1.231E+00
 1.36583E+01  3.700E-02 5.843E-01  7.340E-01 1.212E+00
 1.37782E+01  2.900E-02 5.796E-01  7.229E-01 1.193E+00
 1.38988E+01  2.100E-02 5.746E-01  7.123E-01 1.173E+00
 1.40199E+01  1.300E-02 5.693E-01  7.021E-01 1.153E+00
 1.41415E+01  6.000E-03 5.639E-01  6.941E-01 1.135E+00
 1.42653E+01 -1.400E-03 5.582E-01  6.856E-01 1.115E+00
 1.43895E+01 -8.300E-03 5.523E-01  6.784E-01 1.095E+00
 1.45160E+01 -1.500E-02 5.463E-01  6.718E-01 1.076E+00
 1.46412E+01 -2.140E-02 5.402E-01  6.658E-01 1.057E+00
 1.47704E+01 -2.760E-02 5.340E-01  6.604E-01 1.039E+00
 1.48983E+01 -3.350E-02 5.277E-01  6.557E-01 1.020E+00
 1.50284E+01 -3.910E-02 5.213E-01  6.516E-01 1.002E+00
 1.51608E+01 -4.450E-02 5.149E-01  6.479E-01 9.840E-01
 1.52918E+01 -4.970E-02 5.084E-01  6.446E-01 9.663E-01
 1.54250E+01 -5.460E-02 5.020E-01  6.418E-01 9.492E-01
 1.55607E+01 -5.930E-02 4.956E-01  6.393E-01 9.324E-01
 1.56967E+01 -6.390E-02 4.892E-01  6.370E-01 9.159E-01
 1.58331E+01 -6.830E-02 4.828E-01  6.350E-01 8.996E-01
 1.59719E+01 -7.250E-02 4.765E-01  6.332E-01 8.839E-01
 1.61111E+01 -7.660E-02 4.702E-01  6.316E-01 8.684E-01
 1.62505E+01 -8.050E-02 4.639E-01  6.303E-01 8.531E-01
 1.63924E+01 -8.430E-02 4.576E-01  6.291E-01 8.380E-01
 1.65368E+01 -8.800E-02 4.513E-01  6.281E-01 8.232E-01
 1.66816E+01 -9.150E-02 4.450E-01  6.273E-01 8.086E-01
 1.68266E+01 -9.500E-02 4.387E-01  6.266E-01 7.940E-01
 1.69741E+01 -9.830E-02 4.324E-01  6.261E-01 7.798E-01
 1.71219E+01 -1.015E-01 4.261E-01  6.257E-01 7.657E-01
 1.72699E+01 -1.045E-01 4.198E-01  6.257E-01 7.519E-01
 1.74204E+01 -1.075E-01 4.135E-01  6.256E-01 7.381E-01
 1.75736E+01 -1.103E-01 4.073E-01  6.257E-01 7.247E-01
 1.77270E+01 -1.130E-01 4.010E-01  6.260E-01 7.114E-01
 1.78805E+01 -1.156E-01 3.947E-01  6.264E-01 6.981E-01
 1.80367E+01 -1.180E-01 3.884E-01  6.271E-01 6.851E-01
 1.81956E+01 -1.203E-01 3.821E-01  6.279E-01 6.723E-01
 1.83547E+01 -1.225E-01 3.758E-01  6.288E-01 6.595E-01
 1.85137E+01 -1.245E-01 3.695E-01  6.300E-01 6.470E-01
 1.86756E+01 -1.264E-01 3.633E-01  6.312E-01 6.348E-01
 1.88375E+01 -1.282E-01 3.571E-01  6.325E-01 6.226E-01
 1.90021E+01 -1.299E-01 3.509E-01  6.339E-01 6.106E-01
 1.91697E+01 -1.314E-01 3.448E-01  6.356E-01 5.990E-01
 1.93373E+01 -1.327E-01 3.386E-01  6.376E-01 5.873E-01
 1.95047E+01 -1.340E-01 3.326E-01  6.393E-01 5.761E-01
 1.96751E+01 -1.351E-01 3.266E-01  6.414E-01 5.650E-01
 1.98453E+01 -1.361E-01 3.206E-01  6.435E-01 5.539E-01
 2.00184E+01 -1.370E-01 3.147E-01  6.457E-01 5.432E-01
 2.01946E+01 -1.377E-01 3.089E-01  6.481E-01 5.327E-01
 2.03706E+01 -1.384E-01 3.031E-01  6.505E-01 5.223E-01
 2.05497E+01 -1.389E-01 2.974E-01  6.530E-01 5.122E-01
 2.07285E+01 -1.394E-01 2.918E-01  6.555E-01 5.022E-01
 2.09104E+01 -1.398E-01 2.863E-01  6.580E-01 4.926E-01
 2.10919E+01 -1.400E-01 2.808E-01  6.608E-01 4.830E-01
 2.12767E+01 -1.403E-01 2.755E-01  6.632E-01 4.737E-01
 2.14609E+01 -1.404E-01 2.702E-01  6.659E-01 4.645E-01
 2.16484E+01 -1.405E-01 2.650E-01  6.685E-01 4.555E-01
 2.18392E+01 -1.405E-01 2.598E-01  6.712E-01 4.466E-01
 2.20295E+01 -1.405E-01 2.548E-01  6.738E-01 4.380E-01
 2.22192E+01 -1.404E-01 2.498E-01  6.765E-01 4.295E-01
 2.24161E+01 -1.403E-01 2.448E-01  6.792E-01 4.209E-01
 2.26084E+01 -1.402E-01 2.399E-01  6.817E-01 4.125E-01
 2.28082E+01 -1.399E-01 2.351E-01  6.845E-01 4.044E-01
 2.30072E+01 -1.397E-01 2.303E-01  6.871E-01 3.963E-01
 2.32055E+01 -1.394E-01 2.256E-01  6.897E-01 3.883E-01
 2.34116E+01 -1.390E-01 2.209E-01  6.925E-01 3.804E-01
 2.36124E+01 -1.387E-01 2.163E-01  6.951E-01 3.726E-01
 2.38212E+01 -1.382E-01 2.117E-01  6.979E-01 3.649E-01
 2.40291E+01 -1.378E-01 2.072E-01  7.005E-01 3.573E-01
 2.42359E+01 -1.373E-01 2.027E-01  7.032E-01 3.497E-01
 2.44512E+01 -1.368E-01 1.982E-01  7.058E-01 3.422E-01
 2.46604E+01 -1.362E-01 1.938E-01  7.086E-01 3.348E-01
 2.48783E+01 -1.356E-01 1.894E-01  7.113E-01 3.274E-01
 2.50950E+01 -1.349E-01 1.851E-01  7.141E-01 3.203E-01
 2.53155E+01 -1.343E-01 1.808E-01  7.167E-01 3.130E-01
 2.55346E+01 -1.336E-01 1.765E-01  7.195E-01 3.058E-01
 2.57576E+01 -1.328E-01 1.722E-01  7.224E-01 2.987E-01
 2.59845E+01 -1.320E-01 1.679E-01  7.252E-01 2.915E-01
 2.62099E+01 -1.312E-01 1.637E-01  7.280E-01 2.844E-01
 2.64392E+01 -1.303E-01 1.594E-01  7.310E-01 2.773E-01
 2.66668E+01 -1.294E-01 1.552E-01  7.339E-01 2.702E-01
 2.69042E+01 -1.284E-01 1.509E-01  7.369E-01 2.630E-01
 2.71340E+01 -1.274E-01 1.467E-01  7.399E-01 2.560E-01
 2.73738E+01 -1.263E-01 1.424E-01  7.431E-01 2.488E-01
 2.76118E+01 -1.251E-01 1.381E-01  7.464E-01 2.416E-01
 2.78539E+01 -1.238E-01 1.338E-01  7.498E-01 2.345E-01
 2.80939E+01 -1.224E-01 1.295E-01  7.534E-01 2.273E-01
 2.83381E+01 -1.209E-01 1.252E-01  7.571E-01 2.201E-01
 2.85865E+01 -1.193E-01 1.208E-01  7.610E-01 2.128E-01
 2.88394E+01 -1.176E-01 1.164E-01  7.651E-01 2.054E-01
 2.90899E+01 -1.157E-01 1.119E-01  7.695E-01 1.979E-01
 2.93449E+01 -1.135E-01 1.074E-01  7.743E-01 1.904E-01
 2.95972E+01 -1.112E-01 1.029E-01  7.794E-01 1.829E-01
 2.98612E+01 -1.085E-01 9.824E-02  7.851E-01 1.752E-01
 3.01152E+01 -1.054E-01 9.357E-02  7.916E-01 1.674E-01
 3.03811E+01 -1.018E-01 8.883E-02  7.989E-01 1.596E-01
 3.06441E+01 -9.740E-02 8.402E-02  8.076E-01 1.517E-01
 3.09117E+01 -9.080E-02 7.918E-02  8.204E-01 1.440E-01
