43                                                                              
    E(eV)      Re(n)-1    Im(n)    Re(eps)-1  Im(eps)
1.000000E-06  1.386E+01 2.267E-03  2.197E+02 6.736E-02
1.000000E-05  1.386E+01 2.267E-02  2.197E+02 6.736E-01
1.000000E-04  1.385E+01 2.267E-01  2.196E+02 6.736E+00
6.199000E-04  1.377E+01 1.414E+00  2.151E+02 4.176E+01
8.266000E-04  1.370E+01 1.894E+00  2.114E+02 5.568E+01
1.033000E-03  1.360E+01 2.382E+00  2.066E+02 6.958E+01
1.240000E-03  1.349E+01 2.881E+00  2.008E+02 8.352E+01
1.771000E-03  1.262E+01 4.288E+00  1.661E+02 1.168E+02
2.480000E-03  1.156E+01 5.369E+00  1.280E+02 1.349E+02
3.000000E-03  1.045E+01 6.001E+00  9.405E+01 1.374E+02
3.500000E-03  9.769E+00 6.143E+00  7.723E+01 1.323E+02
4.133000E-03  8.514E+00 6.475E+00  4.760E+01 1.232E+02
4.959000E-03  7.446E+00 6.559E+00  2.731E+01 1.108E+02
6.199000E-03  6.081E+00 6.359E+00  8.697E+00 9.005E+01
7.085000E-03  5.194E+00 6.259E+00 -1.818E+00 7.754E+01
8.266000E-03  4.236E+00 5.754E+00 -6.692E+00 6.025E+01
9.184000E-03  3.734E+00 5.464E+00 -8.448E+00 5.174E+01
1.000000E-02  3.367E+00 5.189E+00 -8.862E+00 4.532E+01
1.050000E-02  3.227E+00 4.889E+00 -7.035E+00 4.134E+01
1.100000E-02  3.088E+00 4.824E+00 -7.553E+00 3.944E+01
1.200000E-02  2.817E+00 4.534E+00 -6.987E+00 3.461E+01
1.240000E-02  2.689E+00 4.438E+00 -7.091E+00 3.274E+01
1.300000E-02  2.543E+00 4.317E+00 -7.089E+00 3.059E+01
1.350000E-02  2.342E+00 4.166E+00 -7.187E+00 2.784E+01
1.400000E-02  2.243E+00 3.995E+00 -6.440E+00 2.591E+01
1.450000E-02  2.160E+00 3.806E+00 -5.500E+00 2.406E+01
1.500000E-02  2.132E+00 3.624E+00 -4.324E+00 2.270E+01
1.550000E-02  2.205E+00 3.560E+00 -3.395E+00 2.282E+01
1.600000E-02  1.992E+00 3.536E+00 -4.552E+00 2.116E+01
1.650000E-02  2.011E+00 3.425E+00 -3.665E+00 2.063E+01
1.700000E-02  1.907E+00 3.286E+00 -3.348E+00 1.911E+01
1.750000E-02  1.864E+00 3.212E+00 -3.110E+00 1.840E+01
1.771000E-02  1.870E+00 3.148E+00 -2.677E+00 1.807E+01
1.800000E-02  1.855E+00 3.170E+00 -2.901E+00 1.810E+01
1.850000E-02  1.781E+00 2.978E+00 -2.133E+00 1.656E+01
1.900000E-02  1.786E+00 3.003E+00 -2.254E+00 1.673E+01
1.950000E-02  1.703E+00 2.861E+00 -1.881E+00 1.547E+01
2.000000E-02  1.697E+00 2.777E+00 -1.441E+00 1.498E+01
2.100000E-02  1.660E+00 2.637E+00 -8.813E-01 1.403E+01
2.200000E-02  1.631E+00 2.511E+00 -3.827E-01 1.321E+01
2.300000E-02  1.635E+00 2.397E+00  1.995E-01 1.263E+01
2.400000E-02  1.608E+00 2.295E+00  5.341E-01 1.197E+01
2.480000E-02  1.594E+00 2.242E+00  7.021E-01 1.163E+01
2.750000E-02  1.519E+00 1.991E+00  1.379E+00 1.003E+01
3.000000E-02  1.503E+00 1.835E+00  1.896E+00 9.184E+00
3.300000E-02  1.509E+00 1.692E+00  2.432E+00 8.492E+00
3.700000E-02  1.476E+00 1.545E+00  2.745E+00 7.652E+00
4.133000E-02  1.426E+00 1.388E+00  2.961E+00 6.734E+00
4.500000E-02  1.414E+00 1.288E+00  3.168E+00 6.217E+00
4.960000E-02  1.419E+00 1.184E+00  3.449E+00 5.728E+00
5.100000E-02  1.416E+00 1.165E+00  3.480E+00 5.630E+00
5.200000E-02  1.412E+00 1.151E+00  3.493E+00 5.555E+00
5.300000E-02  1.406E+00 1.136E+00  3.496E+00 5.467E+00
5.400000E-02  1.400E+00 1.119E+00  3.509E+00 5.374E+00
5.500000E-02  1.398E+00 1.102E+00  3.535E+00 5.283E+00
5.600000E-02  1.397E+00 1.087E+00  3.563E+00 5.208E+00
5.700000E-02  1.394E+00 1.075E+00  3.576E+00 5.147E+00
5.800000E-02  1.388E+00 1.062E+00  3.576E+00 5.073E+00
5.900000E-02  1.381E+00 1.045E+00  3.580E+00 4.976E+00
6.000000E-02  1.382E+00 1.024E+00  3.625E+00 4.877E+00
6.100000E-02  1.389E+00 1.009E+00  3.689E+00 4.823E+00
6.199000E-02  1.392E+00 1.005E+00  3.712E+00 4.808E+00
6.400000E-02  1.392E+00 9.870E-01  3.746E+00 4.721E+00
6.600000E-02  1.387E+00 9.737E-01  3.748E+00 4.648E+00
6.800000E-02  1.378E+00 9.615E-01  3.728E+00 4.572E+00
7.000000E-02  1.370E+00 9.461E-01  3.721E+00 4.484E+00
7.200000E-02  1.365E+00 9.262E-01  3.735E+00 4.381E+00
7.400000E-02  1.365E+00 9.196E-01  3.746E+00 4.349E+00
7.600000E-02  1.352E+00 9.125E-01  3.701E+00 4.293E+00
7.800000E-02  1.342E+00 9.000E-01  3.674E+00 4.215E+00
8.000000E-02  1.332E+00 8.899E-01  3.648E+00 4.151E+00
8.200000E-02  1.319E+00 8.707E-01  3.621E+00 4.039E+00
8.266000E-02  1.317E+00 8.637E-01  3.624E+00 4.003E+00
8.400000E-02  1.318E+00 8.527E-01  3.645E+00 3.953E+00
8.600000E-02  1.314E+00 8.461E-01  3.639E+00 3.916E+00
8.800000E-02  1.308E+00 8.361E-01  3.629E+00 3.860E+00
9.000000E-02  1.300E+00 8.266E-01  3.608E+00 3.803E+00
9.200000E-02  1.293E+00 8.206E-01  3.586E+00 3.764E+00
9.400000E-02  1.282E+00 8.110E-01  3.548E+00 3.701E+00
9.600000E-02  1.274E+00 7.938E-01  3.541E+00 3.610E+00
9.800000E-02  1.272E+00 7.840E-01  3.546E+00 3.562E+00
1.000000E-01  1.270E+00 7.741E-01  3.555E+00 3.515E+00
1.010000E-01  1.268E+00 7.763E-01  3.543E+00 3.522E+00
1.020000E-01  1.262E+00 7.716E-01  3.519E+00 3.490E+00
1.040000E-01  1.257E+00 7.640E-01  3.509E+00 3.448E+00
1.060000E-01  1.247E+00 7.564E-01  3.476E+00 3.399E+00
1.080000E-01  1.237E+00 7.446E-01  3.451E+00 3.332E+00
1.100000E-01  1.233E+00 7.335E-01  3.449E+00 3.276E+00
1.120000E-01  1.230E+00 7.228E-01  3.451E+00 3.224E+00
1.140000E-01  1.228E+00 7.147E-01  3.454E+00 3.185E+00
1.160000E-01  1.227E+00 7.076E-01  3.460E+00 3.152E+00
1.180000E-01  1.224E+00 7.051E-01  3.451E+00 3.137E+00
1.200000E-01  1.220E+00 6.983E-01  3.440E+00 3.100E+00
1.220000E-01  1.216E+00 6.971E-01  3.426E+00 3.090E+00
1.240000E-01  1.209E+00 6.914E-01  3.400E+00 3.054E+00
1.260000E-01  1.204E+00 6.878E-01  3.385E+00 3.032E+00
1.280000E-01  1.199E+00 6.806E-01  3.371E+00 2.993E+00
1.283000E-01  1.198E+00 6.803E-01  3.370E+00 2.991E+00
1.300000E-01  1.193E+00 6.805E-01  3.344E+00 2.984E+00
1.320000E-01  1.184E+00 6.722E-01  3.317E+00 2.936E+00
1.340000E-01  1.176E+00 6.674E-01  3.291E+00 2.905E+00
1.360000E-01  1.172E+00 6.569E-01  3.288E+00 2.854E+00
1.380000E-01  1.169E+00 6.562E-01  3.276E+00 2.847E+00
1.400000E-01  1.159E+00 6.503E-01  3.239E+00 2.808E+00
1.420000E-01  1.155E+00 6.399E-01  3.235E+00 2.758E+00
1.440000E-01  1.152E+00 6.372E-01  3.224E+00 2.742E+00
1.460000E-01  1.146E+00 6.294E-01  3.211E+00 2.702E+00
1.480000E-01  1.141E+00 6.283E-01  3.191E+00 2.691E+00
1.500000E-01  1.131E+00 6.186E-01  3.160E+00 2.637E+00
1.550000E-01  1.124E+00 6.022E-01  3.149E+00 2.558E+00
1.600000E-01  1.111E+00 5.863E-01  3.112E+00 2.475E+00
1.650000E-01  1.104E+00 5.684E-01  3.104E+00 2.392E+00
1.700000E-01  1.099E+00 5.575E-01  3.097E+00 2.341E+00
1.750000E-01  1.093E+00 5.418E-01  3.088E+00 2.268E+00
1.794000E-01  1.081E+00 5.314E-01  3.050E+00 2.212E+00
1.850000E-01  1.089E+00 5.078E-01  3.104E+00 2.121E+00
1.900000E-01  1.091E+00 5.039E-01  3.117E+00 2.107E+00
1.950000E-01  1.086E+00 5.070E-01  3.094E+00 2.115E+00
1.958000E-01  1.083E+00 5.069E-01  3.083E+00 2.112E+00
1.959000E-01  1.083E+00 5.067E-01  3.082E+00 2.111E+00
1.960000E-01  1.083E+00 5.066E-01  3.081E+00 2.110E+00
1.961000E-01  1.082E+00 5.064E-01  3.079E+00 2.109E+00
1.962000E-01  1.082E+00 5.065E-01  3.078E+00 2.109E+00
1.963000E-01  1.082E+00 5.063E-01  3.077E+00 2.108E+00
1.964000E-01  1.081E+00 5.062E-01  3.075E+00 2.107E+00
1.965000E-01  1.081E+00 5.060E-01  3.074E+00 2.106E+00
1.966000E-01  1.081E+00 5.059E-01  3.073E+00 2.105E+00
1.967000E-01  1.080E+00 5.057E-01  3.072E+00 2.104E+00
1.968000E-01  1.080E+00 5.055E-01  3.071E+00 2.103E+00
1.969000E-01  1.080E+00 5.051E-01  3.070E+00 2.101E+00
1.970000E-01  1.079E+00 5.049E-01  3.069E+00 2.100E+00
1.971000E-01  1.079E+00 5.048E-01  3.068E+00 2.099E+00
1.972000E-01  1.079E+00 5.044E-01  3.066E+00 2.097E+00
1.973000E-01  1.078E+00 5.043E-01  3.065E+00 2.096E+00
1.974000E-01  1.078E+00 5.040E-01  3.065E+00 2.095E+00
1.975000E-01  1.078E+00 5.036E-01  3.064E+00 2.093E+00
1.976000E-01  1.078E+00 5.035E-01  3.063E+00 2.092E+00
1.977000E-01  1.077E+00 5.031E-01  3.062E+00 2.090E+00
1.978000E-01  1.077E+00 5.029E-01  3.061E+00 2.089E+00
1.980000E-01  1.077E+00 5.023E-01  3.060E+00 2.086E+00
1.990000E-01  1.075E+00 4.994E-01  3.055E+00 2.072E+00
2.000000E-01  1.074E+00 4.972E-01  3.053E+00 2.062E+00
2.050000E-01  1.069E+00 4.906E-01  3.040E+00 2.030E+00
2.100000E-01  1.057E+00 4.924E-01  2.989E+00 2.026E+00
2.200000E-01  1.034E+00 4.482E-01  2.935E+00 1.823E+00
2.250000E-01  1.038E+00 4.338E-01  2.965E+00 1.768E+00
2.400000E-01  1.042E+00 4.136E-01  2.999E+00 1.689E+00
2.480000E-01  1.040E+00 4.071E-01  2.996E+00 1.661E+00
2.600000E-01  1.036E+00 3.934E-01  2.992E+00 1.602E+00
2.800000E-01  1.022E+00 3.721E-01  2.951E+00 1.505E+00
3.000000E-01  1.020E+00 3.554E-01  2.955E+00 1.436E+00
3.200000E-01  1.013E+00 3.378E-01  2.939E+00 1.360E+00
3.400000E-01  1.009E+00 3.231E-01  2.930E+00 1.298E+00
3.645000E-01  9.979E-01 3.141E-01  2.893E+00 1.255E+00
3.800000E-01  9.932E-01 2.978E-01  2.884E+00 1.187E+00
4.000000E-01  9.920E-01 2.882E-01  2.885E+00 1.148E+00
4.500000E-01  9.828E-01 2.620E-01  2.863E+00 1.039E+00
5.000000E-01  9.809E-01 2.431E-01  2.865E+00 9.630E-01
5.115000E-01  9.805E-01 2.395E-01  2.865E+00 9.486E-01
5.500000E-01  9.795E-01 2.313E-01  2.865E+00 9.156E-01
5.636000E-01  9.772E-01 2.287E-01  2.857E+00 9.042E-01
5.843000E-01  9.755E-01 2.226E-01  2.853E+00 8.794E-01
6.000000E-01  9.759E-01 2.196E-01  2.856E+00 8.679E-01
6.500000E-01  9.705E-01 2.122E-01  2.838E+00 8.362E-01
7.000000E-01  9.693E-01 2.028E-01  2.837E+00 7.989E-01
7.514000E-01  9.667E-01 1.969E-01  2.829E+00 7.743E-01
8.000000E-01  9.661E-01 1.908E-01  2.829E+00 7.504E-01
8.500000E-01  9.657E-01 1.870E-01  2.829E+00 7.351E-01
9.000000E-01  9.646E-01 1.837E-01  2.826E+00 7.217E-01
9.500000E-01  9.646E-01 1.806E-01  2.827E+00 7.097E-01
9.919000E-01  9.647E-01 1.793E-01  2.828E+00 7.045E-01
1.100000E+00  9.647E-01 1.766E-01  2.829E+00 6.941E-01
1.240000E+00  9.661E-01 1.776E-01  2.834E+00 6.984E-01
1.378000E+00  9.654E-01 1.808E-01  2.830E+00 7.106E-01
1.550000E+00  9.682E-01 1.835E-01  2.840E+00 7.225E-01
1.771000E+00  9.746E-01 1.973E-01  2.860E+00 7.791E-01
1.889000E+00  9.770E-01 2.061E-01  2.866E+00 8.151E-01
2.254000E+00  9.842E-01 2.472E-01  2.876E+00 9.809E-01
2.551000E+00  9.754E-01 2.901E-01  2.818E+00 1.146E+00
2.818000E+00  9.576E-01 3.259E-01  2.726E+00 1.276E+00
2.857000E+00  9.546E-01 3.308E-01  2.711E+00 1.293E+00
3.100000E+00  9.331E-01 3.590E-01  2.608E+00 1.388E+00
3.250000E+00  9.180E-01 3.749E-01  2.538E+00 1.438E+00
3.397000E+00  9.018E-01 3.886E-01  2.466E+00 1.478E+00
3.604000E+00  8.788E-01 4.050E-01  2.366E+00 1.522E+00
3.800000E+00  8.560E-01 4.178E-01  2.270E+00 1.551E+00
4.000000E+00  8.324E-01 4.276E-01  2.175E+00 1.567E+00
4.250000E+00  8.042E-01 4.359E-01  2.065E+00 1.573E+00
4.350000E+00  7.926E-01 4.387E-01  2.021E+00 1.573E+00
4.525000E+00  7.722E-01 4.401E-01  1.947E+00 1.560E+00
4.800000E+00  7.453E-01 4.372E-01  1.855E+00 1.526E+00
4.959000E+00  7.331E-01 4.345E-01  1.815E+00 1.506E+00
5.166000E+00  7.187E-01 4.323E-01  1.767E+00 1.486E+00
5.200000E+00  7.166E-01 4.320E-01  1.760E+00 1.483E+00
5.300000E+00  7.085E-01 4.311E-01  1.733E+00 1.473E+00
5.391000E+00  7.014E-01 4.288E-01  1.711E+00 1.459E+00
5.500000E+00  6.941E-01 4.244E-01  1.690E+00 1.438E+00
5.600000E+00  6.890E-01 4.204E-01  1.676E+00 1.420E+00
5.661000E+00  6.864E-01 4.181E-01  1.669E+00 1.410E+00
5.700000E+00  6.849E-01 4.169E-01  1.665E+00 1.405E+00
5.800000E+00  6.808E-01 4.138E-01  1.654E+00 1.391E+00
5.904000E+00  6.765E-01 4.107E-01  1.642E+00 1.377E+00
6.199000E+00  6.664E-01 3.976E-01  1.619E+00 1.325E+00
6.526000E+00  6.706E-01 3.807E-01  1.646E+00 1.272E+00
6.888000E+00  6.803E-01 3.761E-01  1.682E+00 1.264E+00
7.293000E+00  6.976E-01 3.714E-01  1.744E+00 1.261E+00
7.500000E+00  7.104E-01 3.748E-01  1.785E+00 1.282E+00
7.749000E+00  7.259E-01 3.842E-01  1.831E+00 1.326E+00
8.000000E+00  7.407E-01 3.975E-01  1.872E+00 1.384E+00
8.321000E+00  7.582E-01 4.212E-01  1.914E+00 1.481E+00
8.500000E+00  7.665E-01 4.376E-01  1.929E+00 1.546E+00
8.600000E+00  7.705E-01 4.470E-01  1.935E+00 1.583E+00
8.700000E+00  7.732E-01 4.574E-01  1.935E+00 1.622E+00
8.800000E+00  7.766E-01 4.672E-01  1.938E+00 1.660E+00
8.920000E+00  7.802E-01 4.797E-01  1.939E+00 1.708E+00
9.100000E+00  7.849E-01 4.989E-01  1.937E+00 1.781E+00
9.300000E+00  7.899E-01 5.224E-01  1.931E+00 1.870E+00
9.500000E+00  7.941E-01 5.485E-01  1.918E+00 1.968E+00
9.700000E+00  7.964E-01 5.778E-01  1.893E+00 2.076E+00
9.919000E+00  7.951E-01 6.142E-01  1.845E+00 2.205E+00
1.020000E+01  7.834E-01 6.689E-01  1.733E+00 2.386E+00
1.050700E+01  7.501E-01 7.125E-01  1.555E+00 2.494E+00
1.080000E+01  7.249E-01 7.485E-01  1.415E+00 2.582E+00
1.117000E+01  6.877E-01 7.964E-01  1.214E+00 2.688E+00
1.150000E+01  6.476E-01 8.352E-01  1.017E+00 2.752E+00
1.180800E+01  6.057E-01 8.672E-01  8.260E-01 2.785E+00
1.210000E+01  5.625E-01 8.937E-01  6.428E-01 2.793E+00
1.239900E+01  5.150E-01 9.162E-01  4.560E-01 2.776E+00
1.270000E+01  4.645E-01 9.317E-01  2.768E-01 2.729E+00
1.300000E+01  4.153E-01 9.398E-01  1.198E-01 2.660E+00
1.330000E+01  3.688E-01 9.439E-01 -1.746E-02 2.584E+00
1.360000E+01  3.232E-01 9.450E-01 -1.421E-01 2.501E+00
1.400000E+01  2.657E-01 9.410E-01 -2.836E-01 2.382E+00
1.500000E+01  1.280E-01 9.118E-01 -5.590E-01 2.057E+00
1.600000E+01  2.519E-02 8.545E-01 -6.791E-01 1.752E+00
1.700000E+01 -6.072E-02 7.937E-01 -7.477E-01 1.491E+00
1.800000E+01 -1.277E-01 7.234E-01 -7.623E-01 1.262E+00
1.900000E+01 -1.799E-01 6.567E-01 -7.587E-01 1.077E+00
2.000000E+01 -2.103E-01 5.847E-01 -7.183E-01 9.234E-01
2.100000E+01 -2.332E-01 5.315E-01 -6.945E-01 8.152E-01
2.200000E+01 -2.501E-01 4.684E-01 -6.571E-01 7.025E-01
2.300000E+01 -2.627E-01 4.084E-01 -6.232E-01 6.022E-01
2.400000E+01 -2.431E-01 3.399E-01 -5.427E-01 5.145E-01
2.500000E+01 -2.109E-01 3.213E-01 -4.806E-01 5.070E-01
2.600000E+01 -2.102E-01 3.156E-01 -4.759E-01 4.985E-01
2.700000E+01 -2.212E-01 2.893E-01 -4.772E-01 4.506E-01
2.800000E+01 -2.203E-01 2.620E-01 -4.608E-01 4.086E-01
2.900000E+01 -2.169E-01 2.372E-01 -4.431E-01 3.715E-01
3.000000E+01 -2.118E-01 2.149E-01 -4.249E-01 3.388E-01
3.100000E+01 -2.056E-01 1.949E-01 -4.070E-01 3.097E-01
3.200000E+01 -1.988E-01 1.771E-01 -3.895E-01 2.838E-01
3.300000E+01 -1.917E-01 1.612E-01 -3.727E-01 2.606E-01
3.400000E+01 -1.846E-01 1.471E-01 -3.567E-01 2.399E-01
3.500000E+01 -1.774E-01 1.345E-01 -3.414E-01 2.213E-01
3.600000E+01 -1.704E-01 1.232E-01 -3.269E-01 2.045E-01
3.700000E+01 -1.635E-01 1.132E-01 -3.131E-01 1.894E-01
3.800000E+01 -1.569E-01 1.042E-01 -3.000E-01 1.757E-01
3.900000E+01 -1.505E-01 9.606E-02 -2.876E-01 1.632E-01
4.000000E+01 -1.444E-01 8.877E-02 -2.759E-01 1.519E-01
4.200000E+01 -1.332E-01 7.625E-02 -2.544E-01 1.322E-01
4.400000E+01 -1.229E-01 6.595E-02 -2.350E-01 1.157E-01
4.600000E+01 -1.136E-01 5.742E-02 -2.176E-01 1.018E-01
4.800000E+01 -1.053E-01 5.028E-02 -2.020E-01 8.998E-02
5.000000E+01 -9.769E-02 4.427E-02 -1.878E-01 7.989E-02
5.250000E+01 -8.932E-02 3.803E-02 -1.721E-01 6.926E-02
5.400000E+01 -8.473E-02 3.483E-02 -1.635E-01 6.376E-02
5.600000E+01 -7.909E-02 3.109E-02 -1.529E-01 5.727E-02
5.750000E+01 -7.527E-02 2.864E-02 -1.457E-01 5.296E-02
6.000000E+01 -6.939E-02 2.507E-02 -1.346E-01 4.666E-02
6.500000E+01 -5.953E-02 1.953E-02 -1.159E-01 3.673E-02
7.000000E+01 -5.151E-02 1.548E-02 -1.006E-01 2.937E-02
7.500000E+01 -4.496E-02 1.247E-02 -8.806E-02 2.381E-02
8.000000E+01 -3.957E-02 1.017E-02 -7.767E-02 1.954E-02
8.500000E+01 -3.505E-02 8.399E-03 -6.895E-02 1.621E-02
9.000000E+01 -3.125E-02 7.009E-03 -6.157E-02 1.358E-02
9.500000E+01 -2.800E-02 5.900E-03 -5.526E-02 1.147E-02
1.000000E+02 -2.523E-02 5.009E-03 -4.985E-02 9.765E-03
1.100000E+02 -2.075E-02 3.690E-03 -4.109E-02 7.226E-03
1.200000E+02 -1.732E-02 2.786E-03 -3.434E-02 5.475E-03
1.300000E+02 -1.463E-02 2.148E-03 -2.905E-02 4.233E-03
1.400000E+02 -1.249E-02 1.686E-03 -2.482E-02 3.330E-03
1.500000E+02 -1.075E-02 1.344E-03 -2.138E-02 2.659E-03
1.600000E+02 -9.318E-03 1.086E-03 -1.855E-02 2.151E-03
1.700000E+02 -8.118E-03 8.877E-04 -1.617E-02 1.761E-03
1.750000E+02 -7.594E-03 8.056E-04 -1.513E-02 1.599E-03
1.800000E+02 -7.105E-03 7.332E-04 -1.416E-02 1.456E-03
1.900000E+02 -6.239E-03 6.118E-04 -1.244E-02 1.216E-03
2.000000E+02 -5.480E-03 5.148E-04 -1.093E-02 1.024E-03
2.200000E+02 -4.209E-03 3.725E-04 -8.401E-03 7.418E-04
2.400000E+02 -3.122E-03 2.766E-04 -6.235E-03 5.515E-04
2.600000E+02 -2.007E-03 2.100E-04 -4.011E-03 4.191E-04
2.700000E+02 -1.252E-03 1.842E-04 -2.502E-03 3.679E-04
2.750000E+02 -6.802E-04 1.728E-04 -1.360E-03 3.453E-04
2.800000E+02  3.816E-04 1.621E-04  7.634E-04 3.244E-04
2.820000E+02  3.003E-03 1.578E-04  6.015E-03 3.165E-04
2.830000E+02  2.641E-03 2.039E-04  5.288E-03 4.089E-04
2.835000E+02  1.719E-03 2.510E-04  3.440E-03 5.029E-04
2.840000E+02  1.410E-03 4.896E-04  2.822E-03 9.805E-04
2.841000E+02  1.372E-03 8.723E-04  2.746E-03 1.747E-03
2.843000E+02  1.350E-03 2.428E-03  2.695E-03 4.863E-03
2.845000E+02  1.339E-03 3.980E-03  2.664E-03 7.970E-03
2.847000E+02  1.336E-03 5.558E-03  2.642E-03 1.113E-02
2.849000E+02  1.337E-03 7.066E-03  2.626E-03 1.415E-02
2.850000E+02  1.339E-03 7.790E-03  2.619E-03 1.560E-02
2.851000E+02  1.340E-03 8.399E-03  2.611E-03 1.682E-02
2.852000E+02  1.340E-03 8.953E-03  2.601E-03 1.793E-02
2.853000E+02  1.339E-03 9.452E-03  2.590E-03 1.893E-02
2.854000E+02  1.334E-03 9.687E-03  2.575E-03 1.940E-02
2.855000E+02  1.319E-03 9.448E-03  2.551E-03 1.892E-02
2.856000E+02  1.303E-03 9.088E-03  2.525E-03 1.820E-02
2.857000E+02  1.284E-03 8.529E-03  2.496E-03 1.708E-02
2.858000E+02  1.261E-03 7.770E-03  2.464E-03 1.556E-02
2.860000E+02  1.209E-03 5.623E-03  2.388E-03 1.126E-02
2.865000E+02  1.115E-03 4.188E-03  2.213E-03 8.385E-03
2.870000E+02  8.017E-04 3.470E-03  1.592E-03 6.945E-03
2.880000E+02 -1.975E-03 3.134E-03 -3.956E-03 6.255E-03
2.890000E+02 -8.203E-04 2.835E-03 -1.648E-03 5.666E-03
2.900000E+02 -4.576E-04 2.400E-03 -9.208E-04 4.798E-03
2.910000E+02 -5.056E-04 2.249E-03 -1.016E-03 4.495E-03
2.911000E+02 -5.118E-04 2.388E-03 -1.029E-03 4.774E-03
2.915000E+02 -5.225E-04 3.647E-03 -1.058E-03 7.290E-03
2.916000E+02 -5.227E-04 4.113E-03 -1.062E-03 8.222E-03
2.917000E+02 -5.243E-04 4.439E-03 -1.068E-03 8.873E-03
2.920000E+02 -5.391E-04 4.247E-03 -1.096E-03 8.490E-03
2.921000E+02 -5.409E-04 4.059E-03 -1.098E-03 8.113E-03
2.930000E+02 -5.463E-04 4.324E-03 -1.111E-03 8.644E-03
2.940000E+02 -7.374E-04 4.217E-03 -1.492E-03 8.427E-03
2.950000E+02 -1.525E-03 4.066E-03 -3.065E-03 8.119E-03
2.960000E+02 -1.800E-03 3.867E-03 -3.611E-03 7.721E-03
2.970000E+02 -1.960E-03 3.349E-03 -3.928E-03 6.684E-03
2.980000E+02 -1.986E-03 3.199E-03 -3.979E-03 6.385E-03
2.990000E+02 -1.955E-03 3.050E-03 -3.916E-03 6.088E-03
3.000000E+02 -1.742E-03 2.856E-03 -3.489E-03 5.702E-03
3.010000E+02 -1.678E-03 2.891E-03 -3.362E-03 5.772E-03
3.020000E+02 -1.644E-03 2.970E-03 -3.294E-03 5.931E-03
3.030000E+02 -1.571E-03 3.230E-03 -3.149E-03 6.449E-03
3.040000E+02 -1.546E-03 3.353E-03 -3.100E-03 6.695E-03
3.050000E+02 -1.608E-03 3.385E-03 -3.225E-03 6.760E-03
3.060000E+02 -1.821E-03 3.463E-03 -3.650E-03 6.914E-03
3.070000E+02 -2.023E-03 3.674E-03 -4.056E-03 7.333E-03
3.080000E+02 -2.205E-03 3.795E-03 -4.419E-03 7.573E-03
3.090000E+02 -2.392E-03 3.694E-03 -4.791E-03 7.370E-03
3.100000E+02 -2.621E-03 3.550E-03 -5.247E-03 7.081E-03
3.150000E+02 -3.031E-03 2.658E-03 -6.059E-03 5.300E-03
3.200000E+02 -2.777E-03 2.214E-03 -5.551E-03 4.416E-03
3.300000E+02 -2.579E-03 2.008E-03 -5.155E-03 4.005E-03
3.400000E+02 -2.514E-03 1.823E-03 -5.025E-03 3.637E-03
3.600000E+02 -2.394E-03 1.513E-03 -4.785E-03 3.018E-03
3.800000E+02 -2.257E-03 1.264E-03 -4.510E-03 2.523E-03
4.000000E+02 -2.114E-03 1.064E-03 -4.224E-03 2.123E-03
4.500000E+02 -1.778E-03 7.113E-04 -3.554E-03 1.420E-03
5.000000E+02 -1.486E-03 4.921E-04 -2.971E-03 9.828E-04
5.500000E+02 -1.252E-03 3.508E-04 -2.502E-03 7.008E-04
6.000000E+02 -1.064E-03 2.566E-04 -2.126E-03 5.126E-04
6.500000E+02 -9.119E-04 1.918E-04 -1.823E-03 3.833E-04
7.000000E+02 -7.888E-04 1.462E-04 -1.577E-03 2.921E-04
7.500000E+02 -6.877E-04 1.133E-04 -1.375E-03 2.264E-04
8.000000E+02 -6.047E-04 8.910E-05 -1.209E-03 1.781E-04
8.500000E+02 -5.351E-04 7.104E-05 -1.070E-03 1.420E-04
9.000000E+02 -4.768E-04 5.728E-05 -9.534E-04 1.145E-04
9.500000E+02 -4.272E-04 4.671E-05 -8.543E-04 9.339E-05
1.000000E+03 -3.849E-04 3.845E-05 -7.697E-04 7.688E-05
1.100000E+03 -3.170E-04 2.674E-05 -6.340E-04 5.346E-05
1.200000E+03 -2.654E-04 1.915E-05 -5.307E-04 3.828E-05
1.300000E+03 -2.253E-04 1.406E-05 -4.506E-04 2.811E-05
1.400000E+03 -1.936E-04 1.055E-05 -3.872E-04 2.109E-05
1.500000E+03 -1.682E-04 8.066E-06 -3.364E-04 1.613E-05
1.600000E+03 -1.474E-04 6.266E-06 -2.948E-04 1.253E-05
1.700000E+03 -1.302E-04 4.942E-06 -2.604E-04 9.882E-06
1.800000E+03 -1.159E-04 3.947E-06 -2.318E-04 7.893E-06
1.900000E+03 -1.038E-04 3.189E-06 -2.076E-04 6.378E-06
2.000000E+03 -9.345E-05 2.604E-06 -1.869E-04 5.207E-06
2.500000E+03 -5.935E-05 1.071E-06 -1.187E-04 2.142E-06
3.000000E+03 -4.104E-05 5.160E-07 -8.207E-05 1.032E-06
4.000000E+03 -2.295E-05 1.611E-07 -4.590E-05 3.221E-07
5.000000E+03 -1.465E-05 6.475E-08 -2.929E-05 1.295E-07
6.000000E+03 -1.015E-05 3.062E-08 -2.030E-05 6.123E-08
8.000000E+03 -5.695E-06 9.310E-09 -1.139E-05 1.862E-08
1.000000E+04 -3.642E-06 3.675E-09 -7.283E-06 7.349E-09
1.200000E+04 -2.527E-06 2.153E-09 -5.054E-06 4.305E-09
1.400000E+04 -1.856E-06 1.057E-09 -3.712E-06 2.114E-09
1.600000E+04 -1.421E-06 5.360E-10 -2.841E-06 1.072E-09
1.800000E+04 -1.123E-06 3.280E-10 -2.245E-06 6.560E-10
2.000000E+04 -9.090E-07 1.980E-10 -1.818E-06 3.959E-10
