= ICOMP amorphous carbon BE from Zubko etal 1996
   E(eV)       Re(m)-1    Im(m)    Re(eps)-1  Im(eps)
 6.24466E-04  1.371E+01 4.935E+00  1.920E+02 1.452E+02
 6.29863E-04  1.367E+01 4.932E+00  1.909E+02 1.447E+02
 6.35354E-04  1.363E+01 4.928E+00  1.898E+02 1.442E+02
 6.40942E-04  1.360E+01 4.923E+00  1.889E+02 1.438E+02
 6.46291E-04  1.356E+01 4.916E+00  1.878E+02 1.432E+02
 6.52074E-04  1.353E+01 4.909E+00  1.870E+02 1.427E+02
 6.57611E-04  1.349E+01 4.900E+00  1.860E+02 1.420E+02
 6.63599E-04  1.345E+01 4.889E+00  1.849E+02 1.413E+02
 6.69335E-04  1.342E+01 4.876E+00  1.842E+02 1.406E+02
 6.75172E-04  1.338E+01 4.859E+00  1.832E+02 1.397E+02
 6.81110E-04  1.335E+01 4.841E+00  1.825E+02 1.389E+02
 6.86774E-04  1.332E+01 4.820E+00  1.818E+02 1.380E+02
 6.92919E-04  1.329E+01 4.799E+00  1.812E+02 1.372E+02
 6.98782E-04  1.326E+01 4.776E+00  1.805E+02 1.362E+02
 7.05145E-04  1.324E+01 4.754E+00  1.802E+02 1.354E+02
 7.11217E-04  1.323E+01 4.733E+00  1.801E+02 1.347E+02
 7.17394E-04  1.321E+01 4.714E+00  1.797E+02 1.340E+02
 7.23680E-04  1.320E+01 4.698E+00  1.796E+02 1.334E+02
 7.30077E-04  1.319E+01 4.685E+00  1.794E+02 1.330E+02
 7.36587E-04  1.319E+01 4.676E+00  1.795E+02 1.327E+02
 7.42770E-04  1.318E+01 4.671E+00  1.793E+02 1.325E+02
 7.49510E-04  1.317E+01 4.670E+00  1.790E+02 1.323E+02
 7.55912E-04  1.316E+01 4.672E+00  1.787E+02 1.323E+02
 7.62425E-04  1.315E+01 4.677E+00  1.783E+02 1.324E+02
 7.69050E-04  1.314E+01 4.684E+00  1.780E+02 1.325E+02
 7.75792E-04  1.312E+01 4.692E+00  1.774E+02 1.325E+02
 7.82653E-04  1.310E+01 4.701E+00  1.767E+02 1.326E+02
 7.89637E-04  1.308E+01 4.710E+00  1.761E+02 1.326E+02
 7.96234E-04  1.305E+01 4.719E+00  1.751E+02 1.326E+02
 8.03463E-04  1.303E+01 4.726E+00  1.745E+02 1.326E+02
 8.10294E-04  1.300E+01 4.731E+00  1.736E+02 1.325E+02
 8.17243E-04  1.297E+01 4.736E+00  1.727E+02 1.323E+02
 8.24311E-04  1.294E+01 4.738E+00  1.719E+02 1.321E+02
 8.31503E-04  1.291E+01 4.740E+00  1.710E+02 1.319E+02
 8.38822E-04  1.288E+01 4.740E+00  1.702E+02 1.316E+02
 8.46270E-04  1.285E+01 4.740E+00  1.694E+02 1.313E+02
 8.53853E-04  1.282E+01 4.739E+00  1.685E+02 1.310E+02
 8.60973E-04  1.279E+01 4.737E+00  1.677E+02 1.306E+02
 8.68822E-04  1.276E+01 4.735E+00  1.669E+02 1.303E+02
 8.76195E-04  1.273E+01 4.733E+00  1.661E+02 1.300E+02
 8.83695E-04  1.270E+01 4.730E+00  1.653E+02 1.296E+02
 8.91324E-04  1.267E+01 4.728E+00  1.645E+02 1.293E+02
 8.99086E-04  1.265E+01 4.725E+00  1.640E+02 1.290E+02
 9.06984E-04  1.262E+01 4.721E+00  1.632E+02 1.286E+02
 9.15022E-04  1.259E+01 4.718E+00  1.624E+02 1.282E+02
 9.23204E-04  1.256E+01 4.715E+00  1.616E+02 1.279E+02
 9.30834E-04  1.253E+01 4.711E+00  1.609E+02 1.275E+02
 9.39302E-04  1.251E+01 4.707E+00  1.604E+02 1.272E+02
 9.47202E-04  1.248E+01 4.704E+00  1.596E+02 1.268E+02
 9.55972E-04  1.245E+01 4.700E+00  1.588E+02 1.264E+02
 9.64156E-04  1.243E+01 4.696E+00  1.583E+02 1.261E+02
 9.72480E-04  1.240E+01 4.693E+00  1.575E+02 1.258E+02
 9.80950E-04  1.237E+01 4.689E+00  1.568E+02 1.254E+02
 9.89569E-04  1.234E+01 4.685E+00  1.560E+02 1.250E+02
 9.98340E-04  1.232E+01 4.681E+00  1.555E+02 1.247E+02
 1.00645E-03  1.229E+01 4.678E+00  1.547E+02 1.243E+02
 1.01552E-03  1.226E+01 4.674E+00  1.540E+02 1.240E+02
 1.02476E-03  1.224E+01 4.670E+00  1.535E+02 1.237E+02
 1.03331E-03  1.221E+01 4.666E+00  1.527E+02 1.233E+02
 1.04288E-03  1.219E+01 4.663E+00  1.522E+02 1.230E+02
 1.05173E-03  1.216E+01 4.659E+00  1.515E+02 1.226E+02
 1.06074E-03  1.213E+01 4.655E+00  1.507E+02 1.222E+02
 1.06990E-03  1.211E+01 4.652E+00  1.502E+02 1.220E+02
 1.07922E-03  1.208E+01 4.648E+00  1.495E+02 1.216E+02
 1.08870E-03  1.205E+01 4.644E+00  1.487E+02 1.212E+02
 1.09835E-03  1.203E+01 4.641E+00  1.482E+02 1.209E+02
 1.10818E-03  1.200E+01 4.637E+00  1.475E+02 1.206E+02
 1.11717E-03  1.198E+01 4.633E+00  1.470E+02 1.203E+02
 1.12733E-03  1.195E+01 4.630E+00  1.463E+02 1.199E+02
 1.13664E-03  1.192E+01 4.626E+00  1.455E+02 1.195E+02
 1.14717E-03  1.190E+01 4.623E+00  1.450E+02 1.193E+02
 1.15681E-03  1.187E+01 4.619E+00  1.443E+02 1.189E+02
 1.16661E-03  1.185E+01 4.616E+00  1.438E+02 1.186E+02
 1.17770E-03  1.182E+01 4.613E+00  1.431E+02 1.183E+02
 1.18786E-03  1.180E+01 4.610E+00  1.426E+02 1.180E+02
 1.19820E-03  1.177E+01 4.607E+00  1.418E+02 1.177E+02
 1.20872E-03  1.174E+01 4.604E+00  1.411E+02 1.173E+02
 1.21943E-03  1.172E+01 4.602E+00  1.406E+02 1.171E+02
 1.22911E-03  1.169E+01 4.599E+00  1.399E+02 1.167E+02
 1.24030E-03  1.167E+01 4.597E+00  1.394E+02 1.165E+02
 1.25120E-03  1.164E+01 4.595E+00  1.387E+02 1.162E+02
 1.26204E-03  1.161E+01 4.593E+00  1.379E+02 1.158E+02
 1.27306E-03  1.159E+01 4.591E+00  1.374E+02 1.156E+02
 1.28427E-03  1.156E+01 4.589E+00  1.367E+02 1.153E+02
 1.29542E-03  1.153E+01 4.587E+00  1.360E+02 1.150E+02
 1.30676E-03  1.151E+01 4.585E+00  1.355E+02 1.147E+02
 1.31816E-03  1.148E+01 4.583E+00  1.347E+02 1.144E+02
 1.32962E-03  1.145E+01 4.581E+00  1.340E+02 1.141E+02
 1.34128E-03  1.142E+01 4.579E+00  1.333E+02 1.137E+02
 1.35300E-03  1.140E+01 4.576E+00  1.328E+02 1.135E+02
 1.36477E-03  1.137E+01 4.574E+00  1.321E+02 1.132E+02
 1.37660E-03  1.134E+01 4.572E+00  1.314E+02 1.128E+02
 1.38863E-03  1.131E+01 4.569E+00  1.307E+02 1.125E+02
 1.40072E-03  1.128E+01 4.567E+00  1.299E+02 1.122E+02
 1.41302E-03  1.125E+01 4.564E+00  1.292E+02 1.118E+02
 1.42538E-03  1.122E+01 4.560E+00  1.285E+02 1.114E+02
 1.43779E-03  1.120E+01 4.557E+00  1.281E+02 1.112E+02
 1.45041E-03  1.117E+01 4.553E+00  1.274E+02 1.108E+02
 1.46308E-03  1.114E+01 4.549E+00  1.267E+02 1.104E+02
 1.47581E-03  1.111E+01 4.544E+00  1.260E+02 1.101E+02
 1.48857E-03  1.108E+01 4.539E+00  1.253E+02 1.097E+02
 1.50156E-03  1.105E+01 4.534E+00  1.246E+02 1.093E+02
 1.51478E-03  1.102E+01 4.528E+00  1.240E+02 1.089E+02
 1.52805E-03  1.099E+01 4.522E+00  1.233E+02 1.084E+02
 1.54135E-03  1.096E+01 4.515E+00  1.227E+02 1.080E+02
 1.55470E-03  1.093E+01 4.509E+00  1.220E+02 1.076E+02
 1.56828E-03  1.090E+01 4.501E+00  1.214E+02 1.071E+02
 1.58210E-03  1.087E+01 4.494E+00  1.207E+02 1.067E+02
 1.59575E-03  1.084E+01 4.486E+00  1.201E+02 1.062E+02
 1.60985E-03  1.081E+01 4.479E+00  1.194E+02 1.058E+02
 1.62377E-03  1.079E+01 4.470E+00  1.190E+02 1.054E+02
 1.63794E-03  1.076E+01 4.462E+00  1.184E+02 1.049E+02
 1.65236E-03  1.073E+01 4.454E+00  1.178E+02 1.045E+02
 1.66659E-03  1.071E+01 4.445E+00  1.174E+02 1.041E+02
 1.68129E-03  1.068E+01 4.436E+00  1.167E+02 1.036E+02
 1.69602E-03  1.065E+01 4.428E+00  1.161E+02 1.032E+02
 1.71077E-03  1.063E+01 4.419E+00  1.157E+02 1.028E+02
 1.72554E-03  1.060E+01 4.410E+00  1.151E+02 1.023E+02
 1.74082E-03  1.057E+01 4.401E+00  1.145E+02 1.018E+02
 1.75587E-03  1.055E+01 4.392E+00  1.141E+02 1.015E+02
 1.77118E-03  1.052E+01 4.383E+00  1.135E+02 1.010E+02
 1.78676E-03  1.050E+01 4.374E+00  1.131E+02 1.006E+02
 1.80236E-03  1.048E+01 4.365E+00  1.127E+02 1.002E+02
 1.81796E-03  1.045E+01 4.356E+00  1.121E+02 9.975E+01
 1.83384E-03  1.043E+01 4.347E+00  1.117E+02 9.937E+01
 1.84999E-03  1.041E+01 4.339E+00  1.114E+02 9.902E+01
 1.86615E-03  1.038E+01 4.330E+00  1.108E+02 9.855E+01
 1.88232E-03  1.036E+01 4.322E+00  1.104E+02 9.820E+01
 1.89876E-03  1.034E+01 4.314E+00  1.100E+02 9.784E+01
 1.91520E-03  1.032E+01 4.306E+00  1.096E+02 9.749E+01
 1.93192E-03  1.030E+01 4.299E+00  1.092E+02 9.716E+01
 1.94894E-03  1.027E+01 4.292E+00  1.086E+02 9.674E+01
 1.96595E-03  1.025E+01 4.285E+00  1.082E+02 9.641E+01
 1.98294E-03  1.023E+01 4.279E+00  1.078E+02 9.611E+01
 2.00023E-03  1.021E+01 4.272E+00  1.074E+02 9.578E+01
 2.01782E-03  1.019E+01 4.267E+00  1.070E+02 9.550E+01
 2.03539E-03  1.017E+01 4.261E+00  1.066E+02 9.519E+01
 2.05326E-03  1.015E+01 4.255E+00  1.062E+02 9.489E+01
 2.07111E-03  1.012E+01 4.250E+00  1.056E+02 9.452E+01
 2.08927E-03  1.010E+01 4.245E+00  1.052E+02 9.424E+01
 2.10740E-03  1.008E+01 4.241E+00  1.048E+02 9.398E+01
 2.12584E-03  1.006E+01 4.236E+00  1.044E+02 9.370E+01
 2.14424E-03  1.004E+01 4.232E+00  1.040E+02 9.344E+01
 2.16295E-03  1.002E+01 4.228E+00  1.036E+02 9.319E+01
 2.18200E-03  1.000E+01 4.225E+00  1.031E+02 9.295E+01
 2.20099E-03  9.970E+00 4.221E+00  1.025E+02 9.261E+01
 2.22032E-03  9.950E+00 4.218E+00  1.021E+02 9.237E+01
 2.23959E-03  9.930E+00 4.215E+00  1.017E+02 9.214E+01
 2.25919E-03  9.910E+00 4.213E+00  1.013E+02 9.193E+01
 2.27872E-03  9.880E+00 4.210E+00  1.007E+02 9.161E+01
 2.29859E-03  9.860E+00 4.208E+00  1.002E+02 9.140E+01
 2.31881E-03  9.840E+00 4.205E+00  9.982E+01 9.116E+01
 2.33895E-03  9.810E+00 4.203E+00  9.919E+01 9.087E+01
 2.35944E-03  9.790E+00 4.201E+00  9.878E+01 9.066E+01
 2.37983E-03  9.760E+00 4.199E+00  9.815E+01 9.036E+01
 2.40105E-03  9.740E+00 4.197E+00  9.773E+01 9.015E+01
 2.42170E-03  9.710E+00 4.194E+00  9.711E+01 8.984E+01
 2.44270E-03  9.690E+00 4.192E+00  9.670E+01 8.962E+01
 2.46408E-03  9.660E+00 4.189E+00  9.609E+01 8.931E+01
 2.48583E-03  9.640E+00 4.186E+00  9.569E+01 8.908E+01
 2.50747E-03  9.610E+00 4.183E+00  9.507E+01 8.876E+01
 2.52948E-03  9.580E+00 4.179E+00  9.447E+01 8.843E+01
 2.55136E-03  9.550E+00 4.175E+00  9.387E+01 8.809E+01
 2.57362E-03  9.520E+00 4.170E+00  9.328E+01 8.774E+01
 2.59627E-03  9.500E+00 4.164E+00  9.291E+01 8.744E+01
 2.61877E-03  9.470E+00 4.158E+00  9.233E+01 8.707E+01
 2.64166E-03  9.440E+00 4.151E+00  9.176E+01 8.667E+01
 2.66496E-03  9.410E+00 4.144E+00  9.120E+01 8.628E+01
 2.68809E-03  9.380E+00 4.135E+00  9.065E+01 8.584E+01
 2.71162E-03  9.350E+00 4.126E+00  9.010E+01 8.541E+01
 2.73497E-03  9.330E+00 4.115E+00  8.978E+01 8.502E+01
 2.75872E-03  9.300E+00 4.103E+00  8.926E+01 8.452E+01
 2.78288E-03  9.270E+00 4.090E+00  8.874E+01 8.401E+01
 2.80748E-03  9.250E+00 4.077E+00  8.844E+01 8.358E+01
 2.83186E-03  9.230E+00 4.065E+00  8.813E+01 8.317E+01
 2.85668E-03  9.200E+00 4.054E+00  8.761E+01 8.270E+01
 2.88126E-03  9.180E+00 4.042E+00  8.729E+01 8.230E+01
 2.90626E-03  9.160E+00 4.030E+00  8.698E+01 8.189E+01
 2.93171E-03  9.140E+00 4.017E+00  8.668E+01 8.146E+01
 2.95760E-03  9.120E+00 4.006E+00  8.637E+01 8.108E+01
 2.98324E-03  9.100E+00 3.997E+00  8.603E+01 8.074E+01
 3.00933E-03  9.080E+00 3.988E+00  8.570E+01 8.040E+01
 3.03587E-03  9.060E+00 3.976E+00  8.540E+01 8.000E+01
 3.06214E-03  9.030E+00 3.960E+00  8.492E+01 7.944E+01
 3.08886E-03  9.020E+00 3.943E+00  8.485E+01 7.902E+01
 3.11605E-03  9.010E+00 3.926E+00  8.479E+01 7.860E+01
 3.14292E-03  8.999E+00 3.912E+00  8.468E+01 7.823E+01
 3.17027E-03  8.995E+00 3.903E+00  8.467E+01 7.802E+01
 3.19809E-03  8.992E+00 3.899E+00  8.464E+01 7.792E+01
 3.22641E-03  8.988E+00 3.902E+00  8.453E+01 7.795E+01
 3.25437E-03  8.980E+00 3.910E+00  8.431E+01 7.804E+01
 3.28283E-03  8.968E+00 3.922E+00  8.398E+01 7.819E+01
 3.31090E-03  8.949E+00 3.934E+00  8.351E+01 7.828E+01
 3.34036E-03  8.924E+00 3.946E+00  8.291E+01 7.832E+01
 3.36943E-03  8.894E+00 3.952E+00  8.227E+01 7.820E+01
 3.39901E-03  8.865E+00 3.953E+00  8.169E+01 7.799E+01
 3.42817E-03  8.836E+00 3.951E+00  8.114E+01 7.772E+01
 3.45783E-03  8.810E+00 3.949E+00  8.064E+01 7.748E+01
 3.48801E-03  8.784E+00 3.946E+00  8.016E+01 7.722E+01
 3.51872E-03  8.759E+00 3.943E+00  7.969E+01 7.696E+01
 3.54997E-03  8.733E+00 3.940E+00  7.921E+01 7.670E+01
 3.58075E-03  8.708E+00 3.937E+00  7.875E+01 7.644E+01
 3.61207E-03  8.683E+00 3.934E+00  7.828E+01 7.619E+01
 3.64287E-03  8.658E+00 3.931E+00  7.782E+01 7.593E+01
 3.67529E-03  8.633E+00 3.929E+00  7.736E+01 7.570E+01
 3.70718E-03  8.605E+00 3.927E+00  7.683E+01 7.544E+01
 3.73963E-03  8.575E+00 3.923E+00  7.629E+01 7.513E+01
 3.77266E-03  8.544E+00 3.916E+00  7.575E+01 7.475E+01
 3.80510E-03  8.515E+00 3.906E+00  7.528E+01 7.433E+01
 3.83810E-03  8.488E+00 3.894E+00  7.486E+01 7.389E+01
 3.87169E-03  8.464E+00 3.882E+00  7.450E+01 7.348E+01
 3.90586E-03  8.442E+00 3.871E+00  7.417E+01 7.310E+01
 3.93940E-03  8.420E+00 3.861E+00  7.383E+01 7.274E+01
 3.97478E-03  8.399E+00 3.851E+00  7.351E+01 7.239E+01
 4.00822E-03  8.379E+00 3.842E+00  7.320E+01 7.207E+01
 4.04354E-03  8.359E+00 3.833E+00  7.290E+01 7.175E+01
 4.07949E-03  8.340E+00 3.824E+00  7.261E+01 7.143E+01
 4.11471E-03  8.322E+00 3.817E+00  7.233E+01 7.116E+01
 4.15055E-03  8.304E+00 3.811E+00  7.204E+01 7.092E+01
 4.18702E-03  8.285E+00 3.807E+00  7.172E+01 7.070E+01
 4.22270E-03  8.264E+00 3.804E+00  7.135E+01 7.048E+01
 4.26045E-03  8.241E+00 3.800E+00  7.096E+01 7.023E+01
 4.29740E-03  8.218E+00 3.794E+00  7.058E+01 6.995E+01
 4.33499E-03  8.196E+00 3.786E+00  7.023E+01 6.963E+01
 4.37324E-03  8.175E+00 3.777E+00  6.991E+01 6.931E+01
 4.41061E-03  8.155E+00 3.769E+00  6.961E+01 6.901E+01
 4.45022E-03  8.137E+00 3.763E+00  6.932E+01 6.877E+01
 4.48891E-03  8.118E+00 3.758E+00  6.902E+01 6.853E+01
 4.52829E-03  8.098E+00 3.754E+00  6.868E+01 6.831E+01
 4.56668E-03  8.077E+00 3.750E+00  6.833E+01 6.808E+01
 4.60744E-03  8.055E+00 3.744E+00  6.798E+01 6.780E+01
 4.64719E-03  8.034E+00 3.736E+00  6.766E+01 6.750E+01
 4.68763E-03  8.015E+00 3.729E+00  6.736E+01 6.723E+01
 4.72878E-03  7.997E+00 3.722E+00  6.709E+01 6.697E+01
 4.77066E-03  7.981E+00 3.717E+00  6.684E+01 6.676E+01
 4.81142E-03  7.964E+00 3.716E+00  6.654E+01 6.662E+01
 4.85288E-03  7.944E+00 3.717E+00  6.618E+01 6.649E+01
 4.89506E-03  7.921E+00 3.719E+00  6.575E+01 6.635E+01
 4.93798E-03  7.895E+00 3.718E+00  6.530E+01 6.614E+01
 4.98166E-03  7.867E+00 3.713E+00  6.484E+01 6.585E+01
 5.02409E-03  7.839E+00 3.705E+00  6.440E+01 6.550E+01
 5.06931E-03  7.815E+00 3.694E+00  6.406E+01 6.513E+01
 5.11325E-03  7.793E+00 3.682E+00  6.376E+01 6.475E+01
 5.15795E-03  7.775E+00 3.672E+00  6.352E+01 6.444E+01
 5.20344E-03  7.757E+00 3.664E+00  6.326E+01 6.417E+01
 5.24752E-03  7.740E+00 3.659E+00  6.300E+01 6.396E+01
 5.29462E-03  7.721E+00 3.655E+00  6.270E+01 6.375E+01
 5.34026E-03  7.701E+00 3.652E+00  6.237E+01 6.355E+01
 5.38670E-03  7.680E+00 3.648E+00  6.203E+01 6.333E+01
 5.43395E-03  7.657E+00 3.642E+00  6.168E+01 6.306E+01
 5.48204E-03  7.636E+00 3.635E+00  6.137E+01 6.278E+01
 5.52851E-03  7.615E+00 3.627E+00  6.106E+01 6.249E+01
 5.57830E-03  7.596E+00 3.620E+00  6.079E+01 6.224E+01
 5.62643E-03  7.578E+00 3.614E+00  6.052E+01 6.200E+01
 5.67540E-03  7.561E+00 3.609E+00  6.027E+01 6.179E+01
 5.72523E-03  7.542E+00 3.606E+00  5.996E+01 6.160E+01
 5.77594E-03  7.523E+00 3.604E+00  5.965E+01 6.143E+01
 5.82482E-03  7.502E+00 3.601E+00  5.932E+01 6.123E+01
 5.87454E-03  7.479E+00 3.599E+00  5.894E+01 6.103E+01
 5.92794E-03  7.457E+00 3.594E+00  5.860E+01 6.079E+01
 5.97944E-03  7.434E+00 3.589E+00  5.825E+01 6.054E+01
 6.03184E-03  7.412E+00 3.583E+00  5.792E+01 6.028E+01
 6.08517E-03  7.391E+00 3.577E+00  5.761E+01 6.003E+01
 6.13640E-03  7.371E+00 3.571E+00  5.732E+01 5.979E+01
 6.19160E-03  7.351E+00 3.567E+00  5.702E+01 5.958E+01
 6.24466E-03  7.331E+00 3.564E+00  5.670E+01 5.938E+01
 6.29863E-03  7.310E+00 3.563E+00  5.636E+01 5.922E+01
 6.35354E-03  7.286E+00 3.562E+00  5.597E+01 5.903E+01
 6.40942E-03  7.260E+00 3.560E+00  5.555E+01 5.881E+01
 6.46628E-03  7.232E+00 3.557E+00  5.511E+01 5.856E+01
 6.52074E-03  7.202E+00 3.550E+00  5.467E+01 5.823E+01
 6.57961E-03  7.173E+00 3.540E+00  5.427E+01 5.786E+01
 6.63599E-03  7.146E+00 3.526E+00  5.392E+01 5.745E+01
 6.69335E-03  7.122E+00 3.511E+00  5.364E+01 5.703E+01
 6.75172E-03  7.101E+00 3.495E+00  5.341E+01 5.663E+01
 6.81111E-03  7.083E+00 3.480E+00  5.322E+01 5.626E+01
 6.87155E-03  7.069E+00 3.466E+00  5.310E+01 5.593E+01
 6.92919E-03  7.055E+00 3.456E+00  5.294E+01 5.568E+01
 6.99176E-03  7.042E+00 3.449E+00  5.278E+01 5.547E+01
 7.05145E-03  7.028E+00 3.445E+00  5.258E+01 5.531E+01
 7.11217E-03  7.012E+00 3.442E+00  5.234E+01 5.515E+01
 7.17394E-03  6.994E+00 3.440E+00  5.207E+01 5.500E+01
 7.23680E-03  6.974E+00 3.439E+00  5.176E+01 5.485E+01
 7.30077E-03  6.953E+00 3.436E+00  5.144E+01 5.465E+01
 7.36587E-03  6.930E+00 3.432E+00  5.111E+01 5.443E+01
 7.42770E-03  6.907E+00 3.427E+00  5.078E+01 5.419E+01
 7.49510E-03  6.884E+00 3.420E+00  5.046E+01 5.393E+01
 7.55912E-03  6.861E+00 3.413E+00  5.015E+01 5.366E+01
 7.62425E-03  6.838E+00 3.405E+00  4.984E+01 5.338E+01
 7.69050E-03  6.816E+00 3.397E+00  4.955E+01 5.310E+01
 7.75792E-03  6.795E+00 3.389E+00  4.928E+01 5.283E+01
 7.82653E-03  6.774E+00 3.380E+00  4.901E+01 5.255E+01
 7.89637E-03  6.753E+00 3.371E+00  4.875E+01 5.227E+01
 7.96234E-03  6.732E+00 3.362E+00  4.848E+01 5.199E+01
 8.03463E-03  6.711E+00 3.353E+00  4.822E+01 5.171E+01
 8.10294E-03  6.691E+00 3.344E+00  4.797E+01 5.144E+01
 8.17243E-03  6.671E+00 3.335E+00  4.772E+01 5.117E+01
 8.24860E-03  6.651E+00 3.325E+00  4.748E+01 5.088E+01
 8.32062E-03  6.632E+00 3.315E+00  4.726E+01 5.060E+01
 8.38822E-03  6.613E+00 3.305E+00  4.703E+01 5.032E+01
 8.46271E-03  6.595E+00 3.295E+00  4.683E+01 5.005E+01
 8.53852E-03  6.578E+00 3.285E+00  4.663E+01 4.979E+01
 8.60973E-03  6.561E+00 3.276E+00  4.644E+01 4.954E+01
 8.68822E-03  6.544E+00 3.268E+00  4.623E+01 4.931E+01
 8.76195E-03  6.528E+00 3.261E+00  4.604E+01 4.910E+01
 8.83695E-03  6.511E+00 3.255E+00  4.582E+01 4.890E+01
 8.91965E-03  6.492E+00 3.250E+00  4.557E+01 4.870E+01
 8.99739E-03  6.469E+00 3.246E+00  4.525E+01 4.849E+01
 9.07648E-03  6.446E+00 3.230E+00  4.501E+01 4.810E+01
 9.15022E-03  6.434E+00 3.212E+00  4.495E+01 4.776E+01
 9.23204E-03  6.429E+00 3.205E+00  4.492E+01 4.762E+01
 9.31534E-03  6.413E+00 3.218E+00  4.460E+01 4.771E+01
 9.39303E-03  6.385E+00 3.211E+00  4.423E+01 4.743E+01
 9.47927E-03  6.359E+00 3.205E+00  4.388E+01 4.717E+01
 9.55972E-03  6.333E+00 3.190E+00  4.360E+01 4.678E+01
 9.64156E-03  6.319E+00 3.168E+00  4.353E+01 4.637E+01
 9.72480E-03  6.308E+00 3.162E+00  4.341E+01 4.622E+01
 9.80950E-03  6.293E+00 3.153E+00  4.325E+01 4.599E+01
 9.89569E-03  6.284E+00 3.142E+00  4.318E+01 4.577E+01
 9.98340E-03  6.268E+00 3.151E+00  4.290E+01 4.580E+01
 1.00727E-02  6.243E+00 3.143E+00  4.258E+01 4.553E+01
 1.01552E-02  6.222E+00 3.133E+00  4.234E+01 4.525E+01
 1.02476E-02  6.204E+00 3.123E+00  4.214E+01 4.500E+01
 1.03331E-02  6.188E+00 3.112E+00  4.198E+01 4.474E+01
 1.04288E-02  6.177E+00 3.104E+00  4.187E+01 4.455E+01
 1.05173E-02  6.157E+00 3.109E+00  4.156E+01 4.450E+01
 1.06074E-02  6.132E+00 3.096E+00  4.128E+01 4.416E+01
 1.06990E-02  6.113E+00 3.085E+00  4.108E+01 4.389E+01
 1.07922E-02  6.095E+00 3.074E+00  4.089E+01 4.362E+01
 1.08870E-02  6.081E+00 3.061E+00  4.077E+01 4.335E+01
 1.09835E-02  6.070E+00 3.053E+00  4.066E+01 4.317E+01
 1.10818E-02  6.051E+00 3.055E+00  4.038E+01 4.308E+01
 1.11818E-02  6.029E+00 3.041E+00  4.016E+01 4.275E+01
 1.12733E-02  6.014E+00 3.028E+00  4.003E+01 4.248E+01
 1.13769E-02  6.004E+00 3.016E+00  3.996E+01 4.225E+01
 1.14717E-02  5.990E+00 3.018E+00  3.975E+01 4.219E+01
 1.15681E-02  5.974E+00 3.005E+00  3.961E+01 4.191E+01
 1.16771E-02  5.963E+00 3.004E+00  3.946E+01 4.183E+01
 1.17770E-02  5.941E+00 3.006E+00  3.914E+01 4.173E+01
 1.18786E-02  5.920E+00 2.993E+00  3.893E+01 4.142E+01
 1.19820E-02  5.902E+00 2.989E+00  3.870E+01 4.126E+01
 1.20872E-02  5.879E+00 2.982E+00  3.843E+01 4.103E+01
 1.21943E-02  5.861E+00 2.964E+00  3.829E+01 4.067E+01
 1.23033E-02  5.849E+00 2.955E+00  3.818E+01 4.048E+01
 1.24055E-02  5.830E+00 2.952E+00  3.793E+01 4.032E+01
 1.25145E-02  5.810E+00 2.936E+00  3.776E+01 3.999E+01
 1.26229E-02  5.800E+00 2.920E+00  3.771E+01 3.971E+01
 1.27332E-02  5.791E+00 2.915E+00  3.762E+01 3.959E+01
 1.28441E-02  5.775E+00 2.914E+00  3.741E+01 3.948E+01
 1.29569E-02  5.756E+00 2.903E+00  3.722E+01 3.923E+01
 1.30704E-02  5.745E+00 2.889E+00  3.715E+01 3.897E+01
 1.31844E-02  5.735E+00 2.886E+00  3.703E+01 3.887E+01
 1.32991E-02  5.720E+00 2.881E+00  3.686E+01 3.872E+01
 1.34157E-02  5.705E+00 2.876E+00  3.669E+01 3.857E+01
 1.35329E-02  5.692E+00 2.868E+00  3.656E+01 3.839E+01
 1.36507E-02  5.679E+00 2.867E+00  3.639E+01 3.830E+01
 1.37691E-02  5.656E+00 2.870E+00  3.607E+01 3.821E+01
 1.38895E-02  5.633E+00 2.853E+00  3.586E+01 3.785E+01
 1.40104E-02  5.621E+00 2.841E+00  3.577E+01 3.762E+01
 1.41335E-02  5.604E+00 2.839E+00  3.555E+01 3.750E+01
 1.42571E-02  5.582E+00 2.826E+00  3.534E+01 3.720E+01
 1.43812E-02  5.580E+00 2.797E+00  3.547E+01 3.681E+01
 1.45058E-02  5.584E+00 2.808E+00  3.546E+01 3.698E+01
 1.46326E-02  5.564E+00 2.826E+00  3.510E+01 3.710E+01
 1.47616E-02  5.534E+00 2.820E+00  3.474E+01 3.685E+01
 1.48893E-02  5.511E+00 2.811E+00  3.449E+01 3.660E+01
 1.50193E-02  5.487E+00 2.804E+00  3.422E+01 3.638E+01
 1.51515E-02  5.463E+00 2.788E+00  3.400E+01 3.604E+01
 1.52823E-02  5.452E+00 2.761E+00  3.401E+01 3.563E+01
 1.54155E-02  5.455E+00 2.752E+00  3.409E+01 3.553E+01
 1.55509E-02  5.446E+00 2.766E+00  3.390E+01 3.566E+01
 1.56868E-02  5.413E+00 2.775E+00  3.343E+01 3.559E+01
 1.58230E-02  5.382E+00 2.749E+00  3.317E+01 3.509E+01
 1.59616E-02  5.370E+00 2.728E+00  3.313E+01 3.475E+01
 1.61006E-02  5.360E+00 2.720E+00  3.305E+01 3.460E+01
 1.62420E-02  5.348E+00 2.709E+00  3.296E+01 3.439E+01
 1.63838E-02  5.337E+00 2.702E+00  3.286E+01 3.425E+01
 1.65258E-02  5.321E+00 2.698E+00  3.268E+01 3.411E+01
 1.66703E-02  5.305E+00 2.686E+00  3.254E+01 3.387E+01
 1.68151E-02  5.293E+00 2.677E+00  3.244E+01 3.369E+01
 1.69625E-02  5.277E+00 2.673E+00  3.226E+01 3.356E+01
 1.71101E-02  5.261E+00 2.661E+00  3.212E+01 3.332E+01
 1.72602E-02  5.248E+00 2.650E+00  3.202E+01 3.311E+01
 1.74106E-02  5.234E+00 2.645E+00  3.187E+01 3.298E+01
 1.75637E-02  5.217E+00 2.635E+00  3.171E+01 3.276E+01
 1.77169E-02  5.202E+00 2.621E+00  3.160E+01 3.251E+01
 1.78702E-02  5.192E+00 2.608E+00  3.154E+01 3.230E+01
 1.80262E-02  5.184E+00 2.597E+00  3.150E+01 3.212E+01
 1.81849E-02  5.180E+00 2.590E+00  3.148E+01 3.201E+01
 1.83411E-02  5.170E+00 2.594E+00  3.134E+01 3.201E+01
 1.85027E-02  5.149E+00 2.596E+00  3.107E+01 3.193E+01
 1.86644E-02  5.126E+00 2.584E+00  3.085E+01 3.166E+01
 1.88260E-02  5.111E+00 2.566E+00  3.076E+01 3.136E+01
 1.89905E-02  5.105E+00 2.551E+00  3.076E+01 3.115E+01
 1.91579E-02  5.100E+00 2.548E+00  3.072E+01 3.109E+01
 1.93252E-02  5.086E+00 2.551E+00  3.053E+01 3.105E+01
 1.94924E-02  5.065E+00 2.546E+00  3.030E+01 3.088E+01
 1.96626E-02  5.046E+00 2.534E+00  3.013E+01 3.064E+01
 1.98357E-02  5.030E+00 2.520E+00  3.001E+01 3.039E+01
 2.00087E-02  5.017E+00 2.505E+00  2.993E+01 3.015E+01
 2.01815E-02  5.011E+00 2.488E+00  2.994E+01 2.991E+01
 2.03572E-02  5.008E+00 2.480E+00  2.995E+01 2.980E+01
 2.05361E-02  5.001E+00 2.480E+00  2.986E+01 2.976E+01
 2.07146E-02  4.986E+00 2.476E+00  2.970E+01 2.964E+01
 2.08963E-02  4.974E+00 2.465E+00  2.961E+01 2.945E+01
 2.10776E-02  4.967E+00 2.457E+00  2.957E+01 2.932E+01
 2.12621E-02  4.957E+00 2.455E+00  2.946E+01 2.925E+01
 2.14498E-02  4.943E+00 2.453E+00  2.930E+01 2.916E+01
 2.16333E-02  4.926E+00 2.446E+00  2.913E+01 2.899E+01
 2.18238E-02  4.912E+00 2.434E+00  2.903E+01 2.878E+01
 2.20139E-02  4.903E+00 2.422E+00  2.898E+01 2.859E+01
 2.22072E-02  4.896E+00 2.415E+00  2.893E+01 2.848E+01
 2.23999E-02  4.886E+00 2.411E+00  2.883E+01 2.838E+01
 2.25960E-02  4.874E+00 2.406E+00  2.872E+01 2.827E+01
 2.27914E-02  4.862E+00 2.398E+00  2.861E+01 2.811E+01
 2.29902E-02  4.853E+00 2.390E+00  2.855E+01 2.798E+01
 2.31924E-02  4.844E+00 2.384E+00  2.847E+01 2.786E+01
 2.33939E-02  4.833E+00 2.380E+00  2.836E+01 2.777E+01
 2.35989E-02  4.822E+00 2.374E+00  2.826E+01 2.764E+01
 2.38075E-02  4.810E+00 2.368E+00  2.815E+01 2.752E+01
 2.40151E-02  4.799E+00 2.362E+00  2.805E+01 2.739E+01
 2.42217E-02  4.788E+00 2.356E+00  2.795E+01 2.727E+01
 2.44319E-02  4.778E+00 2.348E+00  2.787E+01 2.713E+01
 2.46457E-02  4.770E+00 2.341E+00  2.781E+01 2.702E+01
 2.48633E-02  4.762E+00 2.337E+00  2.774E+01 2.693E+01
 2.50798E-02  4.752E+00 2.337E+00  2.762E+01 2.688E+01
 2.53000E-02  4.738E+00 2.334E+00  2.748E+01 2.678E+01
 2.55188E-02  4.724E+00 2.327E+00  2.735E+01 2.664E+01
 2.57415E-02  4.713E+00 2.318E+00  2.727E+01 2.649E+01
 2.59681E-02  4.705E+00 2.312E+00  2.720E+01 2.638E+01
 2.61932E-02  4.696E+00 2.310E+00  2.711E+01 2.632E+01
 2.64223E-02  4.685E+00 2.308E+00  2.699E+01 2.624E+01
 2.66496E-02  4.671E+00 2.305E+00  2.685E+01 2.614E+01
 2.68867E-02  4.655E+00 2.300E+00  2.669E+01 2.601E+01
 2.71222E-02  4.641E+00 2.292E+00  2.657E+01 2.586E+01
 2.73557E-02  4.630E+00 2.282E+00  2.649E+01 2.570E+01
 2.75933E-02  4.621E+00 2.273E+00  2.643E+01 2.555E+01
 2.78351E-02  4.614E+00 2.267E+00  2.638E+01 2.545E+01
 2.80811E-02  4.605E+00 2.264E+00  2.629E+01 2.538E+01
 2.83251E-02  4.595E+00 2.261E+00  2.619E+01 2.530E+01
 2.85733E-02  4.584E+00 2.257E+00  2.609E+01 2.521E+01
 2.88193E-02  4.572E+00 2.253E+00  2.597E+01 2.511E+01
 2.90695E-02  4.559E+00 2.248E+00  2.585E+01 2.499E+01
 2.93240E-02  4.547E+00 2.241E+00  2.575E+01 2.486E+01
 2.95831E-02  4.536E+00 2.234E+00  2.566E+01 2.473E+01
 2.98396E-02  4.527E+00 2.226E+00  2.559E+01 2.461E+01
 3.01006E-02  4.520E+00 2.220E+00  2.554E+01 2.451E+01
 3.03662E-02  4.513E+00 2.216E+00  2.548E+01 2.443E+01
 3.06289E-02  4.505E+00 2.215E+00  2.540E+01 2.439E+01
 3.08963E-02  4.494E+00 2.214E+00  2.528E+01 2.433E+01
 3.11683E-02  4.481E+00 2.211E+00  2.515E+01 2.424E+01
 3.14372E-02  4.470E+00 2.206E+00  2.505E+01 2.413E+01
 3.17108E-02  4.459E+00 2.201E+00  2.496E+01 2.403E+01
 3.19892E-02  4.449E+00 2.197E+00  2.486E+01 2.394E+01
 3.22641E-02  4.438E+00 2.194E+00  2.476E+01 2.386E+01
 3.25523E-02  4.427E+00 2.191E+00  2.465E+01 2.378E+01
 3.28370E-02  4.415E+00 2.187E+00  2.454E+01 2.369E+01
 3.31179E-02  4.405E+00 2.182E+00  2.445E+01 2.359E+01
 3.34126E-02  4.395E+00 2.178E+00  2.436E+01 2.350E+01
 3.37035E-02  4.385E+00 2.176E+00  2.426E+01 2.344E+01
 3.39901E-02  4.373E+00 2.175E+00  2.414E+01 2.337E+01
 3.42912E-02  4.359E+00 2.172E+00  2.400E+01 2.328E+01
 3.45879E-02  4.344E+00 2.167E+00  2.386E+01 2.316E+01
 3.48899E-02  4.331E+00 2.159E+00  2.376E+01 2.302E+01
 3.51972E-02  4.321E+00 2.151E+00  2.369E+01 2.289E+01
 3.54997E-02  4.313E+00 2.145E+00  2.363E+01 2.279E+01
 3.58179E-02  4.305E+00 2.140E+00  2.356E+01 2.271E+01
 3.61312E-02  4.296E+00 2.137E+00  2.348E+01 2.264E+01
 3.64394E-02  4.286E+00 2.135E+00  2.338E+01 2.257E+01
 3.67638E-02  4.276E+00 2.131E+00  2.330E+01 2.249E+01
 3.70829E-02  4.266E+00 2.127E+00  2.321E+01 2.240E+01
 3.74076E-02  4.257E+00 2.124E+00  2.312E+01 2.233E+01
 3.77266E-02  4.248E+00 2.123E+00  2.303E+01 2.228E+01
 3.80627E-02  4.238E+00 2.123E+00  2.293E+01 2.224E+01
 3.83929E-02  4.226E+00 2.122E+00  2.281E+01 2.218E+01
 3.87290E-02  4.213E+00 2.121E+00  2.268E+01 2.211E+01
 3.90710E-02  4.199E+00 2.119E+00  2.254E+01 2.203E+01
 3.94065E-02  4.186E+00 2.115E+00  2.242E+01 2.194E+01
 3.97478E-02  4.174E+00 2.111E+00  2.231E+01 2.184E+01
 4.00951E-02  4.163E+00 2.109E+00  2.221E+01 2.178E+01
 4.04486E-02  4.150E+00 2.107E+00  2.208E+01 2.170E+01
 4.07949E-02  4.136E+00 2.105E+00  2.195E+01 2.162E+01
 4.11608E-02  4.121E+00 2.103E+00  2.180E+01 2.154E+01
 4.15194E-02  4.106E+00 2.099E+00  2.167E+01 2.143E+01
 4.18702E-02  4.091E+00 2.093E+00  2.154E+01 2.131E+01
 4.22414E-02  4.077E+00 2.086E+00  2.142E+01 2.118E+01
 4.26045E-02  4.064E+00 2.079E+00  2.132E+01 2.106E+01
 4.29889E-02  4.052E+00 2.071E+00  2.123E+01 2.093E+01
 4.33651E-02  4.042E+00 2.065E+00  2.116E+01 2.082E+01
 4.37324E-02  4.031E+00 2.059E+00  2.107E+01 2.072E+01
 4.41218E-02  4.022E+00 2.054E+00  2.100E+01 2.063E+01
 4.45022E-02  4.012E+00 2.050E+00  2.092E+01 2.055E+01
 4.48891E-02  4.001E+00 2.047E+00  2.082E+01 2.047E+01
 4.52829E-02  3.989E+00 2.044E+00  2.071E+01 2.040E+01
 4.56836E-02  3.976E+00 2.041E+00  2.059E+01 2.031E+01
 4.60744E-02  3.962E+00 2.036E+00  2.048E+01 2.021E+01
 4.64719E-02  3.949E+00 2.030E+00  2.037E+01 2.009E+01
 4.68940E-02  3.936E+00 2.024E+00  2.027E+01 1.998E+01
 4.72878E-02  3.925E+00 2.017E+00  2.019E+01 1.987E+01
 4.77066E-02  3.914E+00 2.011E+00  2.010E+01 1.976E+01
 4.81329E-02  3.903E+00 2.005E+00  2.002E+01 1.966E+01
 4.85478E-02  3.893E+00 2.000E+00  1.994E+01 1.957E+01
 4.89700E-02  3.883E+00 1.995E+00  1.986E+01 1.948E+01
 4.93995E-02  3.872E+00 1.990E+00  1.978E+01 1.939E+01
 4.98166E-02  3.862E+00 1.985E+00  1.970E+01 1.930E+01
 5.02613E-02  3.851E+00 1.981E+00  1.961E+01 1.922E+01
 5.06931E-02  3.840E+00 1.977E+00  1.952E+01 1.914E+01
 5.11325E-02  3.829E+00 1.972E+00  1.943E+01 1.905E+01
 5.15795E-02  3.817E+00 1.968E+00  1.933E+01 1.896E+01
 5.20344E-02  3.805E+00 1.964E+00  1.923E+01 1.887E+01
 5.24975E-02  3.793E+00 1.960E+00  1.913E+01 1.879E+01
 5.29462E-02  3.780E+00 1.954E+00  1.903E+01 1.868E+01
 5.34026E-02  3.766E+00 1.948E+00  1.892E+01 1.857E+01
 5.38904E-02  3.753E+00 1.940E+00  1.883E+01 1.844E+01
 5.43395E-02  3.741E+00 1.931E+00  1.875E+01 1.831E+01
 5.48204E-02  3.732E+00 1.922E+00  1.870E+01 1.819E+01
 5.53098E-02  3.724E+00 1.913E+00  1.866E+01 1.807E+01
 5.57830E-02  3.717E+00 1.906E+00  1.862E+01 1.798E+01
 5.62643E-02  3.712E+00 1.902E+00  1.859E+01 1.792E+01
 5.67540E-02  3.704E+00 1.900E+00  1.852E+01 1.788E+01
 5.72523E-02  3.694E+00 1.900E+00  1.842E+01 1.784E+01
 5.77594E-02  3.681E+00 1.900E+00  1.830E+01 1.779E+01
 5.82756E-02  3.664E+00 1.898E+00  1.815E+01 1.770E+01
 5.87732E-02  3.646E+00 1.891E+00  1.801E+01 1.757E+01
 5.92794E-02  3.629E+00 1.879E+00  1.790E+01 1.740E+01
 5.97944E-02  3.616E+00 1.862E+00  1.784E+01 1.719E+01
 6.03184E-02  3.609E+00 1.845E+00  1.784E+01 1.701E+01
 6.08517E-02  3.608E+00 1.832E+00  1.788E+01 1.688E+01
 6.13944E-02  3.610E+00 1.824E+00  1.793E+01 1.682E+01
 6.19160E-02  3.606E+00 1.826E+00  1.788E+01 1.682E+01
 6.24466E-02  3.594E+00 1.823E+00  1.778E+01 1.675E+01
 6.29863E-02  3.591E+00 1.806E+00  1.782E+01 1.658E+01
 6.35354E-02  3.591E+00 1.807E+00  1.781E+01 1.659E+01
 6.40942E-02  3.587E+00 1.804E+00  1.779E+01 1.655E+01
 6.46628E-02  3.587E+00 1.801E+00  1.780E+01 1.652E+01
 6.52417E-02  3.580E+00 1.811E+00  1.770E+01 1.659E+01
 6.57961E-02  3.571E+00 1.807E+00  1.763E+01 1.652E+01
 6.63599E-02  3.561E+00 1.814E+00  1.751E+01 1.655E+01
 6.69697E-02  3.548E+00 1.814E+00  1.739E+01 1.650E+01
 6.75540E-02  3.535E+00 1.813E+00  1.728E+01 1.644E+01
 6.81110E-02  3.519E+00 1.813E+00  1.713E+01 1.639E+01
 6.87155E-02  3.506E+00 1.804E+00  1.705E+01 1.626E+01
 6.93307E-02  3.494E+00 1.801E+00  1.695E+01 1.619E+01
 6.99176E-02  3.484E+00 1.795E+00  1.688E+01 1.610E+01
 7.05547E-02  3.472E+00 1.793E+00  1.678E+01 1.604E+01
 7.11626E-02  3.455E+00 1.791E+00  1.664E+01 1.596E+01
 7.17810E-02  3.437E+00 1.777E+00  1.653E+01 1.577E+01
 7.24103E-02  3.434E+00 1.757E+00  1.657E+01 1.558E+01
 7.30507E-02  3.434E+00 1.754E+00  1.658E+01 1.555E+01
 7.36587E-02  3.431E+00 1.753E+00  1.656E+01 1.554E+01
 7.43215E-02  3.421E+00 1.758E+00  1.645E+01 1.554E+01
 7.49510E-02  3.404E+00 1.758E+00  1.630E+01 1.548E+01
 7.56374E-02  3.385E+00 1.748E+00  1.617E+01 1.533E+01
 7.62894E-02  3.377E+00 1.729E+00  1.617E+01 1.514E+01
 7.69528E-02  3.371E+00 1.724E+00  1.613E+01 1.507E+01
 7.76278E-02  3.368E+00 1.708E+00  1.616E+01 1.492E+01
 7.82653E-02  3.370E+00 1.703E+00  1.620E+01 1.488E+01
 7.89637E-02  3.368E+00 1.706E+00  1.617E+01 1.490E+01
 7.96746E-02  3.363E+00 1.707E+00  1.612E+01 1.490E+01
 8.03463E-02  3.351E+00 1.712E+00  1.600E+01 1.490E+01
 8.10825E-02  3.335E+00 1.707E+00  1.588E+01 1.480E+01
 8.17782E-02  3.326E+00 1.696E+00  1.584E+01 1.467E+01
 8.24860E-02  3.320E+00 1.689E+00  1.581E+01 1.459E+01
 8.32062E-02  3.318E+00 1.681E+00  1.582E+01 1.452E+01
 8.39390E-02  3.316E+00 1.681E+00  1.580E+01 1.451E+01
 8.46849E-02  3.309E+00 1.683E+00  1.573E+01 1.450E+01
 8.53852E-02  3.304E+00 1.680E+00  1.570E+01 1.446E+01
 8.61572E-02  3.296E+00 1.687E+00  1.561E+01 1.449E+01
 8.68822E-02  3.279E+00 1.689E+00  1.546E+01 1.445E+01
 8.76815E-02  3.268E+00 1.677E+00  1.540E+01 1.431E+01
 8.84326E-02  3.258E+00 1.675E+00  1.532E+01 1.426E+01
 8.91965E-02  3.257E+00 1.661E+00  1.536E+01 1.414E+01
 8.99739E-02  3.257E+00 1.668E+00  1.534E+01 1.420E+01
 9.07648E-02  3.254E+00 1.670E+00  1.531E+01 1.421E+01
 9.15698E-02  3.243E+00 1.687E+00  1.516E+01 1.432E+01
 9.23204E-02  3.221E+00 1.694E+00  1.495E+01 1.430E+01
 9.31534E-02  3.198E+00 1.694E+00  1.475E+01 1.422E+01
 9.39303E-02  3.170E+00 1.692E+00  1.453E+01 1.411E+01
 9.47927E-02  3.147E+00 1.671E+00  1.441E+01 1.386E+01
 9.55972E-02  3.130E+00 1.655E+00  1.432E+01 1.367E+01
 9.64156E-02  3.120E+00 1.629E+00  1.432E+01 1.342E+01
 9.72480E-02  3.128E+00 1.605E+00  1.446E+01 1.325E+01
 9.81727E-02  3.131E+00 1.607E+00  1.448E+01 1.328E+01
 9.89569E-02  3.138E+00 1.594E+00  1.458E+01 1.319E+01
 9.98340E-02  3.138E+00 1.610E+00  1.453E+01 1.332E+01
 1.00727E-01  3.127E+00 1.611E+00  1.444E+01 1.330E+01
 1.01636E-01  3.117E+00 1.611E+00  1.435E+01 1.326E+01
 1.02476E-01  3.105E+00 1.611E+00  1.426E+01 1.323E+01
 1.03417E-01  3.090E+00 1.607E+00  1.415E+01 1.315E+01
 1.04288E-01  3.084E+00 1.593E+00  1.414E+01 1.301E+01
 1.05173E-01  3.080E+00 1.594E+00  1.411E+01 1.301E+01
 1.06074E-01  3.071E+00 1.592E+00  1.404E+01 1.296E+01
 1.07082E-01  3.061E+00 1.591E+00  1.396E+01 1.292E+01
 1.08016E-01  3.048E+00 1.589E+00  1.386E+01 1.286E+01
 1.08966E-01  3.033E+00 1.583E+00  1.376E+01 1.277E+01
 1.09835E-01  3.024E+00 1.569E+00  1.373E+01 1.263E+01
 1.10818E-01  3.014E+00 1.566E+00  1.366E+01 1.257E+01
 1.11818E-01  3.006E+00 1.548E+00  1.365E+01 1.240E+01
 1.12733E-01  3.008E+00 1.536E+00  1.370E+01 1.231E+01
 1.13769E-01  3.009E+00 1.536E+00  1.371E+01 1.232E+01
 1.14717E-01  3.004E+00 1.534E+00  1.368E+01 1.228E+01
 1.15789E-01  2.996E+00 1.531E+00  1.362E+01 1.224E+01
 1.16771E-01  2.995E+00 1.517E+00  1.366E+01 1.212E+01
 1.17770E-01  3.002E+00 1.513E+00  1.373E+01 1.211E+01
 1.18786E-01  3.001E+00 1.523E+00  1.369E+01 1.219E+01
 1.19820E-01  2.997E+00 1.522E+00  1.366E+01 1.217E+01
 1.20872E-01  2.996E+00 1.524E+00  1.365E+01 1.218E+01
 1.21943E-01  2.989E+00 1.534E+00  1.356E+01 1.224E+01
 1.23033E-01  2.978E+00 1.536E+00  1.347E+01 1.222E+01
 1.24080E-01  2.972E+00 1.532E+00  1.343E+01 1.217E+01
 1.25171E-01  2.967E+00 1.539E+00  1.337E+01 1.221E+01
 1.26255E-01  2.954E+00 1.545E+00  1.325E+01 1.222E+01
 1.27358E-01  2.948E+00 1.538E+00  1.322E+01 1.214E+01
 1.28467E-01  2.941E+00 1.548E+00  1.314E+01 1.220E+01
 1.29596E-01  2.924E+00 1.553E+00  1.299E+01 1.219E+01
 1.30731E-01  2.915E+00 1.545E+00  1.294E+01 1.210E+01
 1.31872E-01  2.910E+00 1.552E+00  1.288E+01 1.214E+01
 1.33019E-01  2.892E+00 1.564E+00  1.270E+01 1.217E+01
 1.34186E-01  2.874E+00 1.558E+00  1.258E+01 1.207E+01
 1.35344E-01  2.863E+00 1.554E+00  1.251E+01 1.201E+01
 1.36537E-01  2.850E+00 1.557E+00  1.240E+01 1.199E+01
 1.37721E-01  2.832E+00 1.556E+00  1.226E+01 1.193E+01
 1.38926E-01  2.820E+00 1.547E+00  1.220E+01 1.182E+01
 1.40136E-01  2.810E+00 1.546E+00  1.213E+01 1.178E+01
 1.41367E-01  2.797E+00 1.547E+00  1.202E+01 1.175E+01
 1.42587E-01  2.783E+00 1.546E+00  1.192E+01 1.170E+01
 1.43845E-01  2.765E+00 1.545E+00  1.179E+01 1.163E+01
 1.45092E-01  2.747E+00 1.537E+00  1.168E+01 1.152E+01
 1.46360E-01  2.735E+00 1.526E+00  1.162E+01 1.140E+01
 1.47633E-01  2.726E+00 1.520E+00  1.157E+01 1.133E+01
 1.48929E-01  2.716E+00 1.518E+00  1.150E+01 1.128E+01
 1.50229E-01  2.701E+00 1.518E+00  1.139E+01 1.124E+01
 1.51534E-01  2.685E+00 1.511E+00  1.130E+01 1.114E+01
 1.52861E-01  2.672E+00 1.502E+00  1.123E+01 1.103E+01
 1.54193E-01  2.658E+00 1.499E+00  1.113E+01 1.097E+01
 1.55548E-01  2.640E+00 1.490E+00  1.103E+01 1.085E+01
 1.56887E-01  2.629E+00 1.473E+00  1.100E+01 1.069E+01
 1.58270E-01  2.624E+00 1.463E+00  1.099E+01 1.060E+01
 1.59657E-01  2.616E+00 1.460E+00  1.094E+01 1.056E+01
 1.61048E-01  2.602E+00 1.456E+00  1.085E+01 1.049E+01
 1.62441E-01  2.589E+00 1.447E+00  1.079E+01 1.039E+01
 1.63859E-01  2.578E+00 1.437E+00  1.074E+01 1.028E+01
 1.65302E-01  2.568E+00 1.428E+00  1.069E+01 1.019E+01
 1.66726E-01  2.557E+00 1.418E+00  1.064E+01 1.009E+01
 1.68197E-01  2.547E+00 1.410E+00  1.059E+01 1.000E+01
 1.69671E-01  2.535E+00 1.400E+00  1.054E+01 9.898E+00
 1.71148E-01  2.524E+00 1.386E+00  1.050E+01 9.769E+00
 1.72626E-01  2.516E+00 1.371E+00  1.048E+01 9.641E+00
 1.74131E-01  2.511E+00 1.358E+00  1.048E+01 9.536E+00
 1.75661E-01  2.507E+00 1.344E+00  1.049E+01 9.427E+00
 1.77194E-01  2.506E+00 1.333E+00  1.052E+01 9.347E+00
 1.78753E-01  2.505E+00 1.325E+00  1.053E+01 9.288E+00
 1.80288E-01  2.502E+00 1.318E+00  1.053E+01 9.231E+00
 1.81876E-01  2.500E+00 1.310E+00  1.053E+01 9.170E+00
 1.83465E-01  2.500E+00 1.305E+00  1.055E+01 9.135E+00
 1.85055E-01  2.497E+00 1.304E+00  1.053E+01 9.120E+00
 1.86672E-01  2.488E+00 1.306E+00  1.046E+01 9.111E+00
 1.88317E-01  2.476E+00 1.299E+00  1.040E+01 9.031E+00
 1.89963E-01  2.470E+00 1.285E+00  1.039E+01 8.918E+00
 1.91608E-01  2.470E+00 1.278E+00  1.041E+01 8.869E+00
 1.93282E-01  2.466E+00 1.280E+00  1.037E+01 8.873E+00
 1.94955E-01  2.452E+00 1.282E+00  1.027E+01 8.851E+00
 1.96657E-01  2.432E+00 1.276E+00  1.015E+01 8.758E+00
 1.98389E-01  2.416E+00 1.256E+00  1.009E+01 8.581E+00
 2.00120E-01  2.409E+00 1.234E+00  1.010E+01 8.413E+00
 2.01848E-01  2.408E+00 1.215E+00  1.014E+01 8.281E+00
 2.03639E-01  2.410E+00 1.197E+00  1.020E+01 8.164E+00
 2.05395E-01  2.418E+00 1.182E+00  1.029E+01 8.080E+00
 2.07181E-01  2.427E+00 1.177E+00  1.036E+01 8.067E+00
 2.08998E-01  2.427E+00 1.179E+00  1.035E+01 8.081E+00
 2.10812E-01  2.421E+00 1.172E+00  1.033E+01 8.019E+00
 2.12657E-01  2.422E+00 1.157E+00  1.037E+01 7.919E+00
 2.14535E-01  2.430E+00 1.147E+00  1.045E+01 7.868E+00
 2.16409E-01  2.437E+00 1.145E+00  1.050E+01 7.871E+00
 2.18277E-01  2.441E+00 1.144E+00  1.053E+01 7.873E+00
 2.20178E-01  2.444E+00 1.143E+00  1.055E+01 7.873E+00
 2.22112E-01  2.446E+00 1.144E+00  1.057E+01 7.884E+00
 2.24040E-01  2.446E+00 1.146E+00  1.056E+01 7.898E+00
 2.26001E-01  2.443E+00 1.146E+00  1.054E+01 7.891E+00
 2.27998E-01  2.441E+00 1.144E+00  1.053E+01 7.873E+00
 2.29987E-01  2.441E+00 1.143E+00  1.053E+01 7.866E+00
 2.31968E-01  2.441E+00 1.143E+00  1.053E+01 7.866E+00
 2.33983E-01  2.439E+00 1.144E+00  1.052E+01 7.868E+00
 2.36034E-01  2.436E+00 1.145E+00  1.050E+01 7.868E+00
 2.38120E-01  2.433E+00 1.144E+00  1.048E+01 7.855E+00
 2.40198E-01  2.431E+00 1.144E+00  1.046E+01 7.850E+00
 2.42264E-01  2.429E+00 1.143E+00  1.045E+01 7.839E+00
 2.44367E-01  2.427E+00 1.144E+00  1.044E+01 7.841E+00
 2.46506E-01  2.423E+00 1.146E+00  1.040E+01 7.846E+00
 2.48683E-01  2.419E+00 1.148E+00  1.037E+01 7.850E+00
 2.50848E-01  2.414E+00 1.148E+00  1.034E+01 7.839E+00
 2.53051E-01  2.409E+00 1.149E+00  1.030E+01 7.834E+00
 2.55241E-01  2.403E+00 1.150E+00  1.026E+01 7.827E+00
 2.57469E-01  2.397E+00 1.149E+00  1.022E+01 7.806E+00
 2.59736E-01  2.390E+00 1.148E+00  1.017E+01 7.783E+00
 2.61988E-01  2.385E+00 1.145E+00  1.015E+01 7.752E+00
 2.64279E-01  2.381E+00 1.143E+00  1.012E+01 7.729E+00
 2.66553E-01  2.378E+00 1.142E+00  1.011E+01 7.715E+00
 2.68926E-01  2.373E+00 1.142E+00  1.007E+01 7.704E+00
 2.71222E-01  2.368E+00 1.142E+00  1.004E+01 7.693E+00
 2.73618E-01  2.361E+00 1.141E+00  9.994E+00 7.670E+00
 2.75995E-01  2.355E+00 1.137E+00  9.963E+00 7.629E+00
 2.78414E-01  2.352E+00 1.133E+00  9.952E+00 7.596E+00
 2.80875E-01  2.351E+00 1.131E+00  9.950E+00 7.580E+00
 2.83316E-01  2.350E+00 1.134E+00  9.937E+00 7.598E+00
 2.85799E-01  2.343E+00 1.139E+00  9.878E+00 7.615E+00
 2.88260E-01  2.331E+00 1.139E+00  9.798E+00 7.588E+00
 2.90763E-01  2.323E+00 1.131E+00  9.763E+00 7.517E+00
 2.93310E-01  2.322E+00 1.122E+00  9.777E+00 7.455E+00
 2.95902E-01  2.325E+00 1.120E+00  9.801E+00 7.448E+00
 2.98468E-01  2.325E+00 1.127E+00  9.785E+00 7.495E+00
 3.01079E-01  2.317E+00 1.134E+00  9.717E+00 7.523E+00
 3.03662E-01  2.305E+00 1.134E+00  9.637E+00 7.496E+00
 3.06365E-01  2.296E+00 1.128E+00  9.591E+00 7.436E+00
 3.09040E-01  2.293E+00 1.122E+00  9.585E+00 7.389E+00
 3.11683E-01  2.292E+00 1.120E+00  9.583E+00 7.374E+00
 3.14452E-01  2.289E+00 1.122E+00  9.559E+00 7.381E+00
 3.17189E-01  2.283E+00 1.124E+00  9.515E+00 7.380E+00
 3.19974E-01  2.276E+00 1.125E+00  9.467E+00 7.371E+00
 3.22725E-01  2.269E+00 1.123E+00  9.425E+00 7.342E+00
 3.25523E-01  2.263E+00 1.121E+00  9.391E+00 7.316E+00
 3.28370E-01  2.258E+00 1.119E+00  9.362E+00 7.291E+00
 3.31267E-01  2.252E+00 1.118E+00  9.326E+00 7.271E+00
 3.34126E-01  2.247E+00 1.116E+00  9.298E+00 7.247E+00
 3.37035E-01  2.241E+00 1.114E+00  9.263E+00 7.221E+00
 3.39995E-01  2.236E+00 1.112E+00  9.235E+00 7.197E+00
 3.43007E-01  2.232E+00 1.110E+00  9.214E+00 7.175E+00
 3.45976E-01  2.228E+00 1.109E+00  9.190E+00 7.160E+00
 3.48997E-01  2.223E+00 1.108E+00  9.160E+00 7.142E+00
 3.52072E-01  2.217E+00 1.106E+00  9.126E+00 7.116E+00
 3.55099E-01  2.211E+00 1.104E+00  9.092E+00 7.090E+00
 3.58179E-01  2.207E+00 1.100E+00  9.075E+00 7.055E+00
 3.61312E-01  2.205E+00 1.097E+00  9.069E+00 7.032E+00
 3.64501E-01  2.203E+00 1.096E+00  9.058E+00 7.021E+00
 3.67638E-01  2.201E+00 1.098E+00  9.041E+00 7.029E+00
 3.70829E-01  2.197E+00 1.100E+00  9.011E+00 7.033E+00
 3.74076E-01  2.191E+00 1.103E+00  8.966E+00 7.039E+00
 3.77380E-01  2.184E+00 1.104E+00  8.919E+00 7.030E+00
 3.80627E-01  2.176E+00 1.103E+00  8.870E+00 7.006E+00
 3.84048E-01  2.169E+00 1.101E+00  8.830E+00 6.978E+00
 3.87290E-01  2.163E+00 1.099E+00  8.797E+00 6.952E+00
 3.90710E-01  2.157E+00 1.096E+00  8.765E+00 6.920E+00
 3.94190E-01  2.152E+00 1.094E+00  8.738E+00 6.897E+00
 3.97606E-01  2.147E+00 1.092E+00  8.711E+00 6.873E+00
 4.01081E-01  2.143E+00 1.089E+00  8.693E+00 6.845E+00
 4.04486E-01  2.138E+00 1.087E+00  8.665E+00 6.822E+00
 4.08083E-01  2.134E+00 1.085E+00  8.645E+00 6.801E+00
 4.11608E-01  2.131E+00 1.084E+00  8.628E+00 6.788E+00
 4.15194E-01  2.127E+00 1.083E+00  8.605E+00 6.773E+00
 4.18844E-01  2.123E+00 1.082E+00  8.582E+00 6.758E+00
 4.22558E-01  2.120E+00 1.081E+00  8.566E+00 6.745E+00
 4.26192E-01  2.116E+00 1.081E+00  8.541E+00 6.737E+00
 4.29889E-01  2.112E+00 1.081E+00  8.516E+00 6.728E+00
 4.33651E-01  2.107E+00 1.081E+00  8.485E+00 6.717E+00
 4.37479E-01  2.102E+00 1.081E+00  8.454E+00 6.707E+00
 4.41218E-01  2.097E+00 1.081E+00  8.423E+00 6.696E+00
 4.45181E-01  2.091E+00 1.080E+00  8.388E+00 6.677E+00
 4.49054E-01  2.086E+00 1.079E+00  8.359E+00 6.660E+00
 4.52995E-01  2.081E+00 1.077E+00  8.333E+00 6.636E+00
 4.56836E-01  2.076E+00 1.075E+00  8.306E+00 6.613E+00
 4.60915E-01  2.072E+00 1.073E+00  8.286E+00 6.593E+00
 4.64893E-01  2.069E+00 1.072E+00  8.270E+00 6.580E+00
 4.68940E-01  2.066E+00 1.070E+00  8.255E+00 6.561E+00
 4.73058E-01  2.063E+00 1.069E+00  8.239E+00 6.549E+00
 4.77250E-01  2.060E+00 1.069E+00  8.221E+00 6.542E+00
 4.81329E-01  2.057E+00 1.070E+00  8.200E+00 6.542E+00
 4.85478E-01  2.054E+00 1.071E+00  8.180E+00 6.542E+00
 4.89700E-01  2.050E+00 1.072E+00  8.153E+00 6.539E+00
 4.93995E-01  2.046E+00 1.074E+00  8.125E+00 6.543E+00
 4.98367E-01  2.041E+00 1.075E+00  8.092E+00 6.538E+00
 5.02613E-01  2.036E+00 1.075E+00  8.062E+00 6.527E+00
 5.07139E-01  2.031E+00 1.076E+00  8.029E+00 6.523E+00
 5.11536E-01  2.026E+00 1.076E+00  7.999E+00 6.512E+00
 5.16010E-01  2.021E+00 1.076E+00  7.969E+00 6.501E+00
 5.20563E-01  2.016E+00 1.076E+00  7.938E+00 6.490E+00
 5.24975E-01  2.011E+00 1.076E+00  7.908E+00 6.480E+00
 5.29688E-01  2.006E+00 1.076E+00  7.878E+00 6.469E+00
 5.34256E-01  2.002E+00 1.076E+00  7.854E+00 6.460E+00
 5.38904E-01  1.997E+00 1.076E+00  7.824E+00 6.450E+00
 5.43633E-01  1.993E+00 1.077E+00  7.798E+00 6.447E+00
 5.48446E-01  1.989E+00 1.077E+00  7.774E+00 6.438E+00
 5.53098E-01  1.984E+00 1.078E+00  7.742E+00 6.434E+00
 5.58081E-01  1.979E+00 1.078E+00  7.712E+00 6.423E+00
 5.62899E-01  1.975E+00 1.079E+00  7.686E+00 6.420E+00
 5.67800E-01  1.970E+00 1.079E+00  7.657E+00 6.409E+00
 5.72788E-01  1.965E+00 1.080E+00  7.625E+00 6.404E+00
 5.77594E-01  1.960E+00 1.081E+00  7.593E+00 6.400E+00
 5.82756E-01  1.956E+00 1.082E+00  7.567E+00 6.397E+00
 5.87732E-01  1.951E+00 1.082E+00  7.538E+00 6.386E+00
 5.93078E-01  1.946E+00 1.083E+00  7.506E+00 6.381E+00
 5.98233E-01  1.941E+00 1.084E+00  7.474E+00 6.376E+00
 6.03478E-01  1.936E+00 1.085E+00  7.443E+00 6.371E+00
 6.08517E-01  1.931E+00 1.086E+00  7.411E+00 6.366E+00
 6.13945E-01  1.926E+00 1.087E+00  7.380E+00 6.361E+00
 6.19160E-01  1.920E+00 1.088E+00  7.343E+00 6.354E+00
 6.24781E-01  1.915E+00 1.089E+00  7.311E+00 6.349E+00
 6.30183E-01  1.909E+00 1.090E+00  7.274E+00 6.342E+00
 6.35680E-01  1.904E+00 1.091E+00  7.243E+00 6.337E+00
 6.41273E-01  1.898E+00 1.092E+00  7.206E+00 6.329E+00
 6.46628E-01  1.892E+00 1.092E+00  7.171E+00 6.316E+00
 6.52417E-01  1.886E+00 1.093E+00  7.134E+00 6.309E+00
 6.57961E-01  1.881E+00 1.093E+00  7.106E+00 6.298E+00
 6.63955E-01  1.875E+00 1.093E+00  7.071E+00 6.285E+00
 6.69697E-01  1.870E+00 1.093E+00  7.042E+00 6.274E+00
 6.75540E-01  1.865E+00 1.093E+00  7.014E+00 6.263E+00
 6.81485E-01  1.860E+00 1.093E+00  6.985E+00 6.252E+00
 6.87536E-01  1.856E+00 1.094E+00  6.960E+00 6.249E+00
 6.93307E-01  1.851E+00 1.094E+00  6.931E+00 6.238E+00
 6.99571E-01  1.846E+00 1.095E+00  6.901E+00 6.233E+00
 7.05547E-01  1.842E+00 1.096E+00  6.876E+00 6.230E+00
 7.11625E-01  1.837E+00 1.097E+00  6.845E+00 6.224E+00
 7.17810E-01  1.832E+00 1.099E+00  6.812E+00 6.225E+00
 7.24103E-01  1.826E+00 1.100E+00  6.776E+00 6.217E+00
 7.30507E-01  1.821E+00 1.101E+00  6.746E+00 6.212E+00
 7.37026E-01  1.815E+00 1.103E+00  6.708E+00 6.210E+00
 7.43215E-01  1.810E+00 1.104E+00  6.677E+00 6.204E+00
 7.49964E-01  1.804E+00 1.105E+00  6.641E+00 6.197E+00
 7.56374E-01  1.799E+00 1.106E+00  6.611E+00 6.191E+00
 7.62894E-01  1.793E+00 1.107E+00  6.575E+00 6.184E+00
 7.69528E-01  1.787E+00 1.109E+00  6.537E+00 6.182E+00
 7.76278E-01  1.781E+00 1.110E+00  6.502E+00 6.174E+00
 7.83148E-01  1.775E+00 1.111E+00  6.466E+00 6.166E+00
 7.89637E-01  1.770E+00 1.111E+00  6.439E+00 6.155E+00
 7.96746E-01  1.764E+00 1.112E+00  6.403E+00 6.147E+00
 8.03984E-01  1.758E+00 1.113E+00  6.368E+00 6.139E+00
 8.10825E-01  1.752E+00 1.114E+00  6.333E+00 6.131E+00
 8.17782E-01  1.747E+00 1.115E+00  6.303E+00 6.126E+00
 8.24860E-01  1.741E+00 1.115E+00  6.270E+00 6.112E+00
 8.32062E-01  1.735E+00 1.116E+00  6.235E+00 6.105E+00
 8.39390E-01  1.730E+00 1.116E+00  6.207E+00 6.093E+00
 8.46849E-01  1.725E+00 1.117E+00  6.178E+00 6.088E+00
 8.53853E-01  1.719E+00 1.118E+00  6.143E+00 6.080E+00
 8.61572E-01  1.714E+00 1.119E+00  6.114E+00 6.074E+00
 8.68822E-01  1.709E+00 1.120E+00  6.084E+00 6.068E+00
 8.76815E-01  1.705E+00 1.121E+00  6.060E+00 6.065E+00
 8.84325E-01  1.700E+00 1.123E+00  6.029E+00 6.064E+00
 8.91965E-01  1.695E+00 1.124E+00  6.000E+00 6.058E+00
 8.99739E-01  1.690E+00 1.126E+00  5.968E+00 6.058E+00
 9.07648E-01  1.684E+00 1.128E+00  5.931E+00 6.055E+00
 9.15698E-01  1.679E+00 1.131E+00  5.898E+00 6.060E+00
 9.23893E-01  1.673E+00 1.133E+00  5.861E+00 6.057E+00
 9.31534E-01  1.667E+00 1.135E+00  5.825E+00 6.054E+00
 9.40015E-01  1.661E+00 1.137E+00  5.788E+00 6.051E+00
 9.47927E-01  1.655E+00 1.140E+00  5.749E+00 6.053E+00
 9.55972E-01  1.648E+00 1.142E+00  5.708E+00 6.048E+00
 9.64907E-01  1.642E+00 1.144E+00  5.671E+00 6.045E+00
 9.73244E-01  1.635E+00 1.146E+00  5.630E+00 6.039E+00
 9.81727E-01  1.628E+00 1.147E+00  5.591E+00 6.029E+00
 9.90360E-01  1.621E+00 1.149E+00  5.549E+00 6.023E+00
 9.99145E-01  1.615E+00 1.151E+00  5.513E+00 6.020E+00
 1.00727E+00  1.608E+00 1.152E+00  5.475E+00 6.009E+00
 1.01636E+00  1.601E+00 1.154E+00  5.433E+00 6.003E+00
 1.02476E+00  1.594E+00 1.155E+00  5.395E+00 5.992E+00
 1.03417E+00  1.588E+00 1.157E+00  5.359E+00 5.989E+00
 1.04288E+00  1.581E+00 1.158E+00  5.321E+00 5.978E+00
 1.05263E+00  1.574E+00 1.159E+00  5.282E+00 5.967E+00
 1.06165E+00  1.568E+00 1.161E+00  5.247E+00 5.963E+00
 1.07082E+00  1.561E+00 1.162E+00  5.208E+00 5.952E+00
 1.08016E+00  1.554E+00 1.164E+00  5.168E+00 5.946E+00
 1.08966E+00  1.547E+00 1.165E+00  5.130E+00 5.935E+00
 1.09933E+00  1.541E+00 1.166E+00  5.097E+00 5.926E+00
 1.10818E+00  1.534E+00 1.168E+00  5.057E+00 5.919E+00
 1.11818E+00  1.527E+00 1.169E+00  5.019E+00 5.908E+00
 1.12836E+00  1.521E+00 1.171E+00  4.984E+00 5.904E+00
 1.13769E+00  1.514E+00 1.172E+00  4.947E+00 5.893E+00
 1.14823E+00  1.507E+00 1.174E+00  4.907E+00 5.886E+00
 1.15789E+00  1.500E+00 1.175E+00  4.869E+00 5.875E+00
 1.16771E+00  1.493E+00 1.177E+00  4.830E+00 5.869E+00
 1.17770E+00  1.486E+00 1.179E+00  4.790E+00 5.862E+00
 1.18786E+00  1.479E+00 1.180E+00  4.753E+00 5.850E+00
 1.19820E+00  1.472E+00 1.182E+00  4.714E+00 5.844E+00
 1.20872E+00  1.465E+00 1.183E+00  4.677E+00 5.832E+00
 1.21943E+00  1.458E+00 1.185E+00  4.638E+00 5.825E+00
 1.23033E+00  1.451E+00 1.186E+00  4.601E+00 5.814E+00
 1.24105E+00  1.444E+00 1.188E+00  4.562E+00 5.807E+00
 1.25196E+00  1.436E+00 1.189E+00  4.520E+00 5.793E+00
 1.26281E+00  1.429E+00 1.190E+00  4.484E+00 5.781E+00
 1.27384E+00  1.422E+00 1.191E+00  4.448E+00 5.769E+00
 1.28494E+00  1.415E+00 1.193E+00  4.409E+00 5.762E+00
 1.29623E+00  1.408E+00 1.194E+00  4.373E+00 5.750E+00
 1.30759E+00  1.401E+00 1.196E+00  4.334E+00 5.743E+00
 1.31900E+00  1.395E+00 1.197E+00  4.303E+00 5.734E+00
 1.33048E+00  1.388E+00 1.199E+00  4.265E+00 5.726E+00
 1.34201E+00  1.381E+00 1.200E+00  4.229E+00 5.714E+00
 1.35374E+00  1.374E+00 1.202E+00  4.191E+00 5.707E+00
 1.36552E+00  1.367E+00 1.204E+00  4.153E+00 5.700E+00
 1.37752E+00  1.360E+00 1.207E+00  4.113E+00 5.697E+00
 1.38957E+00  1.353E+00 1.209E+00  4.075E+00 5.690E+00
 1.40167E+00  1.346E+00 1.212E+00  4.035E+00 5.687E+00
 1.41383E+00  1.338E+00 1.214E+00  3.992E+00 5.677E+00
 1.42620E+00  1.330E+00 1.217E+00  3.948E+00 5.671E+00
 1.43862E+00  1.322E+00 1.220E+00  3.903E+00 5.666E+00
 1.45126E+00  1.314E+00 1.223E+00  3.859E+00 5.660E+00
 1.46395E+00  1.306E+00 1.225E+00  3.817E+00 5.650E+00
 1.47669E+00  1.297E+00 1.228E+00  3.768E+00 5.641E+00
 1.48965E+00  1.288E+00 1.231E+00  3.720E+00 5.633E+00
 1.50266E+00  1.279E+00 1.233E+00  3.674E+00 5.620E+00
 1.51571E+00  1.269E+00 1.235E+00  3.623E+00 5.604E+00
 1.52899E+00  1.260E+00 1.237E+00  3.577E+00 5.591E+00
 1.54231E+00  1.250E+00 1.239E+00  3.527E+00 5.576E+00
 1.55568E+00  1.240E+00 1.241E+00  3.478E+00 5.560E+00
 1.56927E+00  1.230E+00 1.243E+00  3.428E+00 5.544E+00
 1.58291E+00  1.220E+00 1.244E+00  3.381E+00 5.523E+00
 1.59678E+00  1.210E+00 1.245E+00  3.334E+00 5.503E+00
 1.61069E+00  1.200E+00 1.246E+00  3.287E+00 5.482E+00
 1.62484E+00  1.190E+00 1.247E+00  3.241E+00 5.462E+00
 1.63903E+00  1.180E+00 1.247E+00  3.197E+00 5.437E+00
 1.65324E+00  1.170E+00 1.248E+00  3.151E+00 5.416E+00
 1.66771E+00  1.160E+00 1.248E+00  3.108E+00 5.391E+00
 1.68220E+00  1.151E+00 1.248E+00  3.069E+00 5.369E+00
 1.69695E+00  1.141E+00 1.249E+00  3.024E+00 5.348E+00
 1.71172E+00  1.131E+00 1.249E+00  2.981E+00 5.323E+00
 1.72675E+00  1.121E+00 1.249E+00  2.939E+00 5.298E+00
 1.74180E+00  1.112E+00 1.249E+00  2.901E+00 5.276E+00
 1.75686E+00  1.102E+00 1.249E+00  2.858E+00 5.251E+00
 1.77219E+00  1.092E+00 1.248E+00  2.819E+00 5.222E+00
 1.78779E+00  1.083E+00 1.248E+00  2.781E+00 5.199E+00
 1.80341E+00  1.073E+00 1.248E+00  2.740E+00 5.174E+00
 1.81903E+00  1.063E+00 1.248E+00  2.698E+00 5.149E+00
 1.83492E+00  1.054E+00 1.248E+00  2.661E+00 5.127E+00
 1.85110E+00  1.044E+00 1.247E+00  2.623E+00 5.098E+00
 1.86728E+00  1.035E+00 1.247E+00  2.586E+00 5.075E+00
 1.88346E+00  1.025E+00 1.246E+00  2.548E+00 5.046E+00
 1.89992E+00  1.015E+00 1.246E+00  2.508E+00 5.021E+00
 1.91638E+00  1.006E+00 1.246E+00  2.472E+00 4.999E+00
 1.93313E+00  9.960E-01 1.245E+00  2.434E+00 4.970E+00
 1.95017E+00  9.860E-01 1.244E+00  2.397E+00 4.941E+00
 1.96720E+00  9.760E-01 1.244E+00  2.357E+00 4.916E+00
 1.98421E+00  9.670E-01 1.243E+00  2.324E+00 4.890E+00
 2.00152E+00  9.570E-01 1.243E+00  2.285E+00 4.865E+00
 2.01913E+00  9.470E-01 1.242E+00  2.248E+00 4.836E+00
 2.03673E+00  9.370E-01 1.241E+00  2.212E+00 4.808E+00
 2.05429E+00  9.270E-01 1.240E+00  2.176E+00 4.779E+00
 2.07250E+00  9.170E-01 1.239E+00  2.140E+00 4.750E+00
 2.09033E+00  9.070E-01 1.238E+00  2.104E+00 4.722E+00
 2.10883E+00  8.970E-01 1.237E+00  2.068E+00 4.693E+00
 2.12694E+00  8.870E-01 1.236E+00  2.033E+00 4.665E+00
 2.14572E+00  8.770E-01 1.235E+00  1.998E+00 4.636E+00
 2.16447E+00  8.670E-01 1.234E+00  1.963E+00 4.608E+00
 2.18315E+00  8.570E-01 1.233E+00  1.928E+00 4.579E+00
 2.20217E+00  8.470E-01 1.231E+00  1.896E+00 4.547E+00
 2.22152E+00  8.370E-01 1.230E+00  1.862E+00 4.519E+00
 2.24080E+00  8.260E-01 1.228E+00  1.826E+00 4.485E+00
 2.26043E+00  8.160E-01 1.226E+00  1.795E+00 4.453E+00
 2.28040E+00  8.060E-01 1.225E+00  1.761E+00 4.425E+00
 2.30030E+00  7.950E-01 1.223E+00  1.726E+00 4.391E+00
 2.32011E+00  7.850E-01 1.221E+00  1.695E+00 4.359E+00
 2.34027E+00  7.750E-01 1.219E+00  1.665E+00 4.327E+00
 2.36079E+00  7.640E-01 1.216E+00  1.633E+00 4.290E+00
 2.38166E+00  7.540E-01 1.214E+00  1.603E+00 4.259E+00
 2.40244E+00  7.430E-01 1.211E+00  1.572E+00 4.222E+00
 2.42312E+00  7.330E-01 1.209E+00  1.542E+00 4.190E+00
 2.44463E+00  7.230E-01 1.206E+00  1.514E+00 4.156E+00
 2.46555E+00  7.120E-01 1.203E+00  1.484E+00 4.119E+00
 2.48733E+00  7.020E-01 1.200E+00  1.457E+00 4.085E+00
 2.50899E+00  6.920E-01 1.197E+00  1.430E+00 4.051E+00
 2.53103E+00  6.810E-01 1.193E+00  1.403E+00 4.011E+00
 2.55294E+00  6.710E-01 1.190E+00  1.376E+00 3.977E+00
 2.57522E+00  6.610E-01 1.186E+00  1.352E+00 3.940E+00
 2.59790E+00  6.510E-01 1.183E+00  1.326E+00 3.906E+00
 2.62043E+00  6.410E-01 1.179E+00  1.303E+00 3.869E+00
 2.64335E+00  6.320E-01 1.175E+00  1.283E+00 3.835E+00
 2.66611E+00  6.220E-01 1.171E+00  1.260E+00 3.799E+00
 2.68984E+00  6.120E-01 1.167E+00  1.237E+00 3.762E+00
 2.71281E+00  6.030E-01 1.163E+00  1.217E+00 3.729E+00
 2.73678E+00  5.930E-01 1.158E+00  1.197E+00 3.689E+00
 2.76056E+00  5.840E-01 1.154E+00  1.177E+00 3.656E+00
 2.78476E+00  5.750E-01 1.150E+00  1.158E+00 3.622E+00
 2.80875E+00  5.650E-01 1.145E+00  1.138E+00 3.584E+00
 2.83381E+00  5.560E-01 1.141E+00  1.119E+00 3.551E+00
 2.85799E+00  5.470E-01 1.137E+00  1.100E+00 3.518E+00
 2.88327E+00  5.380E-01 1.132E+00  1.084E+00 3.482E+00
 2.90831E+00  5.300E-01 1.128E+00  1.069E+00 3.452E+00
 2.93379E+00  5.210E-01 1.123E+00  1.052E+00 3.416E+00
 2.95972E+00  5.120E-01 1.118E+00  1.036E+00 3.381E+00
 2.98540E+00  5.030E-01 1.114E+00  1.018E+00 3.349E+00
 3.01152E+00  4.950E-01 1.109E+00  1.005E+00 3.316E+00
 3.03736E+00  4.860E-01 1.105E+00  9.872E-01 3.284E+00
 3.06441E+00  4.780E-01 1.100E+00  9.745E-01 3.252E+00
 3.09117E+00  4.700E-01 1.095E+00  9.619E-01 3.219E+00
 3.11761E+00  4.610E-01 1.091E+00  9.442E-01 3.188E+00
 3.14532E+00  4.530E-01 1.086E+00  9.318E-01 3.156E+00
 3.17270E+00  4.450E-01 1.081E+00  9.195E-01 3.124E+00
 3.19974E+00  4.360E-01 1.077E+00  9.022E-01 3.093E+00
 3.22809E+00  4.280E-01 1.072E+00  8.900E-01 3.062E+00
 3.25608E+00  4.200E-01 1.067E+00  8.779E-01 3.030E+00
 3.28457E+00  4.120E-01 1.063E+00  8.638E-01 3.002E+00
 3.31356E+00  4.030E-01 1.058E+00  8.490E-01 2.969E+00
 3.34216E+00  3.950E-01 1.053E+00  8.372E-01 2.938E+00
 3.37127E+00  3.870E-01 1.048E+00  8.255E-01 2.907E+00
 3.40088E+00  3.790E-01 1.043E+00  8.138E-01 2.877E+00
 3.43007E+00  3.710E-01 1.038E+00  8.022E-01 2.846E+00
 3.46073E+00  3.620E-01 1.033E+00  7.880E-01 2.814E+00
 3.49096E+00  3.540E-01 1.028E+00  7.765E-01 2.784E+00
 3.52072E+00  3.460E-01 1.023E+00  7.652E-01 2.754E+00
 3.55201E+00  3.380E-01 1.018E+00  7.539E-01 2.724E+00
 3.58282E+00  3.300E-01 1.013E+00  7.427E-01 2.695E+00
 3.61418E+00  3.220E-01 1.008E+00  7.316E-01 2.665E+00
 3.64609E+00  3.140E-01 1.002E+00  7.226E-01 2.633E+00
 3.67747E+00  3.050E-01 9.969E-01  7.092E-01 2.602E+00
 3.70940E+00  2.970E-01 9.914E-01  6.993E-01 2.572E+00
 3.74189E+00  2.890E-01 9.858E-01  6.897E-01 2.541E+00
 3.77495E+00  2.810E-01 9.802E-01  6.802E-01 2.511E+00
 3.80744E+00  2.730E-01 9.745E-01  6.709E-01 2.481E+00
 3.84048E+00  2.650E-01 9.686E-01  6.620E-01 2.451E+00
 3.87411E+00  2.570E-01 9.627E-01  6.533E-01 2.420E+00
 3.90833E+00  2.490E-01 9.567E-01  6.447E-01 2.390E+00
 3.94190E+00  2.410E-01 9.507E-01  6.363E-01 2.360E+00
 3.97606E+00  2.330E-01 9.445E-01  6.282E-01 2.329E+00
 4.01081E+00  2.250E-01 9.382E-01  6.204E-01 2.299E+00
 4.04618E+00  2.180E-01 9.318E-01  6.153E-01 2.270E+00
 4.08217E+00  2.100E-01 9.252E-01  6.081E-01 2.239E+00
 4.11745E+00  2.020E-01 9.186E-01  6.010E-01 2.208E+00
 4.15334E+00  1.940E-01 9.118E-01  5.943E-01 2.177E+00
 4.18985E+00  1.860E-01 9.049E-01  5.878E-01 2.146E+00
 4.22558E+00  1.780E-01 8.977E-01  5.818E-01 2.115E+00
 4.26339E+00  1.710E-01 8.903E-01  5.786E-01 2.085E+00
 4.30038E+00  1.630E-01 8.826E-01  5.736E-01 2.053E+00
 4.33803E+00  1.560E-01 8.747E-01  5.712E-01 2.022E+00
 4.37479E+00  1.490E-01 8.668E-01  5.689E-01 1.992E+00
 4.41375E+00  1.430E-01 8.592E-01  5.682E-01 1.964E+00
 4.45181E+00  1.360E-01 8.518E-01  5.649E-01 1.935E+00
 4.49054E+00  1.290E-01 8.445E-01  5.615E-01 1.907E+00
 4.52995E+00  1.220E-01 8.370E-01  5.583E-01 1.878E+00
 4.57005E+00  1.150E-01 8.291E-01  5.558E-01 1.849E+00
 4.60915E+00  1.080E-01 8.206E-01  5.543E-01 1.818E+00
 4.65068E+00  1.010E-01 8.116E-01  5.535E-01 1.787E+00
 4.69118E+00  9.400E-02 8.023E-01  5.532E-01 1.755E+00
 4.73058E+00  8.800E-02 7.928E-01  5.552E-01 1.725E+00
 4.77250E+00  8.300E-02 7.835E-01  5.590E-01 1.697E+00
 4.81516E+00  7.700E-02 7.743E-01  5.604E-01 1.668E+00
 4.85668E+00  7.200E-02 7.650E-01  5.640E-01 1.640E+00
 4.89893E+00  6.600E-02 7.555E-01  5.656E-01 1.611E+00
 4.94192E+00  6.100E-02 7.457E-01  5.697E-01 1.582E+00
 4.98367E+00  5.600E-02 7.355E-01  5.742E-01 1.553E+00
 5.02817E+00  5.200E-02 7.250E-01  5.811E-01 1.525E+00
 5.07139E+00  4.800E-02 7.144E-01  5.879E-01 1.497E+00
 5.11536E+00  4.600E-02 7.040E-01  5.985E-01 1.473E+00
 5.16010E+00  4.300E-02 6.940E-01  6.062E-01 1.448E+00
 5.20563E+00  4.100E-02 6.844E-01  6.153E-01 1.425E+00
 5.25197E+00  3.900E-02 6.752E-01  6.236E-01 1.403E+00
 5.29688E+00  3.800E-02 6.664E-01  6.334E-01 1.383E+00
 5.34256E+00  3.600E-02 6.579E-01  6.405E-01 1.363E+00
 5.38904E+00  3.400E-02 6.497E-01  6.470E-01 1.344E+00
 5.43633E+00  3.200E-02 6.416E-01  6.534E-01 1.324E+00
 5.48446E+00  3.000E-02 6.337E-01  6.593E-01 1.305E+00
 5.53345E+00  2.800E-02 6.258E-01  6.652E-01 1.287E+00
 5.58081E+00  2.600E-02 6.178E-01  6.710E-01 1.268E+00
 5.62899E+00  2.400E-02 6.097E-01  6.768E-01 1.249E+00
 5.67800E+00  2.200E-02 6.014E-01  6.828E-01 1.229E+00
 5.72788E+00  2.000E-02 5.930E-01  6.888E-01 1.210E+00
 5.77864E+00  1.800E-02 5.844E-01  6.948E-01 1.190E+00
 5.82756E+00  1.600E-02 5.758E-01  7.007E-01 1.170E+00
 5.88011E+00  1.500E-02 5.670E-01  7.087E-01 1.151E+00
 5.93078E+00  1.400E-02 5.583E-01  7.165E-01 1.132E+00
 5.98233E+00  1.200E-02 5.495E-01  7.222E-01 1.112E+00
 6.03478E+00  1.100E-02 5.406E-01  7.299E-01 1.093E+00
 6.08816E+00  1.100E-02 5.314E-01  7.397E-01 1.074E+00
 6.13944E+00  1.000E-02 5.220E-01  7.476E-01 1.054E+00
 6.19470E+00  1.000E-02 5.122E-01  7.578E-01 1.035E+00
 6.24781E+00  1.000E-02 5.021E-01  7.680E-01 1.014E+00
 6.30183E+00  1.100E-02 4.919E-01  7.802E-01 9.946E-01
 6.35680E+00  1.300E-02 4.818E-01  7.940E-01 9.761E-01
 6.41273E+00  1.600E-02 4.720E-01  8.095E-01 9.591E-01
 6.46966E+00  2.000E-02 4.627E-01  8.263E-01 9.439E-01
 6.52417E+00  2.400E-02 4.541E-01  8.424E-01 9.300E-01
 6.58310E+00  2.900E-02 4.464E-01  8.596E-01 9.187E-01
 6.63955E+00  3.300E-02 4.394E-01  8.740E-01 9.078E-01
 6.69697E+00  3.800E-02 4.331E-01  8.899E-01 8.991E-01
 6.75540E+00  4.300E-02 4.273E-01  9.053E-01 8.913E-01
 6.81485E+00  4.700E-02 4.219E-01  9.182E-01 8.835E-01
 6.87536E+00  5.200E-02 4.168E-01  9.330E-01 8.769E-01
 6.93307E+00  5.600E-02 4.119E-01  9.455E-01 8.699E-01
 6.99571E+00  6.100E-02 4.073E-01  9.598E-01 8.643E-01
 7.05547E+00  6.600E-02 4.029E-01  9.740E-01 8.590E-01
 7.11626E+00  7.100E-02 3.988E-01  9.880E-01 8.542E-01
 7.18226E+00  7.600E-02 3.951E-01  1.002E+00 8.503E-01
 7.24103E+00  8.100E-02 3.919E-01  1.015E+00 8.473E-01
 7.30507E+00  8.700E-02 3.890E-01  1.030E+00 8.457E-01
 7.37026E+00  9.200E-02 3.867E-01  1.043E+00 8.446E-01
 7.43215E+00  9.800E-02 3.850E-01  1.057E+00 8.455E-01
 7.49964E+00  1.040E-01 3.841E-01  1.071E+00 8.481E-01
 7.56374E+00  1.100E-01 3.840E-01  1.085E+00 8.525E-01
 7.62894E+00  1.160E-01 3.849E-01  1.097E+00 8.591E-01
 7.69528E+00  1.220E-01 3.869E-01  1.109E+00 8.682E-01
 7.76278E+00  1.270E-01 3.900E-01  1.118E+00 8.791E-01
 7.83148E+00  1.310E-01 3.942E-01  1.124E+00 8.917E-01
 7.90140E+00  1.340E-01 3.992E-01  1.127E+00 9.054E-01
 7.96746E+00  1.350E-01 4.046E-01  1.125E+00 9.184E-01
 8.03984E+00  1.350E-01 4.100E-01  1.120E+00 9.307E-01
 8.10825E+00  1.340E-01 4.150E-01  1.114E+00 9.412E-01
 8.17782E+00  1.310E-01 4.195E-01  1.103E+00 9.489E-01
 8.24860E+00  1.280E-01 4.230E-01  1.093E+00 9.543E-01
 8.32062E+00  1.240E-01 4.252E-01  1.083E+00 9.558E-01
 8.39390E+00  1.190E-01 4.264E-01  1.070E+00 9.543E-01
 8.46849E+00  1.150E-01 4.267E-01  1.061E+00 9.515E-01
 8.54441E+00  1.120E-01 4.264E-01  1.055E+00 9.483E-01
 8.61572E+00  1.080E-01 4.256E-01  1.047E+00 9.431E-01
 8.69432E+00  1.060E-01 4.247E-01  1.043E+00 9.394E-01
 8.76815E+00  1.030E-01 4.237E-01  1.037E+00 9.347E-01
 8.84326E+00  1.010E-01 4.229E-01  1.033E+00 9.312E-01
 8.91965E+00  9.900E-02 4.224E-01  1.029E+00 9.284E-01
 8.99739E+00  9.700E-02 4.221E-01  1.025E+00 9.261E-01
 9.07648E+00  9.500E-02 4.221E-01  1.021E+00 9.244E-01
 9.15698E+00  9.200E-02 4.221E-01  1.014E+00 9.219E-01
 9.23893E+00  8.900E-02 4.221E-01  1.008E+00 9.193E-01
 9.31534E+00  8.600E-02 4.219E-01  1.001E+00 9.164E-01
 9.40015E+00  8.300E-02 4.217E-01  9.951E-01 9.134E-01
 9.47927E+00  7.900E-02 4.211E-01  9.869E-01 9.087E-01
 9.56710E+00  7.600E-02 4.203E-01  9.811E-01 9.045E-01
 9.64907E+00  7.200E-02 4.191E-01  9.735E-01 8.986E-01
 9.73244E+00  6.800E-02 4.176E-01  9.662E-01 8.920E-01
 9.81727E+00  6.500E-02 4.158E-01  9.613E-01 8.857E-01
 9.90360E+00  6.100E-02 4.139E-01  9.544E-01 8.783E-01
 9.99145E+00  5.800E-02 4.119E-01  9.497E-01 8.716E-01
 1.00809E+01  5.500E-02 4.098E-01  9.451E-01 8.647E-01
 1.01636E+01  5.200E-02 4.077E-01  9.405E-01 8.578E-01
 1.02561E+01  4.900E-02 4.055E-01  9.360E-01 8.507E-01
 1.03417E+01  4.600E-02 4.035E-01  9.313E-01 8.441E-01
 1.04376E+01  4.400E-02 4.015E-01  9.287E-01 8.383E-01
 1.05263E+01  4.100E-02 3.996E-01  9.240E-01 8.320E-01
 1.06165E+01  3.800E-02 3.978E-01  9.192E-01 8.258E-01
 1.07082E+01  3.500E-02 3.959E-01  9.145E-01 8.195E-01
 1.08016E+01  3.200E-02 3.940E-01  9.098E-01 8.132E-01
 1.08966E+01  2.900E-02 3.920E-01  9.052E-01 8.067E-01
 1.09933E+01  2.600E-02 3.900E-01  9.006E-01 8.003E-01
 1.10917E+01  2.300E-02 3.878E-01  8.961E-01 7.934E-01
 1.11818E+01  2.000E-02 3.855E-01  8.918E-01 7.864E-01
 1.12836E+01  1.600E-02 3.831E-01  8.855E-01 7.785E-01
 1.13769E+01  1.300E-02 3.804E-01  8.815E-01 7.707E-01
 1.14823E+01  1.000E-02 3.776E-01  8.775E-01 7.628E-01
 1.15789E+01  7.000E-03 3.747E-01  8.736E-01 7.546E-01
 1.16771E+01  4.000E-03 3.716E-01  8.699E-01 7.462E-01
 1.17882E+01  1.000E-03 3.684E-01  8.663E-01 7.375E-01
 1.18900E+01 -2.300E-03 3.652E-01  8.620E-01 7.287E-01
 1.19936E+01 -5.000E-03 3.619E-01  8.591E-01 7.202E-01
 1.20990E+01 -7.700E-03 3.585E-01  8.561E-01 7.115E-01
 1.21943E+01 -1.020E-02 3.550E-01  8.537E-01 7.028E-01
 1.23033E+01 -1.260E-02 3.516E-01  8.513E-01 6.943E-01
 1.24130E+01 -1.490E-02 3.482E-01  8.492E-01 6.860E-01
 1.25221E+01 -1.700E-02 3.447E-01  8.475E-01 6.777E-01
 1.26306E+01 -1.920E-02 3.413E-01  8.455E-01 6.695E-01
 1.27411E+01 -2.120E-02 3.378E-01  8.439E-01 6.613E-01
 1.28521E+01 -2.320E-02 3.344E-01  8.423E-01 6.533E-01
 1.29650E+01 -2.510E-02 3.310E-01  8.409E-01 6.454E-01
 1.30786E+01 -2.690E-02 3.276E-01  8.396E-01 6.376E-01
 1.31914E+01 -2.870E-02 3.242E-01  8.383E-01 6.298E-01
 1.33076E+01 -3.040E-02 3.208E-01  8.372E-01 6.221E-01
 1.34230E+01 -3.210E-02 3.175E-01  8.360E-01 6.146E-01
 1.35403E+01 -3.370E-02 3.141E-01  8.351E-01 6.070E-01
 1.36583E+01 -3.530E-02 3.108E-01  8.340E-01 5.997E-01
 1.37782E+01 -3.680E-02 3.074E-01  8.333E-01 5.922E-01
 1.38988E+01 -3.830E-02 3.041E-01  8.324E-01 5.849E-01
 1.40199E+01 -3.970E-02 3.008E-01  8.317E-01 5.777E-01
 1.41415E+01 -4.110E-02 2.975E-01  8.310E-01 5.705E-01
 1.42653E+01 -4.250E-02 2.943E-01  8.302E-01 5.636E-01
 1.43895E+01 -4.380E-02 2.910E-01  8.296E-01 5.565E-01
 1.45160E+01 -4.510E-02 2.878E-01  8.290E-01 5.496E-01
 1.46412E+01 -4.630E-02 2.845E-01  8.286E-01 5.427E-01
 1.47704E+01 -4.750E-02 2.813E-01  8.281E-01 5.359E-01
 1.48983E+01 -4.870E-02 2.781E-01  8.276E-01 5.291E-01
 1.50284E+01 -4.990E-02 2.749E-01  8.271E-01 5.224E-01
 1.51608E+01 -5.100E-02 2.717E-01  8.268E-01 5.157E-01
 1.52918E+01 -5.210E-02 2.685E-01  8.264E-01 5.090E-01
 1.54250E+01 -5.310E-02 2.653E-01  8.262E-01 5.024E-01
 1.55607E+01 -5.420E-02 2.621E-01  8.258E-01 4.958E-01
 1.56967E+01 -5.510E-02 2.590E-01  8.258E-01 4.895E-01
 1.58331E+01 -5.610E-02 2.558E-01  8.255E-01 4.829E-01
 1.59719E+01 -5.700E-02 2.527E-01  8.254E-01 4.766E-01
 1.61111E+01 -5.790E-02 2.495E-01  8.253E-01 4.701E-01
 1.62505E+01 -5.870E-02 2.464E-01  8.253E-01 4.639E-01
 1.63924E+01 -5.950E-02 2.433E-01  8.253E-01 4.576E-01
 1.65368E+01 -6.020E-02 2.403E-01  8.255E-01 4.517E-01
 1.66816E+01 -6.090E-02 2.372E-01  8.256E-01 4.455E-01
 1.68266E+01 -6.160E-02 2.342E-01  8.257E-01 4.395E-01
 1.69741E+01 -6.220E-02 2.312E-01  8.260E-01 4.336E-01
 1.71219E+01 -6.290E-02 2.282E-01  8.261E-01 4.277E-01
 1.72699E+01 -6.350E-02 2.253E-01  8.263E-01 4.220E-01
 1.74204E+01 -6.400E-02 2.224E-01  8.266E-01 4.163E-01
 1.75736E+01 -6.460E-02 2.195E-01  8.268E-01 4.106E-01
 1.77270E+01 -6.510E-02 2.167E-01  8.271E-01 4.052E-01
 1.78805E+01 -6.570E-02 2.140E-01  8.271E-01 3.999E-01
 1.80367E+01 -6.630E-02 2.112E-01  8.272E-01 3.944E-01
 1.81956E+01 -6.690E-02 2.085E-01  8.272E-01 3.891E-01
 1.83547E+01 -6.750E-02 2.058E-01  8.272E-01 3.838E-01
 1.85137E+01 -6.810E-02 2.032E-01  8.271E-01 3.787E-01
 1.86756E+01 -6.880E-02 2.005E-01  8.269E-01 3.734E-01
 1.88375E+01 -6.950E-02 1.978E-01  8.267E-01 3.681E-01
 1.90021E+01 -7.020E-02 1.951E-01  8.265E-01 3.628E-01
 1.91697E+01 -7.090E-02 1.924E-01  8.262E-01 3.575E-01
 1.93373E+01 -7.170E-02 1.896E-01  8.258E-01 3.520E-01
 1.95047E+01 -7.250E-02 1.868E-01  8.254E-01 3.465E-01
 1.96751E+01 -7.340E-02 1.840E-01  8.247E-01 3.410E-01
 1.98453E+01 -7.420E-02 1.811E-01  8.243E-01 3.353E-01
 2.00184E+01 -7.510E-02 1.781E-01  8.237E-01 3.294E-01
 2.01946E+01 -7.590E-02 1.750E-01  8.233E-01 3.234E-01
 2.03706E+01 -7.680E-02 1.719E-01  8.227E-01 3.174E-01
 2.05497E+01 -7.760E-02 1.687E-01  8.224E-01 3.112E-01
 2.07285E+01 -7.840E-02 1.654E-01  8.220E-01 3.049E-01
 2.09104E+01 -7.920E-02 1.619E-01  8.217E-01 2.982E-01
 2.10919E+01 -7.990E-02 1.584E-01  8.215E-01 2.915E-01
 2.12767E+01 -8.050E-02 1.548E-01  8.215E-01 2.847E-01
 2.14609E+01 -8.100E-02 1.510E-01  8.218E-01 2.775E-01
 2.16484E+01 -8.150E-02 1.472E-01  8.220E-01 2.704E-01
 2.18392E+01 -8.180E-02 1.432E-01  8.226E-01 2.630E-01
 2.20295E+01 -8.200E-02 1.392E-01  8.233E-01 2.556E-01
 2.22192E+01 -8.200E-02 1.350E-01  8.245E-01 2.479E-01
 2.24161E+01 -8.200E-02 1.308E-01  8.256E-01 2.401E-01
 2.26084E+01 -8.170E-02 1.264E-01  8.273E-01 2.321E-01
 2.28082E+01 -8.120E-02 1.220E-01  8.293E-01 2.242E-01
 2.30072E+01 -8.060E-02 1.174E-01  8.315E-01 2.159E-01
 2.32055E+01 -7.960E-02 1.128E-01  8.344E-01 2.076E-01
 2.34116E+01 -7.840E-02 1.081E-01  8.377E-01 1.992E-01
 2.36124E+01 -7.690E-02 1.033E-01  8.414E-01 1.907E-01
 2.38212E+01 -7.500E-02 9.835E-02  8.460E-01 1.819E-01
 2.40291E+01 -7.260E-02 9.335E-02  8.514E-01 1.731E-01
 2.42359E+01 -6.950E-02 8.826E-02  8.580E-01 1.643E-01
 2.44512E+01 -6.550E-02 8.309E-02  8.664E-01 1.553E-01
 2.46604E+01 -5.900E-02 7.788E-02  8.794E-01 1.466E-01
