19 = ICOMP: graphite, E perp to c axis, improved eps2 in X-ray                  
    E(eV)      Re(n)-1    Im(n)    Re(eps)-1  Im(eps)
1.000000E-06  2.498E+01 4.830E-05  6.742E+02 2.510E-03
1.000000E-05  2.498E+01 4.830E-04  6.742E+02 2.510E-02
1.000000E-04  2.498E+01 4.830E-03  6.742E+02 2.510E-01
6.199000E-04  2.499E+01 2.985E-02  6.747E+02 1.552E+00
8.266000E-04  2.500E+01 4.001E-02  6.752E+02 2.081E+00
1.033000E-03  2.502E+01 4.982E-02  6.758E+02 2.592E+00
1.240000E-03  2.503E+01 5.974E-02  6.765E+02 3.110E+00
1.771000E-03  2.508E+01 8.524E-02  6.791E+02 4.446E+00
2.480000E-03  2.517E+01 1.190E-01  6.841E+02 6.229E+00
3.000000E-03  2.527E+01 1.470E-01  6.891E+02 7.725E+00
3.500000E-03  2.538E+01 1.758E-01  6.949E+02 9.273E+00
4.133000E-03  2.555E+01 2.186E-01  7.040E+02 1.161E+01
4.959000E-03  2.583E+01 2.892E-01  7.188E+02 1.552E+01
6.199000E-03  2.639E+01 4.400E-01  7.489E+02 2.410E+01
7.085000E-03  2.693E+01 6.011E-01  7.785E+02 3.357E+01
8.266000E-03  2.783E+01 1.001E+00  8.292E+02 5.774E+01
9.184000E-03  2.871E+01 1.542E+00  8.793E+02 9.165E+01
1.000000E-02  2.954E+01 2.309E+00  9.263E+02 1.410E+02
1.050000E-02  3.001E+01 2.939E+00  9.521E+02 1.823E+02
1.100000E-02  3.043E+01 3.660E+00  9.735E+02 2.301E+02
1.200000E-02  3.094E+01 5.479E+00  9.893E+02 3.500E+02
1.240000E-02  3.096E+01 6.229E+00  9.818E+02 3.982E+02
1.300000E-02  3.081E+01 7.255E+00  9.583E+02 4.616E+02
1.350000E-02  3.067E+01 8.032E+00  9.373E+02 5.087E+02
1.400000E-02  3.051E+01 8.782E+00  9.147E+02 5.534E+02
1.450000E-02  3.034E+01 9.582E+00  8.896E+02 6.007E+02
1.500000E-02  3.007E+01 1.038E+01  8.565E+02 6.453E+02
1.550000E-02  2.972E+01 1.116E+01  8.184E+02 6.857E+02
1.600000E-02  2.929E+01 1.189E+01  7.748E+02 7.203E+02
1.650000E-02  2.882E+01 1.254E+01  7.309E+02 7.480E+02
1.700000E-02  2.833E+01 1.315E+01  6.864E+02 7.714E+02
1.750000E-02  2.782E+01 1.372E+01  6.414E+02 7.906E+02
1.771000E-02  2.759E+01 1.394E+01  6.223E+02 7.973E+02
1.800000E-02  2.729E+01 1.424E+01  5.964E+02 8.055E+02
1.850000E-02  2.674E+01 1.473E+01  5.519E+02 8.171E+02
1.900000E-02  2.619E+01 1.518E+01  5.076E+02 8.254E+02
1.950000E-02  2.561E+01 1.560E+01  4.636E+02 8.303E+02
2.000000E-02  2.502E+01 1.599E+01  4.202E+02 8.320E+02
2.100000E-02  2.381E+01 1.663E+01  3.377E+02 8.253E+02
2.200000E-02  2.258E+01 1.716E+01  2.608E+02 8.091E+02
2.300000E-02  2.133E+01 1.753E+01  1.904E+02 7.831E+02
2.400000E-02  2.011E+01 1.778E+01  1.284E+02 7.504E+02
2.480000E-02  1.912E+01 1.790E+01  8.354E+01 7.203E+02
2.750000E-02  1.601E+01 1.746E+01 -1.645E+01 5.939E+02
3.000000E-02  1.401E+01 1.653E+01 -4.898E+01 4.965E+02
3.300000E-02  1.227E+01 1.547E+01 -6.413E+01 4.105E+02
3.700000E-02  1.055E+01 1.414E+01 -6.752E+01 3.267E+02
4.133000E-02  9.258E+00 1.278E+01 -5.923E+01 2.623E+02
4.500000E-02  8.495E+00 1.176E+01 -4.911E+01 2.233E+02
4.960000E-02  7.820E+00 1.062E+01 -3.593E+01 1.873E+02
5.100000E-02  7.732E+00 1.030E+01 -3.077E+01 1.798E+02
5.200000E-02  7.663E+00 1.011E+01 -2.822E+01 1.752E+02
5.300000E-02  7.590E+00 9.942E+00 -2.606E+01 1.708E+02
5.400000E-02  7.517E+00 9.780E+00 -2.412E+01 1.666E+02
5.500000E-02  7.443E+00 9.623E+00 -2.233E+01 1.625E+02
5.600000E-02  7.372E+00 9.472E+00 -2.064E+01 1.586E+02
5.700000E-02  7.301E+00 9.324E+00 -1.903E+01 1.548E+02
5.800000E-02  7.235E+00 9.180E+00 -1.745E+01 1.512E+02
5.900000E-02  7.171E+00 9.038E+00 -1.592E+01 1.477E+02
6.000000E-02  7.110E+00 8.897E+00 -1.439E+01 1.443E+02
6.100000E-02  7.057E+00 8.763E+00 -1.287E+01 1.412E+02
6.199000E-02  7.008E+00 8.629E+00 -1.133E+01 1.382E+02
6.400000E-02  6.947E+00 8.374E+00 -7.963E+00 1.331E+02
6.600000E-02  6.887E+00 8.172E+00 -5.572E+00 1.289E+02
6.800000E-02  6.822E+00 7.990E+00 -3.650E+00 1.250E+02
7.000000E-02  6.756E+00 7.820E+00 -2.007E+00 1.213E+02
7.200000E-02  6.692E+00 7.663E+00 -5.537E-01 1.179E+02
7.400000E-02  6.628E+00 7.512E+00  7.472E-01 1.146E+02
7.600000E-02  6.570E+00 7.371E+00  1.962E+00 1.116E+02
7.800000E-02  6.511E+00 7.243E+00  2.954E+00 1.088E+02
8.000000E-02  6.453E+00 7.124E+00  3.796E+00 1.062E+02
8.200000E-02  6.394E+00 7.012E+00  4.506E+00 1.037E+02
8.266000E-02  6.375E+00 6.976E+00  4.724E+00 1.029E+02
8.400000E-02  6.336E+00 6.904E+00  5.148E+00 1.013E+02
8.600000E-02  6.276E+00 6.797E+00  5.738E+00 9.892E+01
8.800000E-02  6.219E+00 6.695E+00  6.291E+00 9.667E+01
9.000000E-02  6.164E+00 6.596E+00  6.818E+00 9.451E+01
9.200000E-02  6.111E+00 6.500E+00  7.325E+00 9.244E+01
9.400000E-02  6.061E+00 6.406E+00  7.823E+00 9.047E+01
9.600000E-02  6.014E+00 6.315E+00  8.314E+00 8.859E+01
9.800000E-02  5.970E+00 6.227E+00  8.806E+00 8.680E+01
1.000000E-01  5.931E+00 6.139E+00  9.348E+00 8.510E+01
1.010000E-01  5.916E+00 6.100E+00  9.617E+00 8.438E+01
1.020000E-01  5.899E+00 6.065E+00  9.808E+00 8.368E+01
1.040000E-01  5.864E+00 5.995E+00  1.017E+01 8.229E+01
1.060000E-01  5.827E+00 5.929E+00  1.045E+01 8.095E+01
1.080000E-01  5.790E+00 5.865E+00  1.070E+01 7.964E+01
1.100000E-01  5.752E+00 5.803E+00  1.091E+01 7.837E+01
1.120000E-01  5.715E+00 5.744E+00  1.110E+01 7.714E+01
1.140000E-01  5.679E+00 5.686E+00  1.127E+01 7.595E+01
1.160000E-01  5.643E+00 5.630E+00  1.143E+01 7.480E+01
1.180000E-01  5.608E+00 5.575E+00  1.158E+01 7.368E+01
1.200000E-01  5.573E+00 5.522E+00  1.171E+01 7.260E+01
1.220000E-01  5.540E+00 5.471E+00  1.184E+01 7.156E+01
1.240000E-01  5.507E+00 5.422E+00  1.194E+01 7.056E+01
1.260000E-01  5.474E+00 5.375E+00  1.203E+01 6.960E+01
1.280000E-01  5.441E+00 5.330E+00  1.209E+01 6.866E+01
1.283000E-01  5.436E+00 5.323E+00  1.210E+01 6.852E+01
1.300000E-01  5.408E+00 5.285E+00  1.214E+01 6.773E+01
1.320000E-01  5.375E+00 5.241E+00  1.218E+01 6.683E+01
1.340000E-01  5.343E+00 5.198E+00  1.222E+01 6.594E+01
1.360000E-01  5.311E+00 5.156E+00  1.225E+01 6.507E+01
1.380000E-01  5.280E+00 5.114E+00  1.229E+01 6.423E+01
1.400000E-01  5.249E+00 5.073E+00  1.232E+01 6.340E+01
1.420000E-01  5.219E+00 5.032E+00  1.236E+01 6.259E+01
1.440000E-01  5.190E+00 4.992E+00  1.239E+01 6.180E+01
1.460000E-01  5.161E+00 4.953E+00  1.243E+01 6.103E+01
1.480000E-01  5.133E+00 4.914E+00  1.247E+01 6.027E+01
1.500000E-01  5.106E+00 4.876E+00  1.251E+01 5.954E+01
1.550000E-01  5.042E+00 4.783E+00  1.263E+01 5.779E+01
1.600000E-01  4.988E+00 4.695E+00  1.282E+01 5.623E+01
1.650000E-01  4.935E+00 4.620E+00  1.288E+01 5.484E+01
1.700000E-01  4.881E+00 4.549E+00  1.289E+01 5.351E+01
1.750000E-01  4.827E+00 4.481E+00  1.287E+01 5.223E+01
1.794000E-01  4.782E+00 4.424E+00  1.286E+01 5.115E+01
1.850000E-01  4.725E+00 4.353E+00  1.283E+01 4.985E+01
1.900000E-01  4.678E+00 4.292E+00  1.282E+01 4.874E+01
1.950000E-01  4.640E+00 4.231E+00  1.291E+01 4.772E+01
1.958000E-01  4.642E+00 4.220E+00  1.302E+01 4.762E+01
1.959000E-01  4.643E+00 4.219E+00  1.305E+01 4.762E+01
1.960000E-01  4.645E+00 4.218E+00  1.308E+01 4.762E+01
1.961000E-01  4.648E+00 4.217E+00  1.311E+01 4.764E+01
1.962000E-01  4.652E+00 4.217E+00  1.316E+01 4.767E+01
1.963000E-01  4.657E+00 4.219E+00  1.320E+01 4.773E+01
1.964000E-01  4.663E+00 4.223E+00  1.324E+01 4.782E+01
1.965000E-01  4.669E+00 4.230E+00  1.324E+01 4.797E+01
1.966000E-01  4.673E+00 4.245E+00  1.317E+01 4.816E+01
1.967000E-01  4.668E+00 4.264E+00  1.294E+01 4.834E+01
1.968000E-01  4.649E+00 4.280E+00  1.259E+01 4.835E+01
1.969000E-01  4.626E+00 4.280E+00  1.233E+01 4.816E+01
1.970000E-01  4.609E+00 4.271E+00  1.222E+01 4.792E+01
1.971000E-01  4.600E+00 4.260E+00  1.221E+01 4.772E+01
1.972000E-01  4.596E+00 4.251E+00  1.224E+01 4.757E+01
1.973000E-01  4.594E+00 4.243E+00  1.228E+01 4.747E+01
1.974000E-01  4.593E+00 4.237E+00  1.233E+01 4.739E+01
1.975000E-01  4.592E+00 4.232E+00  1.236E+01 4.733E+01
1.976000E-01  4.592E+00 4.228E+00  1.240E+01 4.728E+01
1.977000E-01  4.592E+00 4.224E+00  1.242E+01 4.724E+01
1.978000E-01  4.592E+00 4.221E+00  1.245E+01 4.721E+01
1.980000E-01  4.591E+00 4.216E+00  1.249E+01 4.715E+01
1.990000E-01  4.586E+00 4.199E+00  1.258E+01 4.691E+01
2.000000E-01  4.579E+00 4.186E+00  1.261E+01 4.671E+01
2.050000E-01  4.539E+00 4.132E+00  1.261E+01 4.577E+01
2.100000E-01  4.497E+00 4.081E+00  1.256E+01 4.487E+01
2.200000E-01  4.414E+00 3.985E+00  1.243E+01 4.315E+01
2.250000E-01  4.375E+00 3.939E+00  1.238E+01 4.234E+01
2.400000E-01  4.263E+00 3.808E+00  1.220E+01 4.008E+01
2.480000E-01  4.210E+00 3.742E+00  1.214E+01 3.899E+01
2.600000E-01  4.141E+00 3.654E+00  1.208E+01 3.757E+01
2.800000E-01  4.025E+00 3.526E+00  1.182E+01 3.544E+01
3.000000E-01  3.919E+00 3.410E+00  1.157E+01 3.355E+01
3.200000E-01  3.826E+00 3.305E+00  1.137E+01 3.190E+01
3.400000E-01  3.738E+00 3.217E+00  1.110E+01 3.048E+01
3.645000E-01  3.636E+00 3.116E+00  1.078E+01 2.889E+01
3.800000E-01  3.576E+00 3.057E+00  1.059E+01 2.798E+01
4.000000E-01  3.506E+00 2.985E+00  1.039E+01 2.690E+01
4.500000E-01  3.344E+00 2.834E+00  9.842E+00 2.462E+01
5.000000E-01  3.209E+00 2.700E+00  9.422E+00 2.273E+01
5.115000E-01  3.183E+00 2.675E+00  9.344E+00 2.238E+01
5.500000E-01  3.095E+00 2.597E+00  9.027E+00 2.127E+01
5.636000E-01  3.065E+00 2.571E+00  8.916E+00 2.090E+01
5.843000E-01  3.021E+00 2.533E+00  8.755E+00 2.037E+01
6.000000E-01  2.990E+00 2.505E+00  8.640E+00 1.999E+01
6.500000E-01  2.898E+00 2.427E+00  8.306E+00 1.892E+01
7.000000E-01  2.812E+00 2.360E+00  7.965E+00 1.799E+01
7.514000E-01  2.731E+00 2.296E+00  7.652E+00 1.713E+01
8.000000E-01  2.665E+00 2.241E+00  7.413E+00 1.643E+01
8.500000E-01  2.601E+00 2.197E+00  7.142E+00 1.582E+01
9.000000E-01  2.537E+00 2.156E+00  6.866E+00 1.525E+01
9.500000E-01  2.477E+00 2.116E+00  6.612E+00 1.471E+01
9.919000E-01  2.430E+00 2.082E+00  6.428E+00 1.428E+01
1.100000E+00  2.323E+00 2.013E+00  5.986E+00 1.338E+01
1.240000E+00  2.192E+00 1.934E+00  5.449E+00 1.235E+01
1.378000E+00  2.082E+00 1.861E+00  5.039E+00 1.147E+01
1.550000E+00  1.972E+00 1.776E+00  4.680E+00 1.056E+01
1.771000E+00  1.866E+00 1.684E+00  4.379E+00 9.654E+00
1.889000E+00  1.824E+00 1.643E+00  4.278E+00 9.281E+00
2.254000E+00  1.738E+00 1.563E+00  4.052E+00 8.559E+00
2.551000E+00  1.692E+00 1.546E+00  3.857E+00 8.324E+00
2.818000E+00  1.655E+00 1.558E+00  3.624E+00 8.273E+00
2.857000E+00  1.650E+00 1.562E+00  3.585E+00 8.278E+00
3.100000E+00  1.617E+00 1.596E+00  3.301E+00 8.355E+00
3.250000E+00  1.597E+00 1.625E+00  3.104E+00 8.441E+00
3.397000E+00  1.578E+00 1.660E+00  2.891E+00 8.562E+00
3.604000E+00  1.559E+00 1.729E+00  2.558E+00 8.846E+00
3.800000E+00  1.532E+00 1.832E+00  2.055E+00 9.279E+00
4.000000E+00  1.466E+00 1.977E+00  1.175E+00 9.750E+00
4.250000E+00  1.301E+00 2.173E+00 -4.291E-01 1.000E+01
4.350000E+00  1.208E+00 2.260E+00 -1.234E+00 9.981E+00
4.525000E+00  9.641E-01 2.400E+00 -2.904E+00 9.429E+00
4.800000E+00  4.822E-01 2.380E+00 -4.465E+00 7.054E+00
4.959000E+00  2.471E-01 2.281E+00 -4.647E+00 5.689E+00
5.166000E+00 -3.568E-03 2.084E+00 -4.352E+00 4.154E+00
5.200000E+00 -3.712E-02 2.047E+00 -4.263E+00 3.942E+00
5.300000E+00 -1.146E-01 1.930E+00 -3.942E+00 3.418E+00
5.391000E+00 -1.675E-01 1.832E+00 -3.663E+00 3.050E+00
5.500000E+00 -2.162E-01 1.722E+00 -3.352E+00 2.700E+00
5.600000E+00 -2.598E-01 1.624E+00 -3.089E+00 2.404E+00
5.661000E+00 -2.808E-01 1.562E+00 -2.923E+00 2.247E+00
5.700000E+00 -2.919E-01 1.522E+00 -2.816E+00 2.156E+00
5.800000E+00 -3.068E-01 1.422E+00 -2.543E+00 1.972E+00
5.904000E+00 -3.157E-01 1.331E+00 -2.304E+00 1.822E+00
6.199000E+00 -3.190E-01 1.098E+00 -1.741E+00 1.495E+00
6.526000E+00 -2.861E-01 8.635E-01 -1.236E+00 1.233E+00
6.888000E+00 -1.950E-01 6.478E-01 -7.716E-01 1.043E+00
7.293000E+00 -6.021E-02 4.770E-01 -3.443E-01 8.965E-01
7.500000E+00  1.310E-02 4.146E-01 -1.455E-01 8.400E-01
7.749000E+00  9.745E-02 3.600E-01  7.479E-02 7.902E-01
8.000000E+00  1.749E-01 3.192E-01  2.784E-01 7.500E-01
8.321000E+00  2.697E-01 2.729E-01  5.377E-01 6.929E-01
8.500000E+00  3.249E-01 2.529E-01  6.914E-01 6.700E-01
8.600000E+00  3.566E-01 2.450E-01  7.803E-01 6.648E-01
8.700000E+00  3.877E-01 2.390E-01  8.686E-01 6.632E-01
8.800000E+00  4.184E-01 2.345E-01  9.570E-01 6.652E-01
8.920000E+00  4.548E-01 2.311E-01  1.063E+00 6.724E-01
9.100000E+00  5.084E-01 2.288E-01  1.223E+00 6.904E-01
9.300000E+00  5.686E-01 2.313E-01  1.407E+00 7.256E-01
9.500000E+00  6.286E-01 2.395E-01  1.595E+00 7.800E-01
9.700000E+00  6.880E-01 2.557E-01  1.784E+00 8.632E-01
9.919000E+00  7.500E-01 2.800E-01  1.984E+00 9.800E-01
1.020000E+01  8.250E-01 3.189E-01  2.229E+00 1.164E+00
1.050700E+01  9.035E-01 3.719E-01  2.485E+00 1.416E+00
1.080000E+01  9.817E-01 4.302E-01  2.742E+00 1.705E+00
1.117000E+01  1.087E+00 5.324E-01  3.072E+00 2.222E+00
1.150000E+01  1.183E+00 6.687E-01  3.320E+00 2.920E+00
1.180800E+01  1.243E+00 8.715E-01  3.270E+00 3.909E+00
1.210000E+01  1.182E+00 1.101E+00  2.550E+00 4.808E+00
1.239900E+01  1.065E+00 1.246E+00  1.713E+00 5.147E+00
1.270000E+01  9.323E-01 1.353E+00  9.021E-01 5.230E+00
1.300000E+01  7.977E-01 1.424E+00  2.041E-01 5.120E+00
1.330000E+01  6.577E-01 1.459E+00 -3.807E-01 4.837E+00
1.360000E+01  5.457E-01 1.457E+00 -7.344E-01 4.505E+00
1.400000E+01  4.250E-01 1.456E+00 -1.090E+00 4.150E+00
1.500000E+01  1.429E-01 1.444E+00 -1.778E+00 3.300E+00
1.600000E+01 -1.282E-01 1.319E+00 -1.980E+00 2.300E+00
1.700000E+01 -2.522E-01 1.157E+00 -1.779E+00 1.730E+00
1.800000E+01 -3.546E-01 1.023E+00 -1.629E+00 1.320E+00
1.900000E+01 -4.106E-01 8.737E-01 -1.416E+00 1.030E+00
2.000000E+01 -4.351E-01 7.701E-01 -1.274E+00 8.700E-01
2.100000E+01 -4.588E-01 6.744E-01 -1.162E+00 7.300E-01
2.200000E+01 -4.725E-01 5.782E-01 -1.056E+00 6.100E-01
2.300000E+01 -4.689E-01 4.895E-01 -9.575E-01 5.200E-01
2.400000E+01 -4.552E-01 4.130E-01 -8.737E-01 4.500E-01
2.500000E+01 -4.355E-01 3.454E-01 -8.006E-01 3.900E-01
2.600000E+01 -4.114E-01 2.888E-01 -7.370E-01 3.400E-01
2.700000E+01 -3.818E-01 2.346E-01 -6.729E-01 2.900E-01
2.800000E+01 -3.487E-01 1.996E-01 -6.157E-01 2.600E-01
2.900000E+01 -3.153E-01 1.607E-01 -5.570E-01 2.200E-01
3.000000E+01 -2.768E-01 1.452E-01 -4.981E-01 2.100E-01
3.100000E+01 -2.510E-01 1.335E-01 -4.568E-01 2.000E-01
3.200000E+01 -2.275E-01 1.230E-01 -4.183E-01 1.900E-01
3.300000E+01 -2.061E-01 1.165E-01 -3.833E-01 1.850E-01
3.400000E+01 -1.870E-01 1.107E-01 -3.513E-01 1.800E-01
3.500000E+01 -1.574E-01 1.068E-01 -3.014E-01 1.800E-01
3.600000E+01 -1.496E-01 1.411E-01 -2.967E-01 2.400E-01
3.700000E+01 -1.675E-01 1.337E-01 -3.249E-01 2.226E-01
3.800000E+01 -1.672E-01 1.241E-01 -3.218E-01 2.067E-01
3.900000E+01 -1.649E-01 1.152E-01 -3.159E-01 1.924E-01
4.000000E+01 -1.614E-01 1.069E-01 -3.081E-01 1.793E-01
4.200000E+01 -1.526E-01 9.229E-02 -2.905E-01 1.564E-01
4.400000E+01 -1.431E-01 8.000E-02 -2.722E-01 1.371E-01
4.600000E+01 -1.339E-01 6.979E-02 -2.547E-01 1.209E-01
4.800000E+01 -1.250E-01 6.114E-02 -2.381E-01 1.070E-01
5.000000E+01 -1.168E-01 5.389E-02 -2.228E-01 9.520E-02
5.250000E+01 -1.073E-01 4.631E-02 -2.053E-01 8.268E-02
5.400000E+01 -1.021E-01 4.242E-02 -1.956E-01 7.618E-02
5.600000E+01 -9.566E-02 3.788E-02 -1.836E-01 6.851E-02
5.750000E+01 -9.115E-02 3.488E-02 -1.752E-01 6.341E-02
6.000000E+01 -8.423E-02 3.055E-02 -1.623E-01 5.595E-02
6.500000E+01 -7.255E-02 2.379E-02 -1.404E-01 4.413E-02
7.000000E+01 -6.295E-02 1.887E-02 -1.223E-01 3.536E-02
7.500000E+01 -5.510E-02 1.520E-02 -1.074E-01 2.872E-02
8.000000E+01 -4.854E-02 1.240E-02 -9.488E-02 2.360E-02
8.500000E+01 -4.306E-02 1.024E-02 -8.437E-02 1.960E-02
9.000000E+01 -3.843E-02 8.548E-03 -7.545E-02 1.644E-02
9.500000E+01 -3.447E-02 7.198E-03 -6.780E-02 1.390E-02
1.000000E+02 -3.107E-02 6.110E-03 -6.122E-02 1.184E-02
1.100000E+02 -2.559E-02 4.504E-03 -5.055E-02 8.778E-03
1.200000E+02 -2.137E-02 3.403E-03 -4.230E-02 6.660E-03
1.300000E+02 -1.807E-02 2.624E-03 -3.583E-02 5.154E-03
1.400000E+02 -1.544E-02 2.061E-03 -3.064E-02 4.058E-03
1.500000E+02 -1.330E-02 1.643E-03 -2.642E-02 3.243E-03
1.600000E+02 -1.154E-02 1.328E-03 -2.294E-02 2.625E-03
1.700000E+02 -1.007E-02 1.086E-03 -2.003E-02 2.150E-03
1.750000E+02 -9.414E-03 9.858E-04 -1.874E-02 1.953E-03
1.800000E+02 -8.813E-03 8.974E-04 -1.755E-02 1.779E-03
1.900000E+02 -7.745E-03 7.488E-04 -1.543E-02 1.486E-03
2.000000E+02 -6.813E-03 6.303E-04 -1.358E-02 1.252E-03
2.200000E+02 -5.254E-03 4.563E-04 -1.048E-02 9.078E-04
2.400000E+02 -3.922E-03 3.390E-04 -7.829E-03 6.753E-04
2.600000E+02 -2.574E-03 2.574E-04 -5.141E-03 5.134E-04
2.700000E+02 -1.674E-03 2.258E-04 -3.346E-03 4.508E-04
2.750000E+02 -1.002E-03 2.118E-04 -2.004E-03 4.231E-04
2.800000E+02  2.190E-04 1.988E-04  4.381E-04 3.976E-04
2.820000E+02  1.312E-03 1.937E-04  2.626E-03 3.879E-04
2.830000E+02  2.392E-03 2.462E-04  4.790E-03 4.935E-04
2.835000E+02  3.364E-03 2.996E-04  6.740E-03 6.012E-04
2.840000E+02  5.530E-03 5.708E-04  1.109E-02 1.148E-03
2.841000E+02  6.062E-03 1.007E-03  1.216E-02 2.027E-03
2.843000E+02  6.989E-03 2.780E-03  1.402E-02 5.599E-03
2.845000E+02  7.249E-03 4.547E-03  1.453E-02 9.159E-03
2.847000E+02  6.916E-03 6.351E-03  1.384E-02 1.279E-02
2.849000E+02  6.054E-03 8.071E-03  1.208E-02 1.624E-02
2.850000E+02  5.440E-03 8.907E-03  1.083E-02 1.791E-02
2.851000E+02  4.645E-03 9.605E-03  9.220E-03 1.930E-02
2.852000E+02  3.614E-03 1.025E-02  7.137E-03 2.057E-02
2.853000E+02  2.492E-03 1.083E-02  4.873E-03 2.172E-02
2.854000E+02  1.324E-03 1.112E-02  2.526E-03 2.226E-02
2.855000E+02  9.841E-05 1.085E-02  7.903E-05 2.171E-02
2.856000E+02 -1.204E-03 1.045E-02 -2.516E-03 2.088E-02
2.857000E+02 -2.234E-03 9.822E-03 -4.559E-03 1.960E-02
2.858000E+02 -2.789E-03 8.955E-03 -5.651E-03 1.786E-02
2.860000E+02 -3.376E-03 6.487E-03 -6.782E-03 1.293E-02
2.865000E+02 -2.618E-03 4.830E-03 -5.253E-03 9.634E-03
2.870000E+02 -2.075E-03 4.000E-03 -4.162E-03 7.983E-03
2.880000E+02 -1.564E-03 3.602E-03 -3.138E-03 7.193E-03
2.890000E+02 -1.424E-03 3.263E-03 -2.856E-03 6.517E-03
2.900000E+02 -1.003E-03 2.764E-03 -2.012E-03 5.522E-03
2.910000E+02  3.347E-04 2.586E-03  6.628E-04 5.174E-03
2.911000E+02  5.791E-04 2.745E-03  1.151E-03 5.494E-03
2.915000E+02  1.031E-03 4.185E-03  2.046E-03 8.378E-03
2.916000E+02  8.348E-04 4.719E-03  1.648E-03 9.446E-03
2.917000E+02  5.493E-04 5.092E-03  1.073E-03 1.019E-02
2.920000E+02 -2.799E-04 4.878E-03 -5.836E-04 9.753E-03
2.921000E+02 -4.240E-04 4.662E-03 -8.696E-04 9.321E-03
2.930000E+02 -9.401E-04 4.970E-03 -1.904E-03 9.930E-03
2.940000E+02 -1.553E-03 4.848E-03 -3.127E-03 9.681E-03
2.950000E+02 -1.972E-03 4.673E-03 -3.962E-03 9.327E-03
2.960000E+02 -2.409E-03 4.446E-03 -4.831E-03 8.871E-03
2.970000E+02 -2.531E-03 3.850E-03 -5.070E-03 7.681E-03
2.980000E+02 -2.393E-03 3.678E-03 -4.794E-03 7.339E-03
2.990000E+02 -2.376E-03 3.507E-03 -4.758E-03 6.998E-03
3.000000E+02 -2.212E-03 3.285E-03 -4.429E-03 6.556E-03
3.010000E+02 -1.985E-03 3.324E-03 -3.978E-03 6.635E-03
3.020000E+02 -1.809E-03 3.415E-03 -3.626E-03 6.817E-03
3.030000E+02 -1.779E-03 3.712E-03 -3.568E-03 7.411E-03
3.040000E+02 -1.933E-03 3.853E-03 -3.877E-03 7.692E-03
3.050000E+02 -2.034E-03 3.891E-03 -4.080E-03 7.767E-03
3.060000E+02 -2.056E-03 3.980E-03 -4.123E-03 7.943E-03
3.070000E+02 -2.187E-03 4.221E-03 -4.387E-03 8.424E-03
3.080000E+02 -2.535E-03 4.360E-03 -5.082E-03 8.698E-03
3.090000E+02 -2.878E-03 4.245E-03 -5.765E-03 8.466E-03
3.100000E+02 -3.082E-03 4.080E-03 -6.172E-03 8.134E-03
3.150000E+02 -3.467E-03 3.306E-03 -6.932E-03 6.589E-03
3.200000E+02 -3.354E-03 2.719E-03 -6.705E-03 5.419E-03
3.300000E+02 -3.106E-03 2.429E-03 -6.208E-03 4.843E-03
3.400000E+02 -3.020E-03 2.251E-03 -6.035E-03 4.489E-03
3.600000E+02 -2.916E-03 1.867E-03 -5.826E-03 3.724E-03
3.800000E+02 -2.760E-03 1.561E-03 -5.514E-03 3.113E-03
4.000000E+02 -2.590E-03 1.314E-03 -5.175E-03 2.621E-03
4.500000E+02 -2.185E-03 8.779E-04 -4.365E-03 1.752E-03
5.000000E+02 -1.828E-03 6.076E-04 -3.654E-03 1.213E-03
5.500000E+02 -1.541E-03 4.332E-04 -3.079E-03 8.651E-04
6.000000E+02 -1.309E-03 3.168E-04 -2.617E-03 6.328E-04
6.500000E+02 -1.123E-03 2.368E-04 -2.245E-03 4.731E-04
7.000000E+02 -9.715E-04 1.805E-04 -1.942E-03 3.606E-04
7.500000E+02 -8.473E-04 1.399E-04 -1.694E-03 2.795E-04
8.000000E+02 -7.448E-04 1.100E-04 -1.489E-03 2.199E-04
8.500000E+02 -6.597E-04 8.771E-05 -1.319E-03 1.753E-04
9.000000E+02 -5.877E-04 7.074E-05 -1.175E-03 1.414E-04
9.500000E+02 -5.266E-04 5.768E-05 -1.053E-03 1.153E-04
1.000000E+03 -4.744E-04 4.748E-05 -9.486E-04 9.491E-05
1.100000E+03 -3.908E-04 3.301E-05 -7.814E-04 6.599E-05
1.200000E+03 -3.271E-04 2.364E-05 -6.541E-04 4.726E-05
1.300000E+03 -2.776E-04 1.735E-05 -5.552E-04 3.470E-05
1.400000E+03 -2.387E-04 1.302E-05 -4.773E-04 2.604E-05
1.500000E+03 -2.072E-04 9.957E-06 -4.144E-04 1.991E-05
1.600000E+03 -1.816E-04 7.736E-06 -3.632E-04 1.547E-05
1.700000E+03 -1.605E-04 6.101E-06 -3.209E-04 1.220E-05
1.800000E+03 -1.429E-04 4.872E-06 -2.857E-04 9.743E-06
1.900000E+03 -1.281E-04 3.937E-06 -2.561E-04 7.873E-06
2.000000E+03 -1.152E-04 3.214E-06 -2.304E-04 6.428E-06
2.500000E+03 -7.310E-05 1.322E-06 -1.462E-04 2.644E-06
3.000000E+03 -5.060E-05 6.370E-07 -1.012E-04 1.274E-06
4.000000E+03 -2.830E-05 1.988E-07 -5.659E-05 3.976E-07
5.000000E+03 -1.805E-05 7.995E-08 -3.610E-05 1.599E-07
6.000000E+03 -1.251E-05 3.780E-08 -2.502E-05 7.559E-08
8.000000E+03 -7.025E-06 1.150E-08 -1.405E-05 2.299E-08
1.000000E+04 -4.490E-06 4.537E-09 -8.979E-06 9.073E-09
1.200000E+04 -3.116E-06 2.657E-09 -6.231E-06 5.314E-09
1.400000E+04 -2.289E-06 1.305E-09 -4.577E-06 2.610E-09
1.600000E+04 -1.751E-06 6.615E-10 -3.502E-06 1.323E-09
1.800000E+04 -1.384E-06 4.049E-10 -2.767E-06 8.098E-10
2.000000E+04 -1.121E-06 2.444E-10 -2.241E-06 4.887E-10
