18 =ICOMP: Graphite, E parallel to c axis, new eps2 at E > 22 eV                
    E(eV)      Re(n)-1    Im(n)    Re(eps)-1  Im(eps)
1.000000E-06  1.189E+00 7.995E-08  3.792E+00 3.500E-07
1.000000E-05  1.189E+00 7.995E-07  3.792E+00 3.500E-06
1.000000E-04  1.189E+00 7.995E-06  3.792E+00 3.500E-05
6.199000E-04  1.189E+00 4.962E-05  3.792E+00 2.172E-04
8.266000E-04  1.189E+00 6.609E-05  3.792E+00 2.893E-04
1.000000E-03  1.189E+00 7.995E-05  3.792E+00 3.500E-04
1.033000E-03  1.189E+00 8.260E-05  3.792E+00 3.616E-04
1.240000E-03  1.189E+00 9.921E-05  3.792E+00 4.343E-04
1.771000E-03  1.189E+00 1.417E-04  3.792E+00 6.204E-04
2.480000E-03  1.189E+00 1.985E-04  3.792E+00 8.689E-04
3.000000E-03  1.189E+00 2.405E-04  3.792E+00 1.053E-03
3.500000E-03  1.189E+00 2.798E-04  3.792E+00 1.225E-03
4.133000E-03  1.189E+00 3.301E-04  3.792E+00 1.445E-03
4.959000E-03  1.189E+00 3.977E-04  3.792E+00 1.741E-03
6.199000E-03  1.189E+00 4.962E-04  3.792E+00 2.172E-03
7.085000E-03  1.189E+00 5.665E-04  3.792E+00 2.480E-03
8.266000E-03  1.189E+00 6.609E-04  3.792E+00 2.893E-03
9.184000E-03  1.189E+00 7.342E-04  3.792E+00 3.214E-03
1.000000E-02  1.189E+00 7.995E-04  3.792E+00 3.500E-03
1.050000E-02  1.189E+00 8.397E-04  3.792E+00 3.676E-03
1.100000E-02  1.189E+00 8.799E-04  3.792E+00 3.852E-03
1.200000E-02  1.189E+00 9.601E-04  3.792E+00 4.203E-03
1.240000E-02  1.189E+00 9.921E-04  3.792E+00 4.343E-03
1.300000E-02  1.189E+00 1.040E-03  3.792E+00 4.553E-03
1.350000E-02  1.189E+00 1.080E-03  3.792E+00 4.729E-03
1.400000E-02  1.189E+00 1.120E-03  3.792E+00 4.904E-03
1.450000E-02  1.189E+00 1.160E-03  3.792E+00 5.079E-03
1.500000E-02  1.189E+00 1.200E-03  3.792E+00 5.254E-03
1.550000E-02  1.189E+00 1.240E-03  3.792E+00 5.428E-03
1.600000E-02  1.189E+00 1.280E-03  3.792E+00 5.604E-03
1.650000E-02  1.189E+00 1.320E-03  3.792E+00 5.779E-03
1.700000E-02  1.189E+00 1.360E-03  3.792E+00 5.955E-03
1.750000E-02  1.189E+00 1.400E-03  3.792E+00 6.131E-03
1.771000E-02  1.189E+00 1.417E-03  3.792E+00 6.204E-03
1.800000E-02  1.189E+00 1.440E-03  3.792E+00 6.306E-03
1.850000E-02  1.189E+00 1.480E-03  3.792E+00 6.482E-03
1.900000E-02  1.189E+00 1.521E-03  3.792E+00 6.658E-03
1.950000E-02  1.189E+00 1.561E-03  3.792E+00 6.833E-03
2.000000E-02  1.189E+00 1.601E-03  3.792E+00 7.008E-03
2.100000E-02  1.189E+00 1.681E-03  3.792E+00 7.358E-03
2.200000E-02  1.189E+00 1.760E-03  3.792E+00 7.707E-03
2.300000E-02  1.189E+00 1.840E-03  3.792E+00 8.057E-03
2.400000E-02  1.189E+00 1.920E-03  3.792E+00 8.408E-03
2.480000E-02  1.189E+00 1.985E-03  3.792E+00 8.689E-03
2.750000E-02  1.189E+00 2.204E-03  3.792E+00 9.649E-03
3.000000E-02  1.189E+00 2.405E-03  3.792E+00 1.053E-02
3.300000E-02  1.189E+00 2.643E-03  3.792E+00 1.157E-02
3.700000E-02  1.189E+00 2.954E-03  3.793E+00 1.293E-02
4.133000E-02  1.189E+00 3.301E-03  3.793E+00 1.445E-02
4.500000E-02  1.189E+00 3.602E-03  3.793E+00 1.577E-02
4.960000E-02  1.189E+00 3.977E-03  3.792E+00 1.741E-02
5.100000E-02  1.189E+00 4.091E-03  3.792E+00 1.791E-02
5.200000E-02  1.189E+00 4.169E-03  3.792E+00 1.825E-02
5.300000E-02  1.189E+00 4.249E-03  3.792E+00 1.860E-02
5.400000E-02  1.189E+00 4.329E-03  3.792E+00 1.895E-02
5.500000E-02  1.189E+00 4.407E-03  3.792E+00 1.929E-02
5.600000E-02  1.189E+00 4.487E-03  3.792E+00 1.964E-02
5.700000E-02  1.189E+00 4.567E-03  3.793E+00 1.999E-02
5.800000E-02  1.189E+00 4.644E-03  3.793E+00 2.033E-02
5.900000E-02  1.189E+00 4.724E-03  3.793E+00 2.068E-02
6.000000E-02  1.189E+00 4.804E-03  3.793E+00 2.103E-02
6.100000E-02  1.189E+00 4.882E-03  3.793E+00 2.137E-02
6.199000E-02  1.189E+00 4.962E-03  3.793E+00 2.173E-02
6.400000E-02  1.189E+00 5.119E-03  3.793E+00 2.242E-02
6.600000E-02  1.189E+00 5.279E-03  3.793E+00 2.312E-02
6.800000E-02  1.189E+00 5.439E-03  3.794E+00 2.382E-02
7.000000E-02  1.190E+00 5.599E-03  3.794E+00 2.452E-02
7.200000E-02  1.190E+00 5.757E-03  3.794E+00 2.521E-02
7.400000E-02  1.190E+00 5.916E-03  3.795E+00 2.591E-02
7.600000E-02  1.190E+00 6.076E-03  3.795E+00 2.661E-02
7.800000E-02  1.190E+00 6.236E-03  3.795E+00 2.731E-02
8.000000E-02  1.190E+00 6.396E-03  3.796E+00 2.801E-02
8.200000E-02  1.190E+00 6.557E-03  3.796E+00 2.872E-02
8.266000E-02  1.190E+00 6.609E-03  3.796E+00 2.895E-02
8.400000E-02  1.190E+00 6.717E-03  3.796E+00 2.942E-02
8.600000E-02  1.190E+00 6.877E-03  3.797E+00 3.012E-02
8.800000E-02  1.190E+00 7.037E-03  3.798E+00 3.083E-02
9.000000E-02  1.191E+00 7.198E-03  3.799E+00 3.154E-02
9.200000E-02  1.191E+00 7.359E-03  3.801E+00 3.225E-02
9.400000E-02  1.192E+00 7.520E-03  3.803E+00 3.296E-02
9.600000E-02  1.192E+00 7.683E-03  3.806E+00 3.369E-02
9.800000E-02  1.193E+00 7.849E-03  3.809E+00 3.443E-02
1.000000E-01  1.194E+00 8.020E-03  3.815E+00 3.520E-02
1.010000E-01  1.195E+00 8.112E-03  3.820E+00 3.562E-02
1.020000E-01  1.197E+00 8.210E-03  3.825E+00 3.607E-02
1.040000E-01  1.202E+00 8.473E-03  3.847E+00 3.731E-02
1.060000E-01  1.219E+00 9.390E-03  3.922E+00 4.166E-02
1.064000E-01  1.228E+00 1.018E-02  3.966E+00 4.536E-02
1.066000E-01  1.237E+00 1.096E-02  4.002E+00 4.902E-02
1.067000E-01  1.242E+00 1.156E-02  4.026E+00 5.181E-02
1.068000E-01  1.249E+00 1.239E-02  4.056E+00 5.570E-02
1.069000E-01  1.257E+00 1.359E-02  4.095E+00 6.137E-02
1.070000E-01  1.268E+00 1.545E-02  4.146E+00 7.008E-02
1.071000E-01  1.284E+00 1.850E-02  4.217E+00 8.451E-02
1.072000E-01  1.307E+00 2.405E-02  4.323E+00 1.110E-01
1.073000E-01  1.345E+00 3.577E-02  4.496E+00 1.678E-01
1.074000E-01  1.413E+00 6.736E-02  4.819E+00 3.251E-01
1.075000E-01  1.561E+00 2.022E-01  5.517E+00 1.036E+00
1.075800E-01  1.509E+00 7.587E-01  4.718E+00 3.807E+00
1.075900E-01  1.395E+00 8.398E-01  4.031E+00 4.023E+00
1.076000E-01  1.253E+00 8.826E-01  3.296E+00 3.977E+00
1.076500E-01  7.581E-01 5.497E-01  1.789E+00 1.933E+00
1.077000E-01  7.982E-01 2.359E-01  2.178E+00 8.485E-01
1.078000E-01  9.536E-01 7.461E-02  2.811E+00 2.915E-01
1.079000E-01  1.027E+00 3.878E-02  3.105E+00 1.572E-01
1.080000E-01  1.066E+00 2.580E-02  3.266E+00 1.066E-01
1.081000E-01  1.090E+00 1.973E-02  3.366E+00 8.244E-02
1.082000E-01  1.106E+00 1.640E-02  3.434E+00 6.909E-02
1.083000E-01  1.117E+00 1.440E-02  3.483E+00 6.097E-02
1.084000E-01  1.126E+00 1.309E-02  3.520E+00 5.566E-02
1.085000E-01  1.133E+00 1.219E-02  3.549E+00 5.202E-02
1.086000E-01  1.138E+00 1.155E-02  3.573E+00 4.941E-02
1.088000E-01  1.147E+00 1.072E-02  3.608E+00 4.602E-02
1.092000E-01  1.157E+00 9.903E-03  3.652E+00 4.272E-02
1.100000E-01  1.167E+00 9.348E-03  3.697E+00 4.052E-02
1.120000E-01  1.177E+00 9.147E-03  3.737E+00 3.982E-02
1.140000E-01  1.180E+00 9.221E-03  3.752E+00 4.020E-02
1.160000E-01  1.182E+00 9.346E-03  3.760E+00 4.078E-02
1.180000E-01  1.183E+00 9.491E-03  3.765E+00 4.144E-02
1.200000E-01  1.184E+00 9.641E-03  3.769E+00 4.210E-02
1.220000E-01  1.184E+00 9.794E-03  3.771E+00 4.279E-02
1.240000E-01  1.185E+00 9.949E-03  3.773E+00 4.347E-02
1.260000E-01  1.185E+00 1.011E-02  3.773E+00 4.416E-02
1.280000E-01  1.185E+00 1.026E-02  3.774E+00 4.486E-02
1.283000E-01  1.185E+00 1.029E-02  3.775E+00 4.497E-02
1.300000E-01  1.185E+00 1.042E-02  3.775E+00 4.555E-02
1.320000E-01  1.185E+00 1.058E-02  3.776E+00 4.625E-02
1.340000E-01  1.186E+00 1.074E-02  3.777E+00 4.695E-02
1.360000E-01  1.186E+00 1.090E-02  3.777E+00 4.764E-02
1.380000E-01  1.186E+00 1.106E-02  3.778E+00 4.834E-02
1.400000E-01  1.186E+00 1.122E-02  3.777E+00 4.904E-02
1.420000E-01  1.186E+00 1.138E-02  3.778E+00 4.974E-02
1.440000E-01  1.186E+00 1.154E-02  3.778E+00 5.044E-02
1.460000E-01  1.185E+00 1.170E-02  3.775E+00 5.114E-02
1.480000E-01  1.186E+00 1.186E-02  3.779E+00 5.184E-02
1.500000E-01  1.186E+00 1.202E-02  3.779E+00 5.254E-02
1.550000E-01  1.186E+00 1.241E-02  3.778E+00 5.427E-02
1.600000E-01  1.186E+00 1.283E-02  3.779E+00 5.611E-02
1.650000E-01  1.186E+00 1.329E-02  3.779E+00 5.809E-02
1.700000E-01  1.186E+00 1.373E-02  3.778E+00 6.001E-02
1.750000E-01  1.186E+00 1.415E-02  3.778E+00 6.185E-02
1.794000E-01  1.186E+00 1.451E-02  3.777E+00 6.342E-02
1.850000E-01  1.185E+00 1.495E-02  3.776E+00 6.534E-02
1.900000E-01  1.185E+00 1.532E-02  3.775E+00 6.697E-02
1.950000E-01  1.185E+00 1.569E-02  3.774E+00 6.855E-02
2.000000E-01  1.185E+00 1.602E-02  3.773E+00 7.002E-02
2.100000E-01  1.184E+00 1.656E-02  3.772E+00 7.234E-02
2.200000E-01  1.184E+00 1.704E-02  3.770E+00 7.445E-02
2.250000E-01  1.184E+00 1.727E-02  3.769E+00 7.544E-02
2.400000E-01  1.183E+00 1.788E-02  3.767E+00 7.810E-02
2.480000E-01  1.183E+00 1.817E-02  3.766E+00 7.934E-02
2.600000E-01  1.183E+00 1.850E-02  3.764E+00 8.077E-02
2.800000E-01  1.182E+00 1.898E-02  3.762E+00 8.286E-02
3.000000E-01  1.182E+00 1.942E-02  3.761E+00 8.477E-02
3.200000E-01  1.182E+00 1.982E-02  3.760E+00 8.651E-02
3.400000E-01  1.182E+00 2.021E-02  3.761E+00 8.819E-02
3.645000E-01  1.182E+00 2.070E-02  3.761E+00 9.035E-02
3.800000E-01  1.182E+00 2.103E-02  3.762E+00 9.178E-02
4.000000E-01  1.182E+00 2.146E-02  3.763E+00 9.368E-02
4.500000E-01  1.184E+00 2.266E-02  3.768E+00 9.895E-02
5.000000E-01  1.185E+00 2.402E-02  3.775E+00 1.050E-01
5.115000E-01  1.186E+00 2.439E-02  3.777E+00 1.066E-01
5.500000E-01  1.187E+00 2.560E-02  3.783E+00 1.120E-01
5.636000E-01  1.188E+00 2.608E-02  3.786E+00 1.141E-01
5.843000E-01  1.189E+00 2.680E-02  3.790E+00 1.173E-01
6.000000E-01  1.189E+00 2.738E-02  3.793E+00 1.199E-01
6.500000E-01  1.192E+00 2.933E-02  3.804E+00 1.286E-01
7.000000E-01  1.195E+00 3.149E-02  3.815E+00 1.382E-01
7.514000E-01  1.198E+00 3.392E-02  3.829E+00 1.491E-01
8.000000E-01  1.201E+00 3.642E-02  3.842E+00 1.603E-01
8.500000E-01  1.204E+00 3.920E-02  3.857E+00 1.728E-01
9.000000E-01  1.208E+00 4.219E-02  3.873E+00 1.863E-01
9.500000E-01  1.212E+00 4.546E-02  3.890E+00 2.011E-01
9.919000E-01  1.215E+00 4.837E-02  3.904E+00 2.143E-01
1.100000E+00  1.224E+00 5.660E-02  3.944E+00 2.518E-01
1.240000E+00  1.237E+00 6.935E-02  4.001E+00 3.103E-01
1.378000E+00  1.251E+00 8.387E-02  4.061E+00 3.776E-01
1.550000E+00  1.270E+00 1.061E-01  4.142E+00 4.818E-01
1.771000E+00  1.295E+00 1.408E-01  4.249E+00 6.463E-01
1.889000E+00  1.309E+00 1.635E-01  4.307E+00 7.551E-01
2.254000E+00  1.349E+00 2.540E-01  4.451E+00 1.193E+00
2.551000E+00  1.373E+00 3.555E-01  4.504E+00 1.687E+00
2.818000E+00  1.354E+00 4.779E-01  4.312E+00 2.250E+00
2.857000E+00  1.347E+00 4.957E-01  4.263E+00 2.327E+00
3.100000E+00  1.271E+00 5.892E-01  3.809E+00 2.676E+00
3.250000E+00  1.225E+00 6.216E-01  3.563E+00 2.766E+00
3.397000E+00  1.185E+00 6.467E-01  3.355E+00 2.826E+00
3.604000E+00  1.148E+00 6.907E-01  3.136E+00 2.967E+00
3.800000E+00  1.086E+00 7.484E-01  2.790E+00 3.122E+00
4.000000E+00  9.998E-01 7.976E-01  2.363E+00 3.190E+00
4.250000E+00  8.679E-01 8.180E-01  1.820E+00 3.056E+00
4.350000E+00  8.138E-01 8.149E-01  1.626E+00 2.956E+00
4.525000E+00  7.177E-01 7.909E-01  1.325E+00 2.717E+00
4.800000E+00  6.048E-01 6.917E-01  1.097E+00 2.220E+00
4.959000E+00  5.654E-01 6.359E-01  1.046E+00 1.991E+00
5.166000E+00  5.330E-01 5.568E-01  1.040E+00 1.707E+00
5.200000E+00  5.293E-01 5.437E-01  1.043E+00 1.663E+00
5.300000E+00  5.219E-01 5.043E-01  1.062E+00 1.535E+00
5.391000E+00  5.220E-01 4.685E-01  1.097E+00 1.426E+00
5.500000E+00  5.301E-01 4.281E-01  1.158E+00 1.310E+00
5.600000E+00  5.422E-01 4.017E-01  1.217E+00 1.239E+00
5.661000E+00  5.484E-01 3.878E-01  1.247E+00 1.201E+00
5.700000E+00  5.518E-01 3.796E-01  1.264E+00 1.178E+00
5.800000E+00  5.572E-01 3.561E-01  1.298E+00 1.109E+00
5.904000E+00  5.688E-01 3.289E-01  1.353E+00 1.032E+00
6.199000E+00  6.210E-01 2.733E-01  1.553E+00 8.862E-01
6.526000E+00  6.850E-01 2.436E-01  1.780E+00 8.210E-01
6.888000E+00  7.376E-01 2.437E-01  1.960E+00 8.471E-01
7.293000E+00  7.704E-01 2.352E-01  2.079E+00 8.327E-01
7.500000E+00  7.905E-01 2.234E-01  2.156E+00 8.000E-01
7.749000E+00  8.266E-01 2.036E-01  2.295E+00 7.439E-01
8.000000E+00  8.785E-01 1.890E-01  2.493E+00 7.100E-01
8.321000E+00  9.569E-01 1.957E-01  2.791E+00 7.658E-01
8.500000E+00  1.000E+00 2.075E-01  2.958E+00 8.300E-01
8.600000E+00  1.024E+00 2.163E-01  3.051E+00 8.756E-01
8.700000E+00  1.048E+00 2.262E-01  3.142E+00 9.264E-01
8.800000E+00  1.071E+00 2.371E-01  3.234E+00 9.824E-01
8.920000E+00  1.099E+00 2.515E-01  3.343E+00 1.056E+00
9.100000E+00  1.140E+00 2.722E-01  3.505E+00 1.165E+00
9.300000E+00  1.194E+00 2.976E-01  3.726E+00 1.306E+00
9.500000E+00  1.254E+00 3.305E-01  3.973E+00 1.490E+00
9.700000E+00  1.326E+00 3.721E-01  4.271E+00 1.731E+00
9.919000E+00  1.412E+00 4.399E-01  4.624E+00 2.122E+00
1.020000E+01  1.529E+00 5.720E-01  5.067E+00 2.893E+00
1.050700E+01  1.630E+00 7.794E-01  5.307E+00 4.099E+00
1.080000E+01  1.703E+00 1.026E+00  5.252E+00 5.549E+00
1.117000E+01  1.788E+00 1.629E+00  4.120E+00 9.086E+00
1.150000E+01  1.079E+00 1.979E+00 -5.940E-01 8.230E+00
1.180800E+01  6.709E-01 1.859E+00 -1.665E+00 6.213E+00
1.210000E+01  4.967E-01 1.702E+00 -1.656E+00 5.094E+00
1.239900E+01  3.957E-01 1.640E+00 -1.743E+00 4.579E+00
1.270000E+01  2.239E-01 1.607E+00 -2.084E+00 3.933E+00
1.300000E+01  7.472E-02 1.475E+00 -2.020E+00 3.170E+00
1.330000E+01  2.337E-02 1.354E+00 -1.787E+00 2.772E+00
1.360000E+01 -2.288E-02 1.270E+00 -1.657E+00 2.481E+00
1.400000E+01 -6.888E-02 1.138E+00 -1.429E+00 2.120E+00
1.500000E+01 -1.723E-02 9.514E-01 -9.393E-01 1.870E+00
1.600000E+01 -3.222E-03 9.631E-01 -9.340E-01 1.920E+00
1.700000E+01 -1.522E-01 9.908E-01 -1.263E+00 1.680E+00
1.800000E+01 -3.261E-01 8.088E-01 -1.200E+00 1.090E+00
1.900000E+01 -3.243E-01 6.142E-01 -9.207E-01 8.300E-01
2.000000E+01 -2.367E-01 5.110E-01 -6.785E-01 7.800E-01
2.100000E+01 -1.714E-01 5.111E-01 -5.747E-01 8.470E-01
2.200000E+01 -1.823E-01 5.325E-01 -6.149E-01 8.708E-01
2.300000E+01 -2.259E-01 5.037E-01 -6.545E-01 7.799E-01
2.400000E+01 -2.432E-01 4.630E-01 -6.416E-01 7.008E-01
2.500000E+01 -2.539E-01 4.234E-01 -6.226E-01 6.318E-01
2.600000E+01 -2.594E-01 3.857E-01 -6.003E-01 5.713E-01
2.700000E+01 -2.609E-01 3.505E-01 -5.766E-01 5.181E-01
2.800000E+01 -2.593E-01 3.181E-01 -5.526E-01 4.712E-01
2.900000E+01 -2.556E-01 2.886E-01 -5.291E-01 4.297E-01
3.000000E+01 -2.500E-01 2.619E-01 -5.061E-01 3.928E-01
3.100000E+01 -2.434E-01 2.378E-01 -4.841E-01 3.599E-01
3.200000E+01 -2.359E-01 2.163E-01 -4.630E-01 3.305E-01
3.300000E+01 -2.280E-01 1.970E-01 -4.428E-01 3.042E-01
3.400000E+01 -2.199E-01 1.798E-01 -4.237E-01 2.805E-01
3.500000E+01 -2.117E-01 1.644E-01 -4.056E-01 2.592E-01
3.600000E+01 -2.035E-01 1.507E-01 -3.883E-01 2.400E-01
3.700000E+01 -1.957E-01 1.384E-01 -3.722E-01 2.226E-01
3.800000E+01 -1.878E-01 1.273E-01 -3.566E-01 2.067E-01
3.900000E+01 -1.804E-01 1.174E-01 -3.420E-01 1.924E-01
4.000000E+01 -1.732E-01 1.084E-01 -3.282E-01 1.793E-01
4.200000E+01 -1.598E-01 9.307E-02 -3.027E-01 1.564E-01
4.400000E+01 -1.476E-01 8.042E-02 -2.799E-01 1.371E-01
4.600000E+01 -1.365E-01 7.001E-02 -2.593E-01 1.209E-01
4.800000E+01 -1.265E-01 6.125E-02 -2.408E-01 1.070E-01
5.000000E+01 -1.175E-01 5.394E-02 -2.241E-01 9.520E-02
5.250000E+01 -1.074E-01 4.631E-02 -2.054E-01 8.268E-02
5.400000E+01 -1.019E-01 4.241E-02 -1.952E-01 7.618E-02
5.600000E+01 -9.516E-02 3.786E-02 -1.827E-01 6.851E-02
5.750000E+01 -9.054E-02 3.486E-02 -1.741E-01 6.341E-02
6.000000E+01 -8.347E-02 3.052E-02 -1.609E-01 5.595E-02
6.500000E+01 -7.163E-02 2.377E-02 -1.387E-01 4.413E-02
7.000000E+01 -6.199E-02 1.885E-02 -1.205E-01 3.536E-02
7.500000E+01 -5.415E-02 1.518E-02 -1.056E-01 2.872E-02
8.000000E+01 -4.764E-02 1.239E-02 -9.316E-02 2.360E-02
8.500000E+01 -4.221E-02 1.023E-02 -8.274E-02 1.960E-02
9.000000E+01 -3.763E-02 8.541E-03 -7.392E-02 1.644E-02
9.500000E+01 -3.373E-02 7.193E-03 -6.638E-02 1.390E-02
1.000000E+02 -3.038E-02 6.106E-03 -5.988E-02 1.184E-02
1.100000E+02 -2.500E-02 4.502E-03 -4.940E-02 8.778E-03
1.200000E+02 -2.085E-02 3.401E-03 -4.128E-02 6.660E-03
1.300000E+02 -1.763E-02 2.623E-03 -3.495E-02 5.154E-03
1.400000E+02 -1.505E-02 2.060E-03 -2.987E-02 4.058E-03
1.500000E+02 -1.295E-02 1.643E-03 -2.574E-02 3.243E-03
1.600000E+02 -1.123E-02 1.327E-03 -2.234E-02 2.625E-03
1.700000E+02 -9.787E-03 1.086E-03 -1.948E-02 2.150E-03
1.750000E+02 -9.156E-03 9.855E-04 -1.823E-02 1.953E-03
1.800000E+02 -8.571E-03 8.972E-04 -1.707E-02 1.779E-03
1.900000E+02 -7.523E-03 7.486E-04 -1.499E-02 1.486E-03
2.000000E+02 -6.612E-03 6.302E-04 -1.318E-02 1.252E-03
2.200000E+02 -5.083E-03 4.562E-04 -1.014E-02 9.078E-04
2.400000E+02 -3.780E-03 3.389E-04 -7.546E-03 6.753E-04
2.600000E+02 -2.452E-03 2.573E-04 -4.898E-03 5.134E-04
2.700000E+02 -1.562E-03 2.258E-04 -3.121E-03 4.508E-04
2.750000E+02 -8.934E-04 2.117E-04 -1.786E-03 4.231E-04
2.800000E+02  3.245E-04 1.987E-04  6.490E-04 3.976E-04
2.820000E+02  1.416E-03 1.937E-04  2.834E-03 3.879E-04
2.830000E+02  2.495E-03 2.461E-04  4.996E-03 4.935E-04
2.835000E+02  3.467E-03 2.996E-04  6.946E-03 6.012E-04
2.840000E+02  5.634E-03 5.708E-04  1.130E-02 1.148E-03
2.841000E+02  6.162E-03 1.007E-03  1.236E-02 2.027E-03
2.843000E+02  7.094E-03 2.780E-03  1.423E-02 5.599E-03
2.845000E+02  7.353E-03 4.546E-03  1.474E-02 9.159E-03
2.847000E+02  7.016E-03 6.350E-03  1.404E-02 1.279E-02
2.849000E+02  6.154E-03 8.070E-03  1.228E-02 1.624E-02
2.850000E+02  5.539E-03 8.906E-03  1.103E-02 1.791E-02
2.851000E+02  4.725E-03 9.605E-03  9.381E-03 1.930E-02
2.852000E+02  3.716E-03 1.025E-02  7.340E-03 2.057E-02
2.853000E+02  2.593E-03 1.083E-02  5.076E-03 2.172E-02
2.854000E+02  1.425E-03 1.111E-02  2.729E-03 2.226E-02
2.855000E+02  1.999E-04 1.085E-02  2.820E-04 2.171E-02
2.856000E+02 -1.102E-03 1.045E-02 -2.313E-03 2.088E-02
2.857000E+02 -2.132E-03 9.821E-03 -4.356E-03 1.960E-02
2.858000E+02 -2.688E-03 8.954E-03 -5.448E-03 1.786E-02
2.860000E+02 -3.274E-03 6.486E-03 -6.579E-03 1.293E-02
2.865000E+02 -2.517E-03 4.829E-03 -5.051E-03 9.634E-03
2.870000E+02 -1.975E-03 3.999E-03 -3.962E-03 7.983E-03
2.880000E+02 -1.464E-03 3.602E-03 -2.938E-03 7.193E-03
2.890000E+02 -1.325E-03 3.263E-03 -2.658E-03 6.517E-03
2.900000E+02 -9.041E-04 2.763E-03 -1.815E-03 5.522E-03
2.910000E+02  4.324E-04 2.586E-03  8.584E-04 5.174E-03
2.911000E+02  6.765E-04 2.745E-03  1.346E-03 5.494E-03
2.915000E+02  1.129E-03 4.184E-03  2.241E-03 8.378E-03
2.916000E+02  9.322E-04 4.719E-03  1.843E-03 9.446E-03
2.917000E+02  6.468E-04 5.092E-03  1.268E-03 1.019E-02
2.920000E+02 -1.866E-04 4.877E-03 -3.969E-04 9.753E-03
2.921000E+02 -3.269E-04 4.662E-03 -6.754E-04 9.321E-03
2.930000E+02 -8.435E-04 4.969E-03 -1.711E-03 9.930E-03
2.940000E+02 -1.457E-03 4.848E-03 -2.935E-03 9.681E-03
2.950000E+02 -1.876E-03 4.672E-03 -3.771E-03 9.327E-03
2.960000E+02 -2.314E-03 4.446E-03 -4.642E-03 8.871E-03
2.970000E+02 -2.437E-03 3.850E-03 -4.882E-03 7.681E-03
2.980000E+02 -2.300E-03 3.678E-03 -4.608E-03 7.339E-03
2.990000E+02 -2.283E-03 3.507E-03 -4.573E-03 6.998E-03
3.000000E+02 -2.119E-03 3.285E-03 -4.245E-03 6.556E-03
3.010000E+02 -1.894E-03 3.324E-03 -3.796E-03 6.635E-03
3.020000E+02 -1.719E-03 3.414E-03 -3.446E-03 6.817E-03
3.030000E+02 -1.690E-03 3.712E-03 -3.390E-03 7.411E-03
3.040000E+02 -1.844E-03 3.853E-03 -3.700E-03 7.692E-03
3.050000E+02 -1.947E-03 3.891E-03 -3.905E-03 7.767E-03
3.060000E+02 -1.969E-03 3.979E-03 -3.950E-03 7.943E-03
3.070000E+02 -2.101E-03 4.221E-03 -4.216E-03 8.424E-03
3.080000E+02 -2.450E-03 4.360E-03 -4.914E-03 8.698E-03
3.090000E+02 -2.794E-03 4.245E-03 -5.599E-03 8.466E-03
3.100000E+02 -3.001E-03 4.079E-03 -6.010E-03 8.134E-03
3.150000E+02 -3.419E-03 3.261E-03 -6.837E-03 6.500E-03
3.200000E+02 -3.183E-03 2.718E-03 -6.363E-03 5.419E-03
3.300000E+02 -3.025E-03 2.478E-03 -6.046E-03 4.942E-03
3.400000E+02 -2.974E-03 2.251E-03 -5.944E-03 4.489E-03
3.600000E+02 -2.857E-03 1.867E-03 -5.709E-03 3.724E-03
3.800000E+02 -2.705E-03 1.561E-03 -5.405E-03 3.113E-03
4.000000E+02 -2.540E-03 1.314E-03 -5.075E-03 2.621E-03
4.500000E+02 -2.144E-03 8.779E-04 -4.285E-03 1.752E-03
5.000000E+02 -1.795E-03 6.076E-04 -3.588E-03 1.213E-03
5.500000E+02 -1.514E-03 4.332E-04 -3.025E-03 8.651E-04
6.000000E+02 -1.287E-03 3.168E-04 -2.572E-03 6.328E-04
6.500000E+02 -1.104E-03 2.368E-04 -2.206E-03 4.731E-04
7.000000E+02 -9.544E-04 1.805E-04 -1.908E-03 3.606E-04
7.500000E+02 -8.328E-04 1.399E-04 -1.665E-03 2.795E-04
8.000000E+02 -7.323E-04 1.100E-04 -1.464E-03 2.199E-04
8.500000E+02 -6.482E-04 8.771E-05 -1.296E-03 1.753E-04
9.000000E+02 -5.772E-04 7.074E-05 -1.154E-03 1.414E-04
9.500000E+02 -5.171E-04 5.768E-05 -1.034E-03 1.153E-04
1.000000E+03 -4.662E-04 4.748E-05 -9.321E-04 9.491E-05
1.100000E+03 -3.839E-04 3.301E-05 -7.677E-04 6.599E-05
1.200000E+03 -3.214E-04 2.364E-05 -6.426E-04 4.726E-05
1.300000E+03 -2.727E-04 1.735E-05 -5.454E-04 3.470E-05
1.400000E+03 -2.344E-04 1.302E-05 -4.688E-04 2.604E-05
1.500000E+03 -2.036E-04 9.957E-06 -4.071E-04 1.991E-05
1.600000E+03 -1.784E-04 7.736E-06 -3.567E-04 1.547E-05
1.700000E+03 -1.576E-04 6.101E-06 -3.152E-04 1.220E-05
1.800000E+03 -1.403E-04 4.872E-06 -2.806E-04 9.743E-06
1.900000E+03 -1.258E-04 3.937E-06 -2.515E-04 7.873E-06
2.000000E+03 -1.132E-04 3.214E-06 -2.263E-04 6.428E-06
2.500000E+03 -7.175E-05 1.322E-06 -1.435E-04 2.644E-06
3.000000E+03 -4.968E-05 6.370E-07 -9.936E-05 1.274E-06
4.000000E+03 -2.778E-05 1.988E-07 -5.556E-05 3.976E-07
5.000000E+03 -1.772E-05 7.995E-08 -3.544E-05 1.599E-07
6.000000E+03 -1.228E-05 3.780E-08 -2.456E-05 7.559E-08
8.000000E+03 -6.895E-06 1.150E-08 -1.379E-05 2.299E-08
1.000000E+04 -4.407E-06 4.537E-09 -8.813E-06 9.073E-09
1.200000E+04 -3.058E-06 2.657E-09 -6.116E-06 5.314E-09
1.400000E+04 -2.246E-06 1.305E-09 -4.492E-06 2.610E-09
1.600000E+04 -1.719E-06 6.615E-10 -3.438E-06 1.323E-09
1.800000E+04 -1.358E-06 4.049E-10 -2.716E-06 8.098E-10
2.000000E+04 -1.100E-06 2.444E-10 -2.200E-06 4.887E-10
