18 =ICOMP: Graphite, E parallel to c axis, new eps2 at E > 22 eV                
    E(eV)      Re(n)-1    Im(n)    Re(eps)-1  Im(eps)
1.000000E-06  4.335E-01 3.415E-09  1.055E+00 9.790E-09
1.000000E-05  4.335E-01 3.415E-08  1.055E+00 9.790E-08
1.000000E-04  4.335E-01 3.415E-07  1.055E+00 9.790E-07
6.199000E-04  4.335E-01 2.298E-06  1.055E+00 6.589E-06
8.266000E-04  4.335E-01 3.048E-06  1.055E+00 8.739E-06
1.000000E-03  4.335E-01 3.415E-06  1.055E+00 9.790E-06
1.033000E-03  4.335E-01 3.301E-06  1.055E+00 9.465E-06
1.240000E-03  4.335E-01 2.629E-06  1.055E+00 7.536E-06
1.771000E-03  4.335E-01 1.195E-06  1.055E+00 3.426E-06
2.480000E-03  4.335E-01 8.668E-07  1.055E+00 2.485E-06
3.000000E-03  4.335E-01 1.045E-06  1.055E+00 2.995E-06
3.500000E-03  4.335E-01 1.219E-06  1.055E+00 3.495E-06
4.133000E-03  4.335E-01 1.446E-06  1.055E+00 4.145E-06
4.959000E-03  4.335E-01 1.751E-06  1.055E+00 5.019E-06
6.199000E-03  4.335E-01 2.190E-06  1.055E+00 6.278E-06
7.085000E-03  4.335E-01 2.503E-06  1.055E+00 7.177E-06
8.266000E-03  4.335E-01 2.921E-06  1.055E+00 8.374E-06
9.184000E-03  4.335E-01 3.245E-06  1.055E+00 9.304E-06
1.000000E-02  4.335E-01 3.534E-06  1.055E+00 1.013E-05
1.050000E-02  4.335E-01 3.710E-06  1.055E+00 1.064E-05
1.100000E-02  4.335E-01 3.888E-06  1.055E+00 1.115E-05
1.200000E-02  4.335E-01 4.244E-06  1.055E+00 1.217E-05
1.240000E-02  4.335E-01 4.385E-06  1.055E+00 1.257E-05
1.300000E-02  4.335E-01 4.596E-06  1.055E+00 1.318E-05
1.350000E-02  4.335E-01 4.774E-06  1.055E+00 1.369E-05
1.400000E-02  4.336E-01 4.952E-06  1.055E+00 1.420E-05
1.450000E-02  4.336E-01 5.127E-06  1.055E+00 1.470E-05
1.500000E-02  4.336E-01 5.305E-06  1.055E+00 1.521E-05
1.550000E-02  4.336E-01 5.483E-06  1.055E+00 1.572E-05
1.600000E-02  4.336E-01 5.661E-06  1.055E+00 1.623E-05
1.650000E-02  4.336E-01 5.840E-06  1.055E+00 1.674E-05
1.700000E-02  4.336E-01 6.015E-06  1.055E+00 1.724E-05
1.750000E-02  4.336E-01 6.193E-06  1.055E+00 1.776E-05
1.771000E-02  4.336E-01 6.270E-06  1.055E+00 1.798E-05
1.800000E-02  4.336E-01 6.372E-06  1.055E+00 1.827E-05
1.850000E-02  4.336E-01 6.550E-06  1.055E+00 1.878E-05
1.900000E-02  4.336E-01 6.725E-06  1.055E+00 1.928E-05
1.950000E-02  4.336E-01 6.904E-06  1.055E+00 1.980E-05
2.000000E-02  4.336E-01 7.083E-06  1.055E+00 2.031E-05
2.100000E-02  4.336E-01 5.240E-06  1.055E+00 1.502E-05
2.200000E-02  4.336E-01 3.550E-06  1.055E+00 1.018E-05
2.300000E-02  4.336E-01 2.012E-06  1.055E+00 5.770E-06
2.400000E-02  4.336E-01 6.262E-07  1.055E+00 1.795E-06
2.480000E-02  4.336E-01-3.734E-07  1.055E+00-1.071E-06
2.750000E-02  4.336E-01-3.028E-06  1.055E+00-8.682E-06
3.000000E-02  4.336E-01-4.499E-06  1.055E+00-1.290E-05
3.300000E-02  4.337E-01-5.003E-06  1.055E+00-1.435E-05
3.700000E-02  4.337E-01-3.547E-06  1.056E+00-1.017E-05
4.133000E-02  4.338E-01 7.807E-07  1.056E+00 2.239E-06
4.500000E-02  4.338E-01 6.691E-06  1.056E+00 1.919E-05
4.960000E-02  4.339E-01 1.701E-05  1.056E+00 4.879E-05
5.100000E-02  4.339E-01 2.545E-05  1.056E+00 7.299E-05
5.200000E-02  4.340E-01 3.281E-05  1.056E+00 9.410E-05
5.300000E-02  4.340E-01 4.015E-05  1.056E+00 1.151E-04
5.400000E-02  4.340E-01 4.742E-05  1.056E+00 1.360E-04
5.500000E-02  4.344E-01 5.467E-05  1.057E+00 1.568E-04
5.600000E-02  4.344E-01 6.188E-05  1.057E+00 1.775E-04
5.700000E-02  4.344E-01 6.909E-05  1.058E+00 1.982E-04
5.800000E-02  4.344E-01 7.623E-05  1.058E+00 2.187E-04
5.900000E-02  4.345E-01 8.337E-05  1.058E+00 2.392E-04
6.000000E-02  4.345E-01 9.045E-05  1.058E+00 2.595E-04
6.100000E-02  4.345E-01 9.750E-05  1.058E+00 2.797E-04
6.199000E-02  4.342E-01 1.045E-04  1.057E+00 2.998E-04
6.400000E-02  4.346E-01 1.185E-04  1.058E+00 3.400E-04
6.600000E-02  4.347E-01 1.323E-04  1.058E+00 3.797E-04
6.800000E-02  4.348E-01 1.461E-04  1.059E+00 4.192E-04
7.000000E-02  4.349E-01 1.597E-04  1.059E+00 4.583E-04
7.200000E-02  4.350E-01 1.732E-04  1.059E+00 4.972E-04
7.400000E-02  4.351E-01 1.867E-04  1.060E+00 5.358E-04
7.600000E-02  4.353E-01 2.001E-04  1.060E+00 5.743E-04
7.800000E-02  4.354E-01 2.133E-04  1.060E+00 6.125E-04
8.000000E-02  4.356E-01 2.267E-04  1.061E+00 6.508E-04
8.200000E-02  4.358E-01 2.400E-04  1.062E+00 6.891E-04
8.266000E-02  4.359E-01 2.443E-04  1.062E+00 7.017E-04
8.400000E-02  4.361E-01 2.533E-04  1.062E+00 7.276E-04
8.600000E-02  4.363E-01 2.669E-04  1.063E+00 7.666E-04
8.800000E-02  4.367E-01 2.807E-04  1.064E+00 8.067E-04
9.000000E-02  4.371E-01 2.950E-04  1.065E+00 8.480E-04
9.200000E-02  4.377E-01 3.102E-04  1.067E+00 8.920E-04
9.400000E-02  4.384E-01 3.269E-04  1.069E+00 9.405E-04
9.600000E-02  4.393E-01 3.463E-04  1.072E+00 9.968E-04
9.800000E-02  4.407E-01 3.711E-04  1.075E+00 1.069E-03
1.000000E-01  4.427E-01 4.076E-04  1.081E+00 1.176E-03
1.010000E-01  4.442E-01 4.335E-04  1.086E+00 1.252E-03
1.020000E-01  4.462E-01 4.724E-04  1.091E+00 1.366E-03
1.040000E-01  4.536E-01 6.581E-04  1.113E+00 1.913E-03
1.060000E-01  4.792E-01 1.890E-03  1.188E+00 5.593E-03
1.064000E-01  4.943E-01 3.063E-03  1.233E+00 9.155E-03
1.066000E-01  5.060E-01 4.231E-03  1.268E+00 1.274E-02
1.067000E-01  5.140E-01 5.119E-03  1.292E+00 1.550E-02
1.068000E-01  5.242E-01 6.350E-03  1.323E+00 1.936E-02
1.069000E-01  5.367E-01 8.130E-03  1.362E+00 2.499E-02
1.070000E-01  5.533E-01 1.084E-02  1.413E+00 3.367E-02
1.071000E-01  5.762E-01 1.525E-02  1.484E+00 4.806E-02
1.072000E-01  6.095E-01 2.315E-02  1.590E+00 7.451E-02
1.073000E-01  6.626E-01 3.947E-02  1.763E+00 1.312E-01
1.074000E-01  7.587E-01 8.205E-02  2.086E+00 2.886E-01
1.075000E-01  9.618E-01 2.546E-01  2.784E+00 9.990E-01
1.075800E-01  9.742E-01 9.550E-01  1.985E+00 3.770E+00
1.075900E-01  8.573E-01 1.073E+00  1.298E+00 3.986E+00
1.076000E-01  7.031E-01 1.157E+00  5.626E-01 3.940E+00
1.076500E-01 -1.185E-02 9.595E-01 -9.443E-01 1.896E+00
1.077000E-01 -1.721E-01 4.903E-01 -5.551E-01 8.119E-01
1.078000E-01  4.538E-02 1.219E-01  7.796E-02 2.548E-01
1.079000E-01  1.726E-01 5.136E-02  3.723E-01 1.205E-01
1.080000E-01  2.381E-01 2.821E-02  5.320E-01 6.984E-02
1.081000E-01  2.780E-01 1.786E-02  6.330E-01 4.565E-02
1.082000E-01  3.043E-01 1.237E-02  7.011E-01 3.227E-02
1.083000E-01  3.230E-01 9.111E-03  7.503E-01 2.411E-02
1.084000E-01  3.370E-01 7.021E-03  7.874E-01 1.877E-02
1.085000E-01  3.478E-01 5.600E-03  8.165E-01 1.510E-02
1.086000E-01  3.564E-01 4.591E-03  8.398E-01 1.246E-02
1.088000E-01  3.693E-01 3.287E-03  8.750E-01 9.001E-03
1.092000E-01  3.854E-01 2.003E-03  9.192E-01 5.550E-03
1.100000E-01  4.013E-01 1.098E-03  9.636E-01 3.077E-03
1.120000E-01  4.157E-01 5.989E-04  1.004E+00 1.696E-03
1.140000E-01  4.211E-01 4.936E-04  1.019E+00 1.403E-03
1.160000E-01  4.239E-01 4.581E-04  1.027E+00 1.305E-03
1.180000E-01  4.256E-01 4.450E-04  1.032E+00 1.269E-03
1.200000E-01  4.267E-01 4.405E-04  1.036E+00 1.257E-03
1.220000E-01  4.276E-01 4.408E-04  1.038E+00 1.259E-03
1.240000E-01  4.282E-01 4.431E-04  1.040E+00 1.266E-03
1.260000E-01  4.287E-01 4.469E-04  1.041E+00 1.277E-03
1.280000E-01  4.291E-01 4.515E-04  1.042E+00 1.291E-03
1.283000E-01  4.292E-01 4.523E-04  1.043E+00 1.293E-03
1.300000E-01  4.294E-01 4.568E-04  1.043E+00 1.306E-03
1.320000E-01  4.297E-01 4.628E-04  1.044E+00 1.323E-03
1.340000E-01  4.299E-01 4.687E-04  1.045E+00 1.340E-03
1.360000E-01  4.301E-01 4.748E-04  1.045E+00 1.358E-03
1.380000E-01  4.303E-01 4.808E-04  1.046E+00 1.375E-03
1.400000E-01  4.305E-01 4.872E-04  1.046E+00 1.394E-03
1.420000E-01  4.306E-01 4.937E-04  1.047E+00 1.413E-03
1.440000E-01  4.307E-01 5.003E-04  1.047E+00 1.432E-03
1.460000E-01  4.308E-01 5.066E-04  1.047E+00 1.450E-03
1.480000E-01  4.309E-01 5.133E-04  1.048E+00 1.469E-03
1.500000E-01  4.310E-01 5.200E-04  1.048E+00 1.488E-03
1.550000E-01  4.312E-01 5.363E-04  1.048E+00 1.535E-03
1.600000E-01  4.313E-01 5.530E-04  1.049E+00 1.583E-03
1.650000E-01  4.314E-01 5.691E-04  1.049E+00 1.629E-03
1.700000E-01  4.315E-01 5.857E-04  1.049E+00 1.677E-03
1.750000E-01  4.316E-01 6.019E-04  1.050E+00 1.723E-03
1.794000E-01  4.317E-01 6.161E-04  1.050E+00 1.764E-03
1.850000E-01  4.318E-01 6.345E-04  1.050E+00 1.817E-03
1.900000E-01  4.318E-01 6.504E-04  1.050E+00 1.863E-03
1.950000E-01  4.319E-01 6.664E-04  1.050E+00 1.908E-03
2.000000E-01  4.319E-01 6.820E-04  1.050E+00 1.953E-03
2.100000E-01  4.320E-01 7.161E-04  1.051E+00 2.051E-03
2.200000E-01  4.320E-01 7.503E-04  1.051E+00 2.149E-03
2.250000E-01  4.321E-01 7.673E-04  1.051E+00 2.198E-03
2.400000E-01  4.321E-01 8.182E-04  1.051E+00 2.344E-03
2.480000E-01  4.322E-01 8.458E-04  1.051E+00 2.422E-03
2.600000E-01  4.322E-01 8.865E-04  1.051E+00 2.539E-03
2.800000E-01  4.322E-01 9.549E-04  1.051E+00 2.735E-03
3.000000E-01  4.323E-01 1.023E-03  1.051E+00 2.931E-03
3.200000E-01  4.323E-01 1.092E-03  1.051E+00 3.127E-03
3.400000E-01  4.323E-01 1.160E-03  1.052E+00 3.323E-03
3.645000E-01  4.323E-01 1.244E-03  1.052E+00 3.563E-03
3.800000E-01  4.324E-01 1.297E-03  1.052E+00 3.715E-03
4.000000E-01  4.327E-01 1.365E-03  1.053E+00 3.911E-03
4.500000E-01  4.327E-01 1.536E-03  1.053E+00 4.402E-03
5.000000E-01  4.328E-01 1.708E-03  1.053E+00 4.893E-03
5.115000E-01  4.328E-01 1.747E-03  1.053E+00 5.006E-03
5.500000E-01  4.331E-01 1.879E-03  1.054E+00 5.386E-03
5.636000E-01  4.331E-01 1.926E-03  1.054E+00 5.520E-03
5.843000E-01  4.328E-01 1.998E-03  1.053E+00 5.724E-03
6.000000E-01  4.331E-01 2.051E-03  1.054E+00 5.879E-03
6.500000E-01  4.331E-01 2.223E-03  1.054E+00 6.373E-03
7.000000E-01  4.335E-01 2.396E-03  1.055E+00 6.868E-03
7.514000E-01  4.335E-01 2.573E-03  1.055E+00 7.378E-03
8.000000E-01  4.339E-01 2.741E-03  1.056E+00 7.861E-03
8.500000E-01  4.342E-01 2.914E-03  1.057E+00 8.359E-03
9.000000E-01  4.342E-01 3.088E-03  1.057E+00 8.858E-03
9.500000E-01  4.346E-01 3.262E-03  1.058E+00 9.358E-03
9.919000E-01  4.349E-01 3.408E-03  1.059E+00 9.779E-03
1.100000E+00  4.353E-01 3.787E-03  1.060E+00 1.087E-02
1.240000E+00  4.363E-01 4.278E-03  1.063E+00 1.229E-02
1.378000E+00  4.374E-01 4.766E-03  1.066E+00 1.370E-02
1.550000E+00  4.388E-01 5.383E-03  1.070E+00 1.549E-02
1.771000E+00  4.408E-01 6.184E-03  1.076E+00 1.782E-02
1.889000E+00  4.419E-01 6.620E-03  1.079E+00 1.909E-02
2.254000E+00  4.471E-01 7.988E-03  1.094E+00 2.312E-02
2.551000E+00  4.530E-01 9.223E-03  1.111E+00 2.680E-02
2.818000E+00  4.609E-01 1.101E-02  1.134E+00 3.217E-02
2.857000E+00  4.622E-01 1.142E-02  1.138E+00 3.339E-02
3.100000E+00  4.742E-01 1.838E-02  1.173E+00 5.418E-02
3.250000E+00  4.815E-01 2.990E-02  1.194E+00 8.860E-02
3.397000E+00  4.792E-01 4.540E-02  1.186E+00 1.343E-01
3.604000E+00  4.636E-01 5.476E-02  1.139E+00 1.603E-01
3.800000E+00  4.548E-01 4.808E-02  1.114E+00 1.399E-01
4.000000E+00  4.567E-01 4.318E-02  1.120E+00 1.258E-01
4.250000E+00  4.628E-01 4.389E-02  1.138E+00 1.284E-01
4.350000E+00  4.646E-01 4.605E-02  1.143E+00 1.349E-01
4.525000E+00  4.641E-01 5.208E-02  1.141E+00 1.525E-01
4.800000E+00  4.524E-01 5.078E-02  1.107E+00 1.475E-01
4.959000E+00  4.521E-01 3.891E-02  1.107E+00 1.130E-01
5.166000E+00  4.642E-01 2.929E-02  1.143E+00 8.576E-02
5.200000E+00  4.666E-01 2.862E-02  1.150E+00 8.395E-02
5.300000E+00  4.730E-01 2.785E-02  1.169E+00 8.205E-02
5.391000E+00  4.784E-01 2.811E-02  1.185E+00 8.311E-02
5.500000E+00  4.845E-01 2.890E-02  1.203E+00 8.580E-02
5.600000E+00  4.899E-01 2.999E-02  1.219E+00 8.938E-02
5.661000E+00  4.930E-01 3.073E-02  1.228E+00 9.177E-02
5.700000E+00  4.950E-01 3.124E-02  1.234E+00 9.340E-02
5.800000E+00  5.000E-01 3.265E-02  1.249E+00 9.795E-02
5.904000E+00  5.050E-01 3.425E-02  1.264E+00 1.031E-01
6.199000E+00  5.204E-01 3.953E-02  1.310E+00 1.202E-01
6.526000E+00  5.386E-01 4.712E-02  1.365E+00 1.450E-01
6.888000E+00  5.609E-01 5.827E-02  1.433E+00 1.819E-01
7.293000E+00  5.889E-01 7.584E-02  1.519E+00 2.410E-01
7.500000E+00  6.049E-01 8.764E-02  1.568E+00 2.813E-01
7.749000E+00  6.251E-01 1.052E-01  1.630E+00 3.420E-01
8.000000E+00  6.460E-01 1.277E-01  1.693E+00 4.204E-01
8.321000E+00  6.725E-01 1.652E-01  1.770E+00 5.526E-01
8.500000E+00  6.857E-01 1.913E-01  1.805E+00 6.450E-01
8.600000E+00  6.924E-01 2.077E-01  1.821E+00 7.029E-01
8.700000E+00  6.982E-01 2.254E-01  1.833E+00 7.655E-01
8.800000E+00  7.029E-01 2.444E-01  1.840E+00 8.323E-01
8.920000E+00  7.066E-01 2.689E-01  1.840E+00 9.179E-01
9.100000E+00  7.074E-01 3.087E-01  1.820E+00 1.054E+00
9.300000E+00  6.996E-01 3.557E-01  1.762E+00 1.209E+00
9.500000E+00  6.810E-01 4.021E-01  1.664E+00 1.352E+00
9.700000E+00  6.515E-01 4.444E-01  1.530E+00 1.468E+00
9.919000E+00  6.093E-01 4.806E-01  1.359E+00 1.547E+00
1.020000E+01  5.486E-01 5.072E-01  1.141E+00 1.571E+00
1.050700E+01  4.888E-01 5.138E-01  9.526E-01 1.530E+00
1.080000E+01  4.428E-01 5.101E-01  8.216E-01 1.472E+00
1.117000E+01  3.906E-01 5.023E-01  6.816E-01 1.397E+00
1.150000E+01  3.434E-01 4.812E-01  5.732E-01 1.293E+00
1.180800E+01  3.117E-01 4.426E-01  5.247E-01 1.161E+00
1.210000E+01  3.059E-01 3.997E-01  5.457E-01 1.044E+00
1.239900E+01  3.223E-01 3.640E-01  6.161E-01 9.626E-01
1.270000E+01  3.527E-01 3.442E-01  7.112E-01 9.313E-01
1.300000E+01  3.890E-01 3.421E-01  8.124E-01 9.503E-01
1.330000E+01  4.263E-01 3.569E-01  9.071E-01 1.018E+00
1.360000E+01  4.607E-01 3.885E-01  9.826E-01 1.135E+00
1.400000E+01  4.928E-01 4.575E-01  1.019E+00 1.366E+00
1.500000E+01  3.851E-01 6.920E-01  4.398E-01 1.917E+00
1.600000E+01  1.424E-01 6.797E-01 -1.568E-01 1.553E+00
1.700000E+01  4.997E-02 5.995E-01 -2.570E-01 1.259E+00
1.800000E+01 -1.732E-02 5.460E-01 -3.324E-01 1.073E+00
1.900000E+01 -7.301E-02 4.775E-01 -3.687E-01 8.853E-01
2.000000E+01 -9.467E-02 4.010E-01 -3.412E-01 7.261E-01
2.100000E+01 -8.519E-02 3.401E-01 -2.788E-01 6.223E-01
2.200000E+01 -6.149E-02 3.051E-01 -2.123E-01 5.727E-01
2.300000E+01 -3.894E-02 2.947E-01 -1.632E-01 5.664E-01
2.400000E+01 -2.577E-02 3.034E-01 -1.429E-01 5.911E-01
2.500000E+01 -4.529E-02 3.325E-01 -1.991E-01 6.349E-01
2.600000E+01 -8.827E-02 3.133E-01 -2.669E-01 5.713E-01
2.700000E+01 -1.046E-01 2.893E-01 -2.820E-01 5.181E-01
2.800000E+01 -1.160E-01 2.665E-01 -2.895E-01 4.712E-01
2.900000E+01 -1.231E-01 2.450E-01 -2.911E-01 4.297E-01
3.000000E+01 -1.274E-01 2.251E-01 -2.892E-01 3.928E-01
3.100000E+01 -1.295E-01 2.067E-01 -2.850E-01 3.599E-01
3.200000E+01 -1.301E-01 1.900E-01 -2.793E-01 3.305E-01
3.300000E+01 -1.294E-01 1.747E-01 -2.726E-01 3.042E-01
3.400000E+01 -1.280E-01 1.608E-01 -2.654E-01 2.805E-01
3.500000E+01 -1.258E-01 1.483E-01 -2.578E-01 2.592E-01
3.600000E+01 -1.233E-01 1.369E-01 -2.501E-01 2.400E-01
3.700000E+01 -1.204E-01 1.265E-01 -2.423E-01 2.226E-01
3.800000E+01 -1.173E-01 1.171E-01 -2.346E-01 2.067E-01
3.900000E+01 -1.141E-01 1.086E-01 -2.270E-01 1.924E-01
4.000000E+01 -1.108E-01 1.008E-01 -2.195E-01 1.793E-01
4.200000E+01 -1.043E-01 8.730E-02 -2.053E-01 1.564E-01
4.400000E+01 -9.785E-02 7.599E-02 -1.919E-01 1.371E-01
4.600000E+01 -9.174E-02 6.656E-02 -1.795E-01 1.209E-01
4.800000E+01 -8.620E-02 5.855E-02 -1.684E-01 1.070E-01
5.000000E+01 -8.055E-02 5.177E-02 -1.573E-01 9.520E-02
5.250000E+01 -7.437E-02 4.466E-02 -1.452E-01 8.268E-02
5.400000E+01 -7.092E-02 4.100E-02 -1.385E-01 7.618E-02
5.600000E+01 -6.665E-02 3.670E-02 -1.302E-01 6.851E-02
5.750000E+01 -6.365E-02 3.386E-02 -1.244E-01 6.341E-02
6.000000E+01 -5.905E-02 2.973E-02 -1.155E-01 5.595E-02
6.500000E+01 -5.108E-02 2.325E-02 -1.001E-01 4.413E-02
7.000000E+01 -4.451E-02 1.850E-02 -8.739E-02 3.536E-02
7.500000E+01 -3.905E-02 1.494E-02 -7.680E-02 2.872E-02
8.000000E+01 -3.447E-02 1.222E-02 -6.791E-02 2.360E-02
8.500000E+01 -3.062E-02 1.011E-02 -6.040E-02 1.960E-02
9.000000E+01 -2.733E-02 8.451E-03 -5.399E-02 1.644E-02
9.500000E+01 -2.452E-02 7.125E-03 -4.848E-02 1.390E-02
1.000000E+02 -2.209E-02 6.059E-03 -4.373E-02 1.185E-02
1.100000E+02 -1.815E-02 4.471E-03 -3.600E-02 8.779E-03
1.200000E+02 -1.510E-02 3.382E-03 -2.998E-02 6.661E-03
1.300000E+02 -1.270E-02 2.611E-03 -2.524E-02 5.156E-03
1.400000E+02 -1.077E-02 2.052E-03 -2.143E-02 4.059E-03
1.500000E+02 -9.201E-03 1.638E-03 -1.832E-02 3.245E-03
1.600000E+02 -7.895E-03 1.324E-03 -1.573E-02 2.627E-03
1.700000E+02 -6.798E-03 1.084E-03 -1.355E-02 2.153E-03
1.750000E+02 -6.309E-03 9.847E-04 -1.258E-02 1.957E-03
1.800000E+02 -5.857E-03 8.968E-04 -1.168E-02 1.783E-03
1.900000E+02 -5.037E-03 7.488E-04 -1.005E-02 1.490E-03
2.000000E+02 -4.311E-03 6.312E-04 -8.603E-03 1.257E-03
2.200000E+02 -3.039E-03 4.596E-04 -6.068E-03 9.164E-04
2.400000E+02 -1.828E-03 3.472E-04 -3.653E-03 6.931E-04
2.600000E+02 -2.782E-04 2.838E-04 -5.565E-04 5.675E-04
2.700000E+02  1.122E-03 2.934E-04  2.246E-03 5.875E-04
2.800000E+02  5.187E-03 5.974E-04  1.040E-02 1.201E-03
2.820000E+02  7.621E-03 9.706E-04  1.530E-02 1.956E-03
2.830000E+02  9.674E-03 1.457E-03  1.944E-02 2.943E-03
2.840000E+02  1.289E-02 2.300E-03  2.594E-02 4.659E-03
2.850000E+02  1.866E-02 4.758E-03  3.764E-02 9.693E-03
2.855000E+02  2.388E-02 7.921E-03  4.826E-02 1.622E-02
2.860000E+02  3.221E-02 1.554E-02  6.521E-02 3.208E-02
2.864000E+02  3.913E-02 3.146E-02  7.881E-02 6.538E-02
2.866000E+02  3.789E-02 4.680E-02  7.502E-02 9.715E-02
2.868000E+02  2.602E-02 6.686E-02  4.825E-02 1.372E-01
2.869000E+02  1.573E-02 7.532E-02  2.603E-02 1.530E-01
2.870000E+02  3.675E-03 7.926E-02  1.082E-03 1.591E-01
2.871000E+02 -8.995E-03 7.714E-02 -2.386E-02 1.529E-01
2.872000E+02 -2.078E-02 7.000E-02 -4.603E-02 1.371E-01
2.874000E+02 -3.571E-02 5.029E-02 -7.268E-02 9.698E-02
2.876000E+02 -3.836E-02 3.394E-02 -7.640E-02 6.527E-02
2.880000E+02 -3.172E-02 1.653E-02 -6.270E-02 3.202E-02
2.885000E+02 -2.304E-02 8.286E-03 -4.562E-02 1.619E-02
2.890000E+02 -1.761E-02 4.921E-03 -3.493E-02 9.668E-03
2.900000E+02 -1.080E-02 2.341E-03 -2.148E-02 4.631E-03
2.905000E+02 -8.268E-03 1.773E-03 -1.647E-02 3.516E-03
2.908000E+02 -5.710E-03 1.530E-03 -1.139E-02 3.043E-03
2.909000E+02 -5.464E-03 1.462E-03 -1.090E-02 2.908E-03
2.909500E+02 -5.343E-03 1.430E-03 -1.066E-02 2.845E-03
2.909800E+02 -5.273E-03 1.411E-03 -1.052E-02 2.808E-03
2.909900E+02 -5.248E-03 1.405E-03 -1.047E-02 2.795E-03
2.909950E+02 -5.238E-03 1.402E-03 -1.045E-02 2.789E-03
2.909980E+02 -5.228E-03 1.400E-03 -1.043E-02 2.786E-03
2.909990E+02 -5.228E-03 1.400E-03 -1.043E-02 2.785E-03
2.910010E+02 -5.206E-03 4.913E-03 -1.041E-02 9.774E-03
2.910020E+02 -5.206E-03 4.912E-03 -1.041E-02 9.773E-03
2.910050E+02 -5.201E-03 4.910E-03 -1.040E-02 9.769E-03
2.910100E+02 -5.186E-03 4.907E-03 -1.037E-02 9.763E-03
2.910200E+02 -5.166E-03 4.900E-03 -1.033E-02 9.750E-03
2.910500E+02 -5.096E-03 4.881E-03 -1.019E-02 9.713E-03
2.911000E+02 -4.986E-03 4.850E-03 -9.971E-03 9.652E-03
2.912000E+02 -4.771E-03 4.791E-03 -9.542E-03 9.537E-03
2.915000E+02 -5.902E-03 4.643E-03 -1.179E-02 9.232E-03
2.920000E+02 -5.832E-03 4.441E-03 -1.165E-02 8.830E-03
2.930000E+02 -5.336E-03 4.162E-03 -1.066E-02 8.279E-03
2.940000E+02 -4.869E-03 3.977E-03 -9.731E-03 7.915E-03
2.960000E+02 -4.210E-03 3.741E-03 -8.417E-03 7.451E-03
3.000000E+02 -3.530E-03 3.469E-03 -7.059E-03 6.914E-03
3.100000E+02 -2.985E-03 3.061E-03 -5.971E-03 6.104E-03
3.200000E+02 -2.823E-03 2.752E-03 -5.646E-03 5.489E-03
3.400000E+02 -2.670E-03 2.258E-03 -5.337E-03 4.503E-03
3.600000E+02 -2.528E-03 1.871E-03 -5.053E-03 3.732E-03
3.800000E+02 -2.378E-03 1.563E-03 -4.753E-03 3.118E-03
4.000000E+02 -2.225E-03 1.315E-03 -4.447E-03 2.624E-03
4.500000E+02 -1.873E-03 8.786E-04 -3.744E-03 1.754E-03
5.000000E+02 -1.566E-03 6.080E-04 -3.129E-03 1.214E-03
5.500000E+02 -1.319E-03 4.334E-04 -2.636E-03 8.656E-04
6.000000E+02 -1.120E-03 3.169E-04 -2.239E-03 6.331E-04
6.500000E+02 -9.599E-04 2.369E-04 -1.919E-03 4.734E-04
7.000000E+02 -8.298E-04 1.805E-04 -1.659E-03 3.608E-04
7.500000E+02 -7.233E-04 1.400E-04 -1.446E-03 2.797E-04
8.000000E+02 -6.352E-04 1.101E-04 -1.270E-03 2.200E-04
8.500000E+02 -5.617E-04 8.775E-05 -1.123E-03 1.754E-04
9.000000E+02 -5.006E-04 7.079E-05 -1.001E-03 1.415E-04
9.500000E+02 -4.481E-04 5.773E-05 -8.960E-04 1.154E-04
1.000000E+03 -4.036E-04 4.750E-05 -8.071E-04 9.496E-05
1.100000E+03 -3.323E-04 3.303E-05 -6.644E-04 6.603E-05
1.200000E+03 -2.771E-04 2.365E-05 -5.542E-04 4.729E-05
1.300000E+03 -2.360E-04 1.737E-05 -4.719E-04 3.473E-05
1.400000E+03 -2.015E-04 1.303E-05 -4.030E-04 2.606E-05
1.500000E+03 -1.749E-04 9.962E-06 -3.498E-04 1.992E-05
1.600000E+03 -1.532E-04 7.741E-06 -3.063E-04 1.548E-05
1.700000E+03 -1.351E-04 6.106E-06 -2.701E-04 1.221E-05
1.800000E+03 -1.229E-04 4.876E-06 -2.457E-04 9.751E-06
1.900000E+03 -1.096E-04 3.940E-06 -2.192E-04 7.880E-06
2.000000E+03 -9.880E-05 3.217E-06 -1.976E-04 6.434E-06
2.500000E+03 -6.580E-05 1.324E-06 -1.316E-04 2.647E-06
3.000000E+03 -4.260E-05 6.375E-07 -8.520E-05 1.275E-06
4.000000E+03 -2.380E-05 1.992E-07 -4.759E-05 3.983E-07
5.000000E+03 -1.517E-05 8.015E-08 -3.034E-05 1.603E-07
6.000000E+03 -1.051E-05 3.790E-08 -2.102E-05 7.580E-08
8.000000E+03 -5.895E-06 1.154E-08 -1.179E-05 2.308E-08
1.000000E+04 -3.769E-06 4.559E-09 -7.537E-06 9.118E-09
1.200000E+04 -2.615E-06 2.672E-09 -5.230E-06 5.344E-09
1.400000E+04 -1.921E-06 1.314E-09 -3.841E-06 2.628E-09
1.600000E+04 -1.470E-06 6.675E-10 -2.940E-06 1.335E-09
1.800000E+04 -1.161E-06 4.090E-10 -2.322E-06 8.179E-10
2.000000E+04 -9.405E-07 2.472E-10 -1.881E-06 4.944E-10
