?? = ICOMP amorphous carbon BE1 from Rouleau & Martin 1991
   E(eV)       Re(m)-1    Im(m)    Re(eps)-1  Im(eps)
 4.12700E-03  6.976E+00 5.715E+00  2.996E+01 9.117E+01
 4.36900E-03  6.276E+00 5.465E+00  2.207E+01 7.953E+01
 4.62400E-03  5.949E+00 5.057E+00  2.172E+01 7.028E+01
 4.89500E-03  5.687E+00 4.758E+00  2.108E+01 6.363E+01
 5.18100E-03  5.497E+00 4.465E+00  2.127E+01 5.802E+01
 5.48500E-03  5.352E+00 4.225E+00  2.150E+01 5.367E+01
 5.80600E-03  5.224E+00 4.013E+00  2.163E+01 4.995E+01
 6.14500E-03  5.113E+00 3.824E+00  2.175E+01 4.675E+01
 6.50500E-03  5.014E+00 3.654E+00  2.182E+01 4.395E+01
 6.88600E-03  4.923E+00 3.502E+00  2.182E+01 4.148E+01
 7.28900E-03  4.837E+00 3.366E+00  2.174E+01 3.929E+01
 7.71600E-03  4.753E+00 3.241E+00  2.159E+01 3.729E+01
 8.16700E-03  4.669E+00 3.125E+00  2.137E+01 3.543E+01
 8.64500E-03  4.588E+00 3.012E+00  2.115E+01 3.366E+01
 9.15100E-03  4.511E+00 2.902E+00  2.095E+01 3.199E+01
 9.68700E-03  4.439E+00 2.799E+00  2.075E+01 3.045E+01
 1.02500E-02  4.372E+00 2.701E+00  2.056E+01 2.902E+01
 1.08500E-02  4.308E+00 2.610E+00  2.036E+01 2.771E+01
 1.14900E-02  4.245E+00 2.526E+00  2.013E+01 2.650E+01
 1.21600E-02  4.178E+00 2.445E+00  1.983E+01 2.532E+01
 1.28700E-02  4.115E+00 2.352E+00  1.963E+01 2.406E+01
 1.36300E-02  4.074E+00 2.271E+00  1.959E+01 2.305E+01
 1.44200E-02  4.024E+00 2.204E+00  1.938E+01 2.215E+01
 1.52700E-02  3.979E+00 2.132E+00  1.925E+01 2.123E+01
 1.61600E-02  3.942E+00 2.076E+00  1.911E+01 2.052E+01
 1.71100E-02  3.889E+00 2.030E+00  1.878E+01 1.985E+01
 1.81100E-02  3.844E+00 1.969E+00  1.859E+01 1.908E+01
 1.91700E-02  3.798E+00 1.928E+00  1.830E+01 1.850E+01
 2.02900E-02  3.746E+00 1.877E+00  1.800E+01 1.782E+01
 2.14800E-02  3.705E+00 1.825E+00  1.781E+01 1.717E+01
 2.27400E-02  3.672E+00 1.786E+00  1.764E+01 1.669E+01
 2.40700E-02  3.629E+00 1.765E+00  1.731E+01 1.634E+01
 2.54700E-02  3.566E+00 1.741E+00  1.682E+01 1.590E+01
 2.69700E-02  3.498E+00 1.696E+00  1.636E+01 1.526E+01
 2.85400E-02  3.447E+00 1.639E+00  1.609E+01 1.458E+01
 3.02100E-02  3.415E+00 1.589E+00  1.597E+01 1.403E+01
 3.19800E-02  3.384E+00 1.560E+00  1.579E+01 1.368E+01
 3.38500E-02  3.338E+00 1.534E+00  1.547E+01 1.331E+01
 3.58400E-02  3.295E+00 1.492E+00  1.522E+01 1.282E+01
 3.79300E-02  3.270E+00 1.492E+00  1.501E+01 1.274E+01
 4.01500E-02  3.206E+00 1.445E+00  1.460E+01 1.216E+01
 4.25000E-02  3.159E+00 1.427E+00  1.426E+01 1.187E+01
 4.49900E-02  3.118E+00 1.383E+00  1.405E+01 1.139E+01
 4.76200E-02  3.057E+00 1.361E+00  1.361E+01 1.104E+01
 5.04100E-02  3.016E+00 1.328E+00  1.336E+01 1.067E+01
 5.33600E-02  2.980E+00 1.295E+00  1.316E+01 1.031E+01
 5.64800E-02  2.935E+00 1.291E+00  1.282E+01 1.016E+01
 5.97900E-02  2.883E+00 1.239E+00  1.254E+01 9.622E+00
 6.32900E-02  2.865E+00 1.193E+00  1.251E+01 9.222E+00
 6.69900E-02  2.837E+00 1.190E+00  1.231E+01 9.132E+00
 7.09100E-02  2.805E+00 1.148E+00  1.216E+01 8.736E+00
 7.50600E-02  2.784E+00 1.145E+00  1.201E+01 8.665E+00
 7.94600E-02  2.747E+00 1.117E+00  1.179E+01 8.371E+00
 8.41100E-02  2.730E+00 1.099E+00  1.171E+01 8.199E+00
 8.90300E-02  2.702E+00 1.095E+00  1.151E+01 8.107E+00
 9.42400E-02  2.666E+00 1.085E+00  1.126E+01 7.955E+00
 9.97600E-02  2.635E+00 1.069E+00  1.107E+01 7.772E+00
 1.05600E-01  2.610E+00 1.063E+00  1.090E+01 7.675E+00
 1.11800E-01  2.567E+00 1.058E+00  1.060E+01 7.548E+00
 1.18300E-01  2.546E+00 1.035E+00  1.050E+01 7.340E+00
 1.25200E-01  2.520E+00 1.048E+00  1.029E+01 7.378E+00
 1.32600E-01  2.482E+00 1.055E+00  1.001E+01 7.347E+00
 1.40300E-01  2.425E+00 1.069E+00  9.588E+00 7.323E+00
 1.48500E-01  2.351E+00 1.059E+00  9.108E+00 7.097E+00
 1.57200E-01  2.291E+00 1.028E+00  8.774E+00 6.766E+00
 1.66400E-01  2.236E+00 9.875E-01  8.497E+00 6.391E+00
 1.76200E-01  2.203E+00 9.475E-01  8.361E+00 6.070E+00
 1.86500E-01  2.170E+00 9.043E-01  8.231E+00 5.733E+00
 1.97400E-01  2.147E+00 8.645E-01  8.156E+00 5.441E+00
 2.09000E-01  2.142E+00 8.231E-01  8.195E+00 5.172E+00
 2.21200E-01  2.148E+00 8.036E-01  8.264E+00 5.059E+00
 2.34100E-01  2.144E+00 8.030E-01  8.240E+00 5.049E+00
 2.47800E-01  2.128E+00 8.039E-01  8.138E+00 5.029E+00
 2.62300E-01  2.107E+00 8.023E-01  8.010E+00 4.985E+00
 2.77700E-01  2.085E+00 7.972E-01  7.882E+00 4.919E+00
 2.94000E-01  2.063E+00 7.914E-01  7.756E+00 4.848E+00
 3.11200E-01  2.042E+00 7.852E-01  7.637E+00 4.777E+00
 3.29400E-01  2.024E+00 7.778E-01  7.540E+00 4.704E+00
 3.48600E-01  2.017E+00 7.750E-01  7.502E+00 4.676E+00
 3.69000E-01  1.995E+00 7.961E-01  7.336E+00 4.769E+00
 3.90600E-01  1.959E+00 7.973E-01  7.120E+00 4.718E+00
 4.13500E-01  1.933E+00 7.953E-01  6.970E+00 4.665E+00
 4.37700E-01  1.906E+00 7.976E-01  6.809E+00 4.636E+00
 4.63300E-01  1.877E+00 7.988E-01  6.639E+00 4.596E+00
 4.90400E-01  1.847E+00 7.995E-01  6.466E+00 4.552E+00
 5.19200E-01  1.816E+00 8.005E-01  6.289E+00 4.508E+00
 5.49500E-01  1.783E+00 7.986E-01  6.107E+00 4.445E+00
 5.81700E-01  1.752E+00 7.932E-01  5.944E+00 4.366E+00
 6.15700E-01  1.723E+00 7.880E-01  5.794E+00 4.291E+00
 6.51800E-01  1.694E+00 7.838E-01  5.643E+00 4.223E+00
 6.89900E-01  1.666E+00 7.770E-01  5.504E+00 4.143E+00
 7.30300E-01  1.640E+00 7.726E-01  5.373E+00 4.079E+00
 7.73000E-01  1.613E+00 7.658E-01  5.241E+00 4.002E+00
 8.18300E-01  1.592E+00 7.587E-01  5.143E+00 3.933E+00
 8.66200E-01  1.571E+00 7.598E-01  5.033E+00 3.907E+00
 9.16900E-01  1.546E+00 7.599E-01  4.905E+00 3.869E+00
 9.70500E-01  1.522E+00 7.587E-01  4.785E+00 3.827E+00
 1.02700E+00  1.499E+00 7.609E-01  4.666E+00 3.803E+00
 1.08700E+00  1.473E+00 7.644E-01  4.531E+00 3.781E+00
 1.15100E+00  1.444E+00 7.662E-01  4.386E+00 3.745E+00
 1.21800E+00  1.416E+00 7.657E-01  4.251E+00 3.700E+00
 1.29000E+00  1.390E+00 7.652E-01  4.127E+00 3.658E+00
 1.36500E+00  1.364E+00 7.656E-01  4.002E+00 3.620E+00
 1.44500E+00  1.340E+00 7.674E-01  3.887E+00 3.591E+00
 1.53000E+00  1.316E+00 7.731E-01  3.766E+00 3.581E+00
 1.61900E+00  1.284E+00 7.829E-01  3.604E+00 3.576E+00
 1.71400E+00  1.251E+00 7.806E-01  3.458E+00 3.514E+00
 1.81400E+00  1.229E+00 7.845E-01  3.353E+00 3.497E+00
 1.92100E+00  1.195E+00 8.003E-01  3.178E+00 3.513E+00
 2.03300E+00  1.152E+00 8.052E-01  2.983E+00 3.466E+00
 2.15200E+00  1.112E+00 8.037E-01  2.815E+00 3.395E+00
 2.27800E+00  1.075E+00 8.010E-01  2.664E+00 3.324E+00
 2.41100E+00  1.037E+00 7.985E-01  2.512E+00 3.253E+00
 2.55200E+00  9.980E-01 7.940E-01  2.362E+00 3.173E+00
 2.70200E+00  9.600E-01 7.880E-01  2.221E+00 3.089E+00
 2.86000E+00  9.220E-01 7.825E-01  2.082E+00 3.008E+00
 3.02700E+00  8.810E-01 7.747E-01  1.938E+00 2.914E+00
 3.20400E+00  8.390E-01 7.607E-01  1.803E+00 2.798E+00
 3.39200E+00  8.020E-01 7.423E-01  1.696E+00 2.675E+00
 3.59000E+00  7.680E-01 7.249E-01  1.600E+00 2.563E+00
 3.80100E+00  7.320E-01 7.080E-01  1.499E+00 2.453E+00
 4.02300E+00  6.930E-01 6.837E-01  1.399E+00 2.315E+00
 4.25900E+00  6.640E-01 6.478E-01  1.349E+00 2.156E+00
 4.50800E+00  6.440E-01 6.202E-01  1.318E+00 2.039E+00
 4.77200E+00  6.240E-01 5.854E-01  1.295E+00 1.901E+00
 5.05100E+00  6.150E-01 5.495E-01  1.306E+00 1.775E+00
 5.34600E+00  6.290E-01 5.156E-01  1.388E+00 1.680E+00
 5.65900E+00  6.370E-01 5.172E-01  1.412E+00 1.693E+00
 5.99100E+00  6.270E-01 5.130E-01  1.384E+00 1.669E+00
 6.34100E+00  6.150E-01 5.022E-01  1.356E+00 1.622E+00
 6.71200E+00  6.220E-01 4.838E-01  1.397E+00 1.569E+00
 7.10500E+00  6.550E-01 4.712E-01  1.517E+00 1.560E+00
 7.52100E+00  6.650E-01 4.698E-01  1.552E+00 1.564E+00
 7.96100E+00  6.790E-01 4.829E-01  1.586E+00 1.622E+00
 8.42700E+00  6.890E-01 5.037E-01  1.599E+00 1.701E+00
 8.92000E+00  7.040E-01 5.349E-01  1.617E+00 1.823E+00
 9.44200E+00  7.110E-01 5.792E-01  1.592E+00 1.982E+00
 9.99500E+00  7.070E-01 6.361E-01  1.509E+00 2.172E+00
 1.05800E+01  6.860E-01 7.011E-01  1.351E+00 2.364E+00
 1.12000E+01  6.440E-01 7.673E-01  1.114E+00 2.523E+00
 1.18500E+01  5.830E-01 8.304E-01  8.163E-01 2.629E+00
 1.25500E+01  4.970E-01 8.779E-01  4.703E-01 2.628E+00
 1.32800E+01  4.040E-01 9.082E-01  1.464E-01 2.550E+00
 1.40600E+01  3.120E-01 9.166E-01 -1.188E-01 2.405E+00
 1.48800E+01  2.170E-01 9.095E-01 -3.461E-01 2.214E+00
 1.57500E+01  1.250E-01 8.932E-01 -5.322E-01 2.010E+00
 1.66800E+01  3.300E-02 8.581E-01 -6.692E-01 1.773E+00
 1.76500E+01 -4.920E-02 8.055E-01 -7.448E-01 1.532E+00
 1.86900E+01 -1.129E-01 7.408E-01 -7.618E-01 1.314E+00
 1.97800E+01 -1.581E-01 6.757E-01 -7.478E-01 1.138E+00
 2.09400E+01 -1.946E-01 6.180E-01 -7.333E-01 9.955E-01
 2.21600E+01 -2.306E-01 5.607E-01 -7.224E-01 8.628E-01
 2.34600E+01 -2.619E-01 4.948E-01 -7.000E-01 7.304E-01
 2.48300E+01 -2.775E-01 4.220E-01 -6.561E-01 6.098E-01
 2.62900E+01 -2.750E-01 3.547E-01 -6.002E-01 5.143E-01
 2.78200E+01 -2.631E-01 3.016E-01 -5.479E-01 4.445E-01
 2.94500E+01 -2.533E-01 2.609E-01 -5.105E-01 3.896E-01
 3.11800E+01 -2.463E-01 2.201E-01 -4.804E-01 3.318E-01
 3.30000E+01 -2.335E-01 1.783E-01 -4.443E-01 2.733E-01
 3.49300E+01 -2.138E-01 1.440E-01 -4.026E-01 2.264E-01
 3.69800E+01 -1.958E-01 1.173E-01 -3.670E-01 1.887E-01
 3.91400E+01 -1.735E-01 9.613E-02 -3.261E-01 1.589E-01
 4.14300E+01 -1.602E-01 7.817E-02 -3.008E-01 1.313E-01
 4.38600E+01 -1.429E-01 6.397E-02 -2.695E-01 1.097E-01
 4.64200E+01 -1.276E-01 5.238E-02 -2.417E-01 9.139E-02
 4.91400E+01 -1.140E-01 4.300E-02 -2.169E-01 7.620E-02
 5.20200E+01 -1.017E-01 3.535E-02 -1.943E-01 6.351E-02
 5.50600E+01 -9.050E-02 2.911E-02 -1.737E-01 5.295E-02
 5.82800E+01 -8.060E-02 2.402E-02 -1.553E-01 4.417E-02
 6.16900E+01 -7.180E-02 1.984E-02 -1.388E-01 3.683E-02
 6.53000E+01 -6.390E-02 1.637E-02 -1.240E-01 3.065E-02
 6.91300E+01 -5.700E-02 1.352E-02 -1.109E-01 2.550E-02
 7.31700E+01 -4.980E-02 1.125E-02 -9.725E-02 2.138E-02
 7.74600E+01 -4.470E-02 9.443E-03 -8.749E-02 1.804E-02
 8.19900E+01 -4.020E-02 7.964E-03 -7.885E-02 1.529E-02
 8.67900E+01 -3.540E-02 6.713E-03 -6.959E-02 1.295E-02
 9.18700E+01 -3.160E-02 5.615E-03 -6.223E-02 1.088E-02
 9.72400E+01 -2.810E-02 4.647E-03 -5.543E-02 9.033E-03
 1.02900E+02 -2.500E-02 3.837E-03 -4.939E-02 7.482E-03
 1.09000E+02 -2.210E-02 3.192E-03 -4.372E-02 6.243E-03
 1.15300E+02 -1.960E-02 2.691E-03 -3.882E-02 5.277E-03
 1.22100E+02 -1.740E-02 2.287E-03 -3.450E-02 4.494E-03
 1.29200E+02 -1.540E-02 1.941E-03 -3.057E-02 3.822E-03
 1.36800E+02 -1.370E-02 1.630E-03 -2.722E-02 3.215E-03
 1.44800E+02 -1.210E-02 1.353E-03 -2.406E-02 2.673E-03
 1.53300E+02 -1.070E-02 1.123E-03 -2.129E-02 2.222E-03
 1.62200E+02 -9.500E-03 9.317E-04 -1.891E-02 1.846E-03
 1.71700E+02 -8.300E-03 7.730E-04 -1.653E-02 1.533E-03
 1.81800E+02 -7.300E-03 6.408E-04 -1.455E-02 1.272E-03
 1.92400E+02 -6.400E-03 5.310E-04 -1.276E-02 1.055E-03
 2.03700E+02 -5.500E-03 4.381E-04 -1.097E-02 8.714E-04
 2.15600E+02 -4.700E-03 3.604E-04 -9.378E-03 7.174E-04
 2.28200E+02 -4.000E-03 2.964E-04 -7.984E-03 5.904E-04
 2.41600E+02 -3.300E-03 2.438E-04 -6.589E-03 4.860E-04
 2.55700E+02 -2.500E-03 2.003E-04 -4.994E-03 3.996E-04
 2.70700E+02 -1.300E-03 1.651E-04 -2.598E-03 3.298E-04
 2.86500E+02 -8.000E-04 3.445E-03 -1.611E-03 6.884E-03
 3.03300E+02 -1.600E-03 2.840E-03 -3.205E-03 5.671E-03
 3.21100E+02 -2.400E-03 2.338E-03 -4.800E-03 4.665E-03
 3.39900E+02 -2.500E-03 1.928E-03 -4.997E-03 3.846E-03
 3.59700E+02 -2.400E-03 1.587E-03 -4.797E-03 3.166E-03
 3.80800E+02 -2.300E-03 1.299E-03 -4.596E-03 2.592E-03
 4.03100E+02 -2.100E-03 1.056E-03 -4.197E-03 2.108E-03
 4.26700E+02 -2.000E-03 8.678E-04 -3.997E-03 1.732E-03
 4.51700E+02 -1.800E-03 7.156E-04 -3.597E-03 1.429E-03
 4.78100E+02 -1.700E-03 5.853E-04 -3.397E-03 1.169E-03
 5.06100E+02 -1.500E-03 4.787E-04 -2.998E-03 9.560E-04
 5.35700E+02 -1.400E-03 3.940E-04 -2.798E-03 7.869E-04
 5.67000E+02 -1.200E-03 3.209E-04 -2.399E-03 6.410E-04
 6.00200E+02 -1.100E-03 2.617E-04 -2.199E-03 5.228E-04
 6.35400E+02 -1.000E-03 2.131E-04 -1.999E-03 4.258E-04
 6.72500E+02 -9.000E-04 1.721E-04 -1.799E-03 3.439E-04
 7.11900E+02 -8.000E-04 1.420E-04 -1.599E-03 2.838E-04
 7.53600E+02 -7.000E-04 1.149E-04 -1.400E-03 2.296E-04
 7.97700E+02 -5.999E-04 9.255E-05 -1.199E-03 1.850E-04
 8.44400E+02 -5.999E-04 7.498E-05 -1.199E-03 1.499E-04
 8.93800E+02  0.000E+00 6.048E-05  0.000E+00 1.210E-04
 9.46100E+02  0.000E+00 4.883E-05  0.000E+00 9.766E-05
 1.00100E+03  0.000E+00 3.950E-05  0.000E+00 7.900E-05
 1.06000E+03  0.000E+00 3.171E-05  0.000E+00 6.342E-05
 1.12200E+03  0.000E+00 2.560E-05  0.000E+00 5.120E-05
 1.18800E+03  0.000E+00 2.063E-05  0.000E+00 4.126E-05
 1.25700E+03  0.000E+00 1.649E-05  0.000E+00 3.298E-05
 1.33100E+03  0.000E+00 1.321E-05  0.000E+00 2.642E-05
 1.40900E+03  0.000E+00 1.062E-05  0.000E+00 2.124E-05
 1.49100E+03  0.000E+00 8.533E-06  0.000E+00 1.707E-05
 1.57800E+03  0.000E+00 6.839E-06  0.000E+00 1.368E-05
 1.67100E+03  0.000E+00 5.479E-06  0.000E+00 1.096E-05
 1.76900E+03  0.000E+00 4.384E-06  0.000E+00 8.768E-06
 1.87200E+03  0.000E+00 3.503E-06  0.000E+00 7.006E-06
 1.98200E+03  0.000E+00 2.799E-06  0.000E+00 5.598E-06
 2.09800E+03  0.000E+00 2.235E-06  0.000E+00 4.470E-06
 2.22100E+03  0.000E+00 1.790E-06  0.000E+00 3.580E-06
 2.35000E+03  0.000E+00 1.426E-06  0.000E+00 2.852E-06
 2.48800E+03  0.000E+00 1.135E-06  0.000E+00 2.270E-06
 2.63400E+03  0.000E+00 9.046E-07  0.000E+00 1.809E-06
 2.78800E+03  0.000E+00 7.217E-07  0.000E+00 1.443E-06
 2.95100E+03  0.000E+00 5.756E-07  0.000E+00 1.151E-06
 3.12400E+03  0.000E+00 4.587E-07  0.000E+00 9.174E-07
 3.30600E+03  0.000E+00 3.650E-07  0.000E+00 7.300E-07
 3.50000E+03  0.000E+00 2.899E-07  0.000E+00 5.798E-07
