= ICOMP amorphous carbon AC1 from Rouleau & Martin 1991
   E(eV)       Re(m)-1    Im(m)    Re(eps)-1  Im(eps)
 4.12700E-03  1.928E+00 2.761E-01  7.497E+00 1.617E+00
 4.36900E-03  1.900E+00 2.845E-01  7.329E+00 1.650E+00
 4.62400E-03  1.880E+00 2.824E-01  7.215E+00 1.627E+00
 4.89500E-03  1.861E+00 2.832E-01  7.105E+00 1.620E+00
 5.18100E-03  1.844E+00 2.793E-01  7.010E+00 1.589E+00
 5.48500E-03  1.831E+00 2.785E-01  6.937E+00 1.577E+00
 5.80600E-03  1.815E+00 2.793E-01  6.846E+00 1.572E+00
 6.14500E-03  1.796E+00 2.739E-01  6.743E+00 1.532E+00
 6.50500E-03  1.787E+00 2.636E-01  6.698E+00 1.469E+00
 6.88600E-03  1.783E+00 2.632E-01  6.676E+00 1.465E+00
 7.28900E-03  1.771E+00 2.693E-01  6.606E+00 1.492E+00
 7.71600E-03  1.753E+00 2.680E-01  6.507E+00 1.476E+00
 8.16700E-03  1.741E+00 2.600E-01  6.445E+00 1.425E+00
 8.64500E-03  1.735E+00 2.563E-01  6.415E+00 1.402E+00
 9.15100E-03  1.727E+00 2.577E-01  6.370E+00 1.405E+00
 9.68700E-03  1.715E+00 2.579E-01  6.305E+00 1.400E+00
 1.02500E-02  1.703E+00 2.559E-01  6.241E+00 1.383E+00
 1.08500E-02  1.692E+00 2.535E-01  6.183E+00 1.365E+00
 1.14900E-02  1.682E+00 2.519E-01  6.130E+00 1.351E+00
 1.21600E-02  1.669E+00 2.511E-01  6.061E+00 1.340E+00
 1.28700E-02  1.656E+00 2.447E-01  5.994E+00 1.300E+00
 1.36300E-02  1.648E+00 2.400E-01  5.954E+00 1.271E+00
 1.44200E-02  1.639E+00 2.343E-01  5.909E+00 1.237E+00
 1.52700E-02  1.632E+00 2.304E-01  5.874E+00 1.213E+00
 1.61600E-02  1.624E+00 2.267E-01  5.834E+00 1.190E+00
 1.71100E-02  1.618E+00 2.230E-01  5.804E+00 1.168E+00
 1.81100E-02  1.611E+00 2.200E-01  5.769E+00 1.149E+00
 1.91700E-02  1.606E+00 2.158E-01  5.745E+00 1.125E+00
 2.02900E-02  1.602E+00 2.161E-01  5.724E+00 1.125E+00
 2.14800E-02  1.594E+00 2.174E-01  5.682E+00 1.128E+00
 2.27400E-02  1.585E+00 2.169E-01  5.635E+00 1.121E+00
 2.40700E-02  1.577E+00 2.144E-01  5.595E+00 1.105E+00
 2.54700E-02  1.569E+00 2.112E-01  5.555E+00 1.085E+00
 2.69700E-02  1.563E+00 2.087E-01  5.525E+00 1.070E+00
 2.85400E-02  1.558E+00 2.072E-01  5.500E+00 1.060E+00
 3.02100E-02  1.552E+00 2.066E-01  5.470E+00 1.054E+00
 3.19800E-02  1.546E+00 2.065E-01  5.439E+00 1.051E+00
 3.38500E-02  1.539E+00 2.065E-01  5.404E+00 1.049E+00
 3.58400E-02  1.532E+00 2.061E-01  5.369E+00 1.044E+00
 3.79300E-02  1.526E+00 2.057E-01  5.338E+00 1.039E+00
 4.01500E-02  1.519E+00 2.050E-01  5.303E+00 1.033E+00
 4.25000E-02  1.512E+00 2.047E-01  5.268E+00 1.028E+00
 4.49900E-02  1.505E+00 2.044E-01  5.233E+00 1.024E+00
 4.76200E-02  1.474E+00 2.040E-01  5.079E+00 1.009E+00
 5.04100E-02  1.469E+00 2.038E-01  5.054E+00 1.006E+00
 5.33600E-02  1.463E+00 2.030E-01  5.025E+00 1.000E+00
 5.64800E-02  1.459E+00 2.016E-01  5.006E+00 9.915E-01
 5.97900E-02  1.454E+00 2.000E-01  4.982E+00 9.816E-01
 6.32900E-02  1.449E+00 1.998E-01  4.958E+00 9.786E-01
 6.69900E-02  1.445E+00 1.994E-01  4.938E+00 9.751E-01
 7.09100E-02  1.440E+00 1.981E-01  4.914E+00 9.667E-01
 7.50600E-02  1.436E+00 1.985E-01  4.895E+00 9.671E-01
 7.94600E-02  1.432E+00 1.976E-01  4.876E+00 9.611E-01
 8.41100E-02  1.429E+00 1.956E-01  4.862E+00 9.502E-01
 8.90300E-02  1.432E+00 1.941E-01  4.877E+00 9.441E-01
 9.42400E-02  1.442E+00 2.076E-01  4.920E+00 1.014E+00
 9.97600E-02  1.425E+00 2.351E-01  4.825E+00 1.140E+00
 1.05600E-01  1.403E+00 2.329E-01  4.720E+00 1.119E+00
 1.11800E-01  1.388E+00 2.314E-01  4.649E+00 1.105E+00
 1.18300E-01  1.384E+00 2.224E-01  4.634E+00 1.060E+00
 1.25200E-01  1.380E+00 2.319E-01  4.611E+00 1.104E+00
 1.32600E-01  1.370E+00 2.362E-01  4.561E+00 1.120E+00
 1.40300E-01  1.358E+00 2.454E-01  4.500E+00 1.157E+00
 1.48500E-01  1.337E+00 2.496E-01  4.399E+00 1.167E+00
 1.57200E-01  1.317E+00 2.429E-01  4.309E+00 1.126E+00
 1.66400E-01  1.306E+00 2.336E-01  4.263E+00 1.077E+00
 1.76200E-01  1.296E+00 2.253E-01  4.221E+00 1.035E+00
 1.86500E-01  1.291E+00 2.170E-01  4.202E+00 9.943E-01
 1.97400E-01  1.288E+00 2.126E-01  4.190E+00 9.729E-01
 2.09000E-01  1.285E+00 2.100E-01  4.177E+00 9.597E-01
 2.21200E-01  1.283E+00 2.097E-01  4.168E+00 9.575E-01
 2.34100E-01  1.279E+00 2.119E-01  4.149E+00 9.658E-01
 2.47800E-01  1.273E+00 2.137E-01  4.121E+00 9.715E-01
 2.62300E-01  1.268E+00 2.165E-01  4.097E+00 9.820E-01
 2.77700E-01  1.261E+00 2.203E-01  4.064E+00 9.962E-01
 2.94000E-01  1.251E+00 2.230E-01  4.017E+00 1.004E+00
 3.11200E-01  1.243E+00 2.231E-01  3.981E+00 1.001E+00
 3.29400E-01  1.236E+00 2.249E-01  3.949E+00 1.006E+00
 3.48600E-01  1.225E+00 2.286E-01  3.898E+00 1.017E+00
 3.69000E-01  1.215E+00 2.278E-01  3.854E+00 1.009E+00
 3.90600E-01  1.205E+00 2.283E-01  3.810E+00 1.007E+00
 4.13500E-01  1.194E+00 2.249E-01  3.763E+00 9.869E-01
 4.37700E-01  1.189E+00 2.207E-01  3.743E+00 9.662E-01
 4.63300E-01  1.185E+00 2.211E-01  3.725E+00 9.662E-01
 4.90400E-01  1.179E+00 2.237E-01  3.698E+00 9.749E-01
 5.19200E-01  1.170E+00 2.258E-01  3.658E+00 9.800E-01
 5.49500E-01  1.162E+00 2.262E-01  3.623E+00 9.781E-01
 5.81700E-01  1.156E+00 2.269E-01  3.597E+00 9.784E-01
 6.15700E-01  1.148E+00 2.313E-01  3.560E+00 9.937E-01
 6.51800E-01  1.138E+00 2.313E-01  3.518E+00 9.890E-01
 6.89900E-01  1.130E+00 2.335E-01  3.482E+00 9.947E-01
 7.30300E-01  1.119E+00 2.349E-01  3.435E+00 9.955E-01
 7.73000E-01  1.110E+00 2.326E-01  3.398E+00 9.816E-01
 8.18300E-01  1.103E+00 2.345E-01  3.368E+00 9.863E-01
 8.66200E-01  1.093E+00 2.357E-01  3.325E+00 9.866E-01
 9.16900E-01  1.083E+00 2.354E-01  3.283E+00 9.807E-01
 9.70500E-01  1.074E+00 2.345E-01  3.246E+00 9.727E-01
 1.02700E+00  1.066E+00 2.332E-01  3.214E+00 9.636E-01
 1.08700E+00  1.059E+00 2.317E-01  3.186E+00 9.541E-01
 1.15100E+00  1.053E+00 2.321E-01  3.161E+00 9.530E-01
 1.21800E+00  1.045E+00 2.346E-01  3.127E+00 9.595E-01
 1.29000E+00  1.034E+00 2.356E-01  3.082E+00 9.584E-01
 1.36500E+00  1.024E+00 2.339E-01  3.042E+00 9.468E-01
 1.44500E+00  1.015E+00 2.299E-01  3.007E+00 9.265E-01
 1.53000E+00  1.010E+00 2.262E-01  2.989E+00 9.093E-01
 1.61900E+00  1.005E+00 2.250E-01  2.969E+00 9.023E-01
 1.71400E+00  1.000E+00 2.233E-01  2.950E+00 8.932E-01
 1.81400E+00  9.970E-01 2.222E-01  2.939E+00 8.875E-01
 1.92100E+00  9.940E-01 2.234E-01  2.926E+00 8.909E-01
 2.03300E+00  9.910E-01 2.252E-01  2.913E+00 8.967E-01
 2.15200E+00  9.870E-01 2.291E-01  2.896E+00 9.104E-01
 2.27800E+00  9.800E-01 2.321E-01  2.867E+00 9.191E-01
 2.41100E+00  9.740E-01 2.314E-01  2.843E+00 9.136E-01
 2.55200E+00  9.700E-01 2.310E-01  2.828E+00 9.101E-01
 2.70200E+00  9.680E-01 2.321E-01  2.819E+00 9.135E-01
 2.86000E+00  9.660E-01 2.326E-01  2.811E+00 9.146E-01
 3.02700E+00  9.650E-01 2.328E-01  2.807E+00 9.149E-01
 3.20400E+00  9.670E-01 2.339E-01  2.814E+00 9.202E-01
 3.39200E+00  9.700E-01 2.360E-01  2.825E+00 9.298E-01
 3.59000E+00  9.760E-01 2.381E-01  2.848E+00 9.410E-01
 3.80100E+00  9.870E-01 2.404E-01  2.890E+00 9.553E-01
 4.02300E+00  1.012E+00 2.521E-01  2.985E+00 1.014E+00
 4.25900E+00  1.026E+00 2.884E-01  3.022E+00 1.169E+00
 4.50800E+00  1.022E+00 3.229E-01  2.984E+00 1.306E+00
 4.77200E+00  1.014E+00 3.429E-01  2.939E+00 1.381E+00
 5.05100E+00  1.022E+00 3.610E-01  2.958E+00 1.460E+00
 5.34600E+00  1.039E+00 4.006E-01  2.997E+00 1.634E+00
 5.65900E+00  1.038E+00 4.704E-01  2.932E+00 1.917E+00
 5.99100E+00  9.950E-01 5.384E-01  2.690E+00 2.148E+00
 6.34100E+00  9.260E-01 5.833E-01  2.369E+00 2.247E+00
 6.71200E+00  8.850E-01 5.929E-01  2.202E+00 2.235E+00
 7.10500E+00  7.830E-01 5.068E-01  1.922E+00 1.807E+00
 7.52100E+00  8.250E-01 4.782E-01  2.102E+00 1.745E+00
 7.96100E+00  8.690E-01 4.792E-01  2.264E+00 1.791E+00
 8.42700E+00  9.180E-01 5.194E-01  2.409E+00 1.992E+00
 8.92000E+00  9.500E-01 6.073E-01  2.434E+00 2.368E+00
 9.44200E+00  9.350E-01 7.108E-01  2.239E+00 2.751E+00
 9.99500E+00  8.870E-01 8.081E-01  1.908E+00 3.050E+00
 1.05800E+01  8.120E-01 8.909E-01  1.490E+00 3.229E+00
 1.12000E+01  7.200E-01 9.473E-01  1.061E+00 3.259E+00
 1.18500E+01  6.350E-01 9.959E-01  6.814E-01 3.257E+00
 1.25500E+01  5.290E-01 1.042E+00  2.521E-01 3.186E+00
 1.32800E+01  4.060E-01 1.059E+00 -1.446E-01 2.978E+00
 1.40600E+01  2.910E-01 1.049E+00 -4.337E-01 2.709E+00
 1.48800E+01  1.850E-01 1.018E+00 -6.321E-01 2.413E+00
 1.57500E+01  9.000E-02 9.824E-01 -7.770E-01 2.142E+00
 1.66800E+01  0.000E+00 9.347E-01 -8.737E-01 1.869E+00
 1.76500E+01 -8.040E-02 8.775E-01 -9.243E-01 1.614E+00
 1.86900E+01 -1.502E-01 8.135E-01 -9.396E-01 1.383E+00
 1.97800E+01 -2.107E-01 7.433E-01 -9.295E-01 1.173E+00
 2.09400E+01 -2.603E-01 6.671E-01 -8.979E-01 9.869E-01
 2.21600E+01 -2.959E-01 5.847E-01 -8.461E-01 8.234E-01
 2.34600E+01 -3.149E-01 5.020E-01 -7.826E-01 6.878E-01
 2.48300E+01 -3.196E-01 4.245E-01 -7.173E-01 5.777E-01
 2.62900E+01 -3.131E-01 3.548E-01 -6.541E-01 4.874E-01
 2.78200E+01 -2.991E-01 2.943E-01 -5.954E-01 4.125E-01
 2.94500E+01 -2.800E-01 2.433E-01 -5.408E-01 3.504E-01
 3.11800E+01 -2.586E-01 2.012E-01 -4.908E-01 2.983E-01
 3.30000E+01 -2.371E-01 1.665E-01 -4.457E-01 2.540E-01
 3.49300E+01 -2.153E-01 1.380E-01 -4.033E-01 2.166E-01
 3.69800E+01 -1.969E-01 1.146E-01 -3.682E-01 1.841E-01
 3.91400E+01 -1.746E-01 9.556E-02 -3.278E-01 1.578E-01
 4.14300E+01 -1.615E-01 7.913E-02 -3.032E-01 1.327E-01
 4.38600E+01 -1.449E-01 6.579E-02 -2.731E-01 1.125E-01
 4.64200E+01 -1.302E-01 5.446E-02 -2.464E-01 9.474E-02
 4.91400E+01 -1.170E-01 4.493E-02 -2.223E-01 7.935E-02
 5.20200E+01 -1.048E-01 3.691E-02 -2.000E-01 6.608E-02
 5.50600E+01 -9.370E-02 3.024E-02 -1.795E-01 5.481E-02
 5.82800E+01 -8.350E-02 2.476E-02 -1.606E-01 4.539E-02
 6.16900E+01 -7.430E-02 2.030E-02 -1.435E-01 3.758E-02
 6.53000E+01 -6.600E-02 1.670E-02 -1.279E-01 3.120E-02
 6.91300E+01 -5.890E-02 1.381E-02 -1.145E-01 2.599E-02
 7.31700E+01 -5.150E-02 1.153E-02 -1.005E-01 2.187E-02
 7.74600E+01 -4.630E-02 9.688E-03 -9.055E-02 1.848E-02
 8.19900E+01 -4.150E-02 8.168E-03 -8.134E-02 1.566E-02
 8.67900E+01 -3.660E-02 6.877E-03 -7.191E-02 1.325E-02
 9.18700E+01 -3.270E-02 5.747E-03 -6.436E-02 1.112E-02
 9.72400E+01 -2.910E-02 4.755E-03 -5.738E-02 9.233E-03
 1.02900E+02 -2.580E-02 3.925E-03 -5.095E-02 7.647E-03
 1.09000E+02 -2.290E-02 3.266E-03 -4.529E-02 6.382E-03
 1.15300E+02 -2.030E-02 2.752E-03 -4.020E-02 5.392E-03
 1.22100E+02 -1.800E-02 2.340E-03 -3.568E-02 4.596E-03
 1.29200E+02 -1.600E-02 1.986E-03 -3.175E-02 3.908E-03
 1.36800E+02 -1.420E-02 1.667E-03 -2.820E-02 3.287E-03
 1.44800E+02 -1.260E-02 1.384E-03 -2.504E-02 2.733E-03
 1.53300E+02 -1.110E-02 1.148E-03 -2.208E-02 2.271E-03
 1.62200E+02 -9.800E-03 9.529E-04 -1.950E-02 1.887E-03
 1.71700E+02 -8.600E-03 7.905E-04 -1.713E-02 1.567E-03
 1.81800E+02 -7.600E-03 6.552E-04 -1.514E-02 1.300E-03
 1.92400E+02 -6.600E-03 5.430E-04 -1.316E-02 1.079E-03
 2.03700E+02 -5.700E-03 4.479E-04 -1.137E-02 8.907E-04
 2.15600E+02 -4.900E-03 3.686E-04 -9.776E-03 7.336E-04
 2.28200E+02 -4.200E-03 3.031E-04 -8.382E-03 6.037E-04
 2.41600E+02 -3.400E-03 2.492E-04 -6.789E-03 4.967E-04
 2.55700E+02 -2.600E-03 2.048E-04 -5.193E-03 4.085E-04
 2.70700E+02 -1.300E-03 1.687E-04 -2.598E-03 3.370E-04
 2.86500E+02 -8.000E-04 3.521E-03 -1.612E-03 7.036E-03
 3.03300E+02 -1.700E-03 2.903E-03 -3.406E-03 5.796E-03
 3.21100E+02 -2.500E-03 2.390E-03 -4.999E-03 4.768E-03
 3.39900E+02 -2.600E-03 1.971E-03 -5.197E-03 3.932E-03
 3.59700E+02 -2.500E-03 1.622E-03 -4.996E-03 3.236E-03
 3.80800E+02 -2.400E-03 1.327E-03 -4.796E-03 2.648E-03
 4.03100E+02 -2.200E-03 1.079E-03 -4.396E-03 2.153E-03
 4.26700E+02 -2.000E-03 8.872E-04 -3.997E-03 1.771E-03
 4.51700E+02 -1.900E-03 7.315E-04 -3.797E-03 1.460E-03
 4.78100E+02 -1.700E-03 5.982E-04 -3.397E-03 1.194E-03
 5.06100E+02 -1.500E-03 4.893E-04 -2.998E-03 9.771E-04
 5.35700E+02 -1.400E-03 4.028E-04 -2.798E-03 8.045E-04
 5.67000E+02 -1.300E-03 3.280E-04 -2.598E-03 6.551E-04
 6.00200E+02 -1.100E-03 2.675E-04 -2.199E-03 5.344E-04
 6.35400E+02 -1.000E-03 2.178E-04 -1.999E-03 4.352E-04
 6.72500E+02 -9.000E-04 1.759E-04 -1.799E-03 3.515E-04
 7.11900E+02 -8.000E-04 1.452E-04 -1.599E-03 2.902E-04
 7.53600E+02 -7.000E-04 1.174E-04 -1.400E-03 2.346E-04
 7.97700E+02 -7.000E-04 9.461E-05 -1.400E-03 1.891E-04
 8.44400E+02 -5.999E-04 7.664E-05 -1.199E-03 1.532E-04
 8.93800E+02 -5.000E-04 6.182E-05 -9.998E-04 1.236E-04
 9.46100E+02  0.000E+00 4.991E-05  0.000E+00 9.982E-05
 1.00100E+03  0.000E+00 4.037E-05  0.000E+00 8.074E-05
 1.06000E+03  0.000E+00 3.242E-05  0.000E+00 6.484E-05
 1.12200E+03  0.000E+00 2.617E-05  0.000E+00 5.234E-05
 1.18800E+03  0.000E+00 2.108E-05  0.000E+00 4.216E-05
 1.25700E+03  0.000E+00 1.686E-05  0.000E+00 3.372E-05
 1.33100E+03  0.000E+00 1.351E-05  0.000E+00 2.702E-05
 1.40900E+03  0.000E+00 1.085E-05  0.000E+00 2.170E-05
 1.49100E+03  0.000E+00 8.722E-06  0.000E+00 1.744E-05
 1.57800E+03  0.000E+00 6.991E-06  0.000E+00 1.398E-05
 1.67100E+03  0.000E+00 5.601E-06  0.000E+00 1.120E-05
 1.76900E+03  0.000E+00 4.480E-06  0.000E+00 8.960E-06
 1.87200E+03  0.000E+00 3.581E-06  0.000E+00 7.162E-06
 1.98200E+03  0.000E+00 2.860E-06  0.000E+00 5.720E-06
 2.09800E+03  0.000E+00 2.285E-06  0.000E+00 4.570E-06
 2.22100E+03  0.000E+00 1.829E-06  0.000E+00 3.658E-06
 2.35000E+03  0.000E+00 1.458E-06  0.000E+00 2.916E-06
 2.48800E+03  0.000E+00 1.161E-06  0.000E+00 2.322E-06
 2.63400E+03  0.000E+00 9.247E-07  0.000E+00 1.849E-06
 2.78800E+03  0.000E+00 7.378E-07  0.000E+00 1.476E-06
 2.95100E+03  0.000E+00 5.883E-07  0.000E+00 1.177E-06
 3.12400E+03  0.000E+00 4.688E-07  0.000E+00 9.376E-07
 3.30600E+03  0.000E+00 3.731E-07  0.000E+00 7.462E-07
 3.50000E+03  0.000E+00 2.964E-07  0.000E+00 5.928E-07
