18 =ICOMP: Graphite, E parallel to c axis, new eps2 at E > 22 eV                
    E(eV)      Re(n)-1    Im(n)    Re(eps)-1  Im(eps)
1.000000E-06  4.734E-01 3.359E-09  1.171E+00 9.897E-09
1.000000E-05  4.734E-01 3.359E-08  1.171E+00 9.897E-08
1.000000E-04  4.734E-01 3.359E-07  1.171E+00 9.897E-07
6.199000E-04  4.734E-01 2.082E-06  1.171E+00 6.135E-06
8.266000E-04  4.734E-01 2.776E-06  1.171E+00 8.181E-06
1.000000E-03  4.734E-01 3.359E-06  1.171E+00 9.897E-06
1.033000E-03  4.734E-01 3.471E-06  1.171E+00 1.023E-05
1.240000E-03  4.734E-01 4.166E-06  1.171E+00 1.228E-05
1.771000E-03  4.734E-01 5.947E-06  1.171E+00 1.753E-05
2.480000E-03  4.734E-01 8.328E-06  1.171E+00 2.454E-05
3.000000E-03  4.734E-01 1.008E-05  1.171E+00 2.969E-05
3.500000E-03  4.734E-01 1.175E-05  1.171E+00 3.464E-05
4.133000E-03  4.734E-01 1.388E-05  1.171E+00 4.090E-05
4.959000E-03  4.734E-01 1.666E-05  1.171E+00 4.909E-05
6.199000E-03  4.734E-01 2.082E-05  1.171E+00 6.135E-05
7.085000E-03  4.734E-01 2.380E-05  1.171E+00 7.013E-05
8.266000E-03  4.734E-01 2.776E-05  1.171E+00 8.181E-05
9.184000E-03  4.734E-01 3.084E-05  1.171E+00 9.090E-05
1.000000E-02  4.734E-01 3.359E-05  1.171E+00 9.898E-05
1.050000E-02  4.734E-01 3.526E-05  1.171E+00 1.039E-04
1.100000E-02  4.734E-01 3.696E-05  1.171E+00 1.089E-04
1.200000E-02  4.734E-01 4.030E-05  1.171E+00 1.188E-04
1.240000E-02  4.734E-01 4.166E-05  1.171E+00 1.228E-04
1.300000E-02  4.735E-01 4.367E-05  1.171E+00 1.287E-04
1.350000E-02  4.735E-01 4.534E-05  1.171E+00 1.336E-04
1.400000E-02  4.735E-01 4.701E-05  1.171E+00 1.385E-04
1.450000E-02  4.735E-01 4.872E-05  1.171E+00 1.436E-04
1.500000E-02  4.735E-01 5.038E-05  1.171E+00 1.485E-04
1.550000E-02  4.735E-01 5.205E-05  1.171E+00 1.534E-04
1.600000E-02  4.735E-01 5.376E-05  1.171E+00 1.584E-04
1.650000E-02  4.735E-01 5.543E-05  1.171E+00 1.633E-04
1.700000E-02  4.735E-01 5.710E-05  1.171E+00 1.683E-04
1.750000E-02  4.735E-01 5.877E-05  1.171E+00 1.732E-04
1.771000E-02  4.735E-01 5.948E-05  1.171E+00 1.753E-04
1.800000E-02  4.735E-01 6.047E-05  1.171E+00 1.782E-04
1.850000E-02  4.735E-01 6.214E-05  1.171E+00 1.831E-04
1.900000E-02  4.735E-01 6.381E-05  1.171E+00 1.881E-04
1.950000E-02  4.735E-01 6.552E-05  1.171E+00 1.931E-04
2.000000E-02  4.735E-01 6.719E-05  1.171E+00 1.980E-04
2.100000E-02  4.735E-01 7.056E-05  1.171E+00 2.079E-04
2.200000E-02  4.735E-01 7.390E-05  1.171E+00 2.178E-04
2.300000E-02  4.735E-01 7.728E-05  1.171E+00 2.277E-04
2.400000E-02  4.735E-01 8.062E-05  1.171E+00 2.376E-04
2.480000E-02  4.735E-01 8.331E-05  1.171E+00 2.455E-04
2.750000E-02  4.735E-01 9.239E-05  1.171E+00 2.723E-04
3.000000E-02  4.735E-01 1.008E-04  1.171E+00 2.971E-04
3.300000E-02  4.736E-01 1.109E-04  1.171E+00 3.269E-04
3.700000E-02  4.736E-01 1.244E-04  1.172E+00 3.666E-04
4.133000E-02  4.737E-01 1.390E-04  1.172E+00 4.096E-04
4.500000E-02  4.737E-01 1.514E-04  1.172E+00 4.462E-04
4.960000E-02  4.738E-01 1.669E-04  1.172E+00 4.921E-04
5.100000E-02  4.738E-01 1.717E-04  1.172E+00 5.061E-04
5.200000E-02  4.738E-01 1.750E-04  1.172E+00 5.160E-04
5.300000E-02  4.739E-01 1.785E-04  1.172E+00 5.260E-04
5.400000E-02  4.739E-01 1.818E-04  1.172E+00 5.360E-04
5.500000E-02  4.739E-01 1.852E-04  1.172E+00 5.460E-04
5.600000E-02  4.739E-01 1.887E-04  1.172E+00 5.561E-04
5.700000E-02  4.740E-01 1.920E-04  1.173E+00 5.661E-04
5.800000E-02  4.740E-01 1.955E-04  1.173E+00 5.762E-04
5.900000E-02  4.740E-01 1.988E-04  1.173E+00 5.862E-04
6.000000E-02  4.740E-01 2.023E-04  1.173E+00 5.963E-04
6.100000E-02  4.741E-01 2.057E-04  1.173E+00 6.064E-04
6.199000E-02  4.741E-01 2.091E-04  1.173E+00 6.164E-04
6.400000E-02  4.742E-01 2.160E-04  1.173E+00 6.367E-04
6.600000E-02  4.743E-01 2.229E-04  1.173E+00 6.571E-04
6.800000E-02  4.743E-01 2.298E-04  1.174E+00 6.775E-04
7.000000E-02  4.744E-01 2.367E-04  1.174E+00 6.980E-04
7.200000E-02  4.745E-01 2.437E-04  1.174E+00 7.187E-04
7.400000E-02  4.746E-01 2.507E-04  1.175E+00 7.395E-04
7.600000E-02  4.748E-01 2.579E-04  1.175E+00 7.607E-04
7.800000E-02  4.749E-01 2.651E-04  1.175E+00 7.820E-04
8.000000E-02  4.751E-01 2.724E-04  1.176E+00 8.037E-04
8.200000E-02  4.753E-01 2.799E-04  1.177E+00 8.259E-04
8.266000E-02  4.754E-01 2.824E-04  1.177E+00 8.333E-04
8.400000E-02  4.755E-01 2.876E-04  1.177E+00 8.487E-04
8.600000E-02  4.758E-01 2.956E-04  1.178E+00 8.725E-04
8.800000E-02  4.762E-01 3.040E-04  1.179E+00 8.976E-04
9.000000E-02  4.766E-01 3.131E-04  1.180E+00 9.245E-04
9.200000E-02  4.771E-01 3.231E-04  1.182E+00 9.544E-04
9.400000E-02  4.778E-01 3.347E-04  1.184E+00 9.892E-04
9.600000E-02  4.787E-01 3.491E-04  1.187E+00 1.032E-03
9.800000E-02  4.800E-01 3.688E-04  1.190E+00 1.092E-03
1.000000E-01  4.820E-01 4.003E-04  1.196E+00 1.186E-03
1.010000E-01  4.835E-01 4.253E-04  1.201E+00 1.262E-03
1.020000E-01  4.854E-01 4.627E-04  1.206E+00 1.375E-03
1.040000E-01  4.926E-01 6.435E-04  1.228E+00 1.921E-03
1.060000E-01  5.175E-01 1.845E-03  1.303E+00 5.599E-03
1.064000E-01  5.323E-01 2.989E-03  1.348E+00 9.161E-03
1.066000E-01  5.440E-01 4.128E-03  1.384E+00 1.275E-02
1.067000E-01  5.518E-01 4.996E-03  1.408E+00 1.551E-02
1.068000E-01  5.614E-01 6.200E-03  1.438E+00 1.936E-02
1.069000E-01  5.737E-01 7.940E-03  1.477E+00 2.499E-02
1.070000E-01  5.899E-01 1.059E-02  1.528E+00 3.367E-02
1.071000E-01  6.122E-01 1.491E-02  1.599E+00 4.807E-02
1.072000E-01  6.449E-01 2.265E-02  1.705E+00 7.452E-02
1.073000E-01  6.968E-01 3.867E-02  1.878E+00 1.312E-01
1.074000E-01  7.910E-01 8.057E-02  2.201E+00 2.886E-01
1.075000E-01  9.904E-01 2.510E-01  2.899E+00 9.991E-01
1.075800E-01  9.977E-01 9.437E-01  2.100E+00 3.770E+00
1.075900E-01  8.805E-01 1.060E+00  1.413E+00 3.986E+00
1.076000E-01  7.262E-01 1.141E+00  6.776E-01 3.940E+00
1.076500E-01  1.851E-02 9.309E-01 -8.293E-01 1.896E+00
1.077000E-01 -1.207E-01 4.617E-01 -4.401E-01 8.119E-01
1.078000E-01  9.837E-02 1.160E-01  1.930E-01 2.548E-01
1.079000E-01  2.206E-01 4.935E-02  4.873E-01 1.205E-01
1.080000E-01  2.840E-01 2.720E-02  6.480E-01 6.985E-02
1.081000E-01  3.222E-01 1.726E-02  7.480E-01 4.565E-02
1.082000E-01  3.477E-01 1.197E-02  8.161E-01 3.227E-02
1.083000E-01  3.658E-01 8.828E-03  8.653E-01 2.411E-02
1.084000E-01  3.793E-01 6.807E-03  9.024E-01 1.878E-02
1.085000E-01  3.898E-01 5.433E-03  9.315E-01 1.510E-02
1.086000E-01  3.982E-01 4.456E-03  9.548E-01 1.246E-02
1.088000E-01  4.107E-01 3.192E-03  9.900E-01 9.006E-03
1.092000E-01  4.263E-01 1.947E-03  1.034E+00 5.555E-03
1.100000E-01  4.417E-01 1.068E-03  1.079E+00 3.080E-03
1.120000E-01  4.557E-01 5.835E-04  1.119E+00 1.699E-03
1.140000E-01  4.610E-01 4.804E-04  1.134E+00 1.404E-03
1.160000E-01  4.637E-01 4.460E-04  1.142E+00 1.306E-03
1.180000E-01  4.654E-01 4.325E-04  1.147E+00 1.268E-03
1.200000E-01  4.665E-01 4.282E-04  1.151E+00 1.256E-03
1.220000E-01  4.673E-01 4.278E-04  1.153E+00 1.256E-03
1.240000E-01  4.679E-01 4.301E-04  1.155E+00 1.263E-03
1.260000E-01  4.684E-01 4.334E-04  1.156E+00 1.273E-03
1.280000E-01  4.688E-01 4.380E-04  1.157E+00 1.287E-03
1.283000E-01  4.689E-01 4.387E-04  1.158E+00 1.289E-03
1.300000E-01  4.691E-01 4.427E-04  1.158E+00 1.301E-03
1.320000E-01  4.694E-01 4.482E-04  1.159E+00 1.317E-03
1.340000E-01  4.696E-01 4.537E-04  1.160E+00 1.333E-03
1.360000E-01  4.698E-01 4.596E-04  1.160E+00 1.351E-03
1.380000E-01  4.700E-01 4.654E-04  1.161E+00 1.368E-03
1.400000E-01  4.701E-01 4.717E-04  1.161E+00 1.387E-03
1.420000E-01  4.702E-01 4.777E-04  1.162E+00 1.405E-03
1.440000E-01  4.704E-01 4.841E-04  1.162E+00 1.424E-03
1.460000E-01  4.705E-01 4.902E-04  1.162E+00 1.442E-03
1.480000E-01  4.705E-01 4.967E-04  1.163E+00 1.461E-03
1.500000E-01  4.706E-01 5.029E-04  1.163E+00 1.479E-03
1.550000E-01  4.708E-01 5.191E-04  1.163E+00 1.527E-03
1.600000E-01  4.710E-01 5.354E-04  1.164E+00 1.575E-03
1.650000E-01  4.711E-01 5.518E-04  1.164E+00 1.623E-03
1.700000E-01  4.712E-01 5.679E-04  1.164E+00 1.671E-03
1.750000E-01  4.712E-01 5.843E-04  1.165E+00 1.719E-03
1.794000E-01  4.713E-01 5.988E-04  1.165E+00 1.762E-03
1.850000E-01  4.714E-01 6.174E-04  1.165E+00 1.817E-03
1.900000E-01  4.714E-01 6.339E-04  1.165E+00 1.866E-03
1.950000E-01  4.715E-01 6.502E-04  1.165E+00 1.913E-03
2.000000E-01  4.715E-01 6.667E-04  1.165E+00 1.962E-03
2.100000E-01  4.716E-01 6.999E-04  1.166E+00 2.060E-03
2.200000E-01  4.720E-01 7.330E-04  1.167E+00 2.158E-03
2.250000E-01  4.720E-01 7.496E-04  1.167E+00 2.207E-03
2.400000E-01  4.717E-01 7.993E-04  1.166E+00 2.353E-03
2.480000E-01  4.721E-01 8.255E-04  1.167E+00 2.430E-03
2.600000E-01  4.721E-01 8.656E-04  1.167E+00 2.548E-03
2.800000E-01  4.722E-01 9.317E-04  1.167E+00 2.743E-03
3.000000E-01  4.722E-01 9.982E-04  1.167E+00 2.939E-03
3.200000E-01  4.722E-01 1.065E-03  1.167E+00 3.135E-03
3.400000E-01  4.723E-01 1.131E-03  1.168E+00 3.331E-03
3.645000E-01  4.723E-01 1.213E-03  1.168E+00 3.571E-03
3.800000E-01  4.723E-01 1.265E-03  1.168E+00 3.724E-03
4.000000E-01  4.723E-01 1.331E-03  1.168E+00 3.920E-03
4.500000E-01  4.727E-01 1.498E-03  1.169E+00 4.411E-03
5.000000E-01  4.727E-01 1.665E-03  1.169E+00 4.903E-03
5.115000E-01  4.727E-01 1.703E-03  1.169E+00 5.016E-03
5.500000E-01  4.727E-01 1.832E-03  1.169E+00 5.396E-03
5.636000E-01  4.727E-01 1.878E-03  1.169E+00 5.530E-03
5.843000E-01  4.730E-01 1.946E-03  1.170E+00 5.734E-03
6.000000E-01  4.730E-01 1.999E-03  1.170E+00 5.889E-03
6.500000E-01  4.731E-01 2.167E-03  1.170E+00 6.383E-03
7.000000E-01  4.734E-01 2.334E-03  1.171E+00 6.878E-03
7.514000E-01  4.734E-01 2.507E-03  1.171E+00 7.387E-03
8.000000E-01  4.737E-01 2.670E-03  1.172E+00 7.869E-03
8.500000E-01  4.738E-01 2.838E-03  1.172E+00 8.366E-03
9.000000E-01  4.741E-01 3.006E-03  1.173E+00 8.863E-03
9.500000E-01  4.744E-01 3.174E-03  1.174E+00 9.361E-03
9.919000E-01  4.744E-01 3.316E-03  1.174E+00 9.779E-03
1.100000E+00  4.751E-01 3.684E-03  1.176E+00 1.087E-02
1.240000E+00  4.761E-01 4.163E-03  1.179E+00 1.229E-02
1.378000E+00  4.768E-01 4.638E-03  1.181E+00 1.370E-02
1.550000E+00  4.785E-01 5.238E-03  1.186E+00 1.549E-02
1.771000E+00  4.805E-01 6.018E-03  1.192E+00 1.782E-02
1.889000E+00  4.819E-01 6.438E-03  1.196E+00 1.908E-02
2.254000E+00  4.866E-01 7.779E-03  1.210E+00 2.313E-02
2.551000E+00  4.923E-01 8.986E-03  1.227E+00 2.682E-02
2.818000E+00  5.000E-01 1.077E-02  1.250E+00 3.232E-02
2.857000E+00  5.017E-01 1.123E-02  1.255E+00 3.372E-02
3.100000E+00  5.134E-01 1.767E-02  1.290E+00 5.348E-02
3.250000E+00  5.205E-01 2.841E-02  1.311E+00 8.639E-02
3.397000E+00  5.192E-01 4.417E-02  1.306E+00 1.342E-01
3.604000E+00  5.023E-01 5.335E-02  1.254E+00 1.603E-01
3.800000E+00  4.947E-01 4.680E-02  1.232E+00 1.399E-01
4.000000E+00  4.966E-01 4.203E-02  1.238E+00 1.258E-01
4.250000E+00  5.023E-01 4.264E-02  1.255E+00 1.281E-01
4.350000E+00  5.040E-01 4.478E-02  1.260E+00 1.347E-01
4.525000E+00  5.042E-01 5.046E-02  1.260E+00 1.518E-01
4.800000E+00  4.918E-01 4.944E-02  1.223E+00 1.475E-01
4.959000E+00  4.921E-01 3.743E-02  1.225E+00 1.117E-01
5.166000E+00  5.043E-01 2.839E-02  1.262E+00 8.542E-02
5.200000E+00  5.066E-01 2.786E-02  1.269E+00 8.395E-02
5.300000E+00  5.129E-01 2.721E-02  1.288E+00 8.232E-02
5.391000E+00  5.181E-01 2.740E-02  1.304E+00 8.318E-02
5.500000E+00  5.241E-01 2.819E-02  1.322E+00 8.592E-02
5.600000E+00  5.293E-01 2.922E-02  1.338E+00 8.938E-02
5.661000E+00  5.323E-01 2.995E-02  1.347E+00 9.179E-02
5.700000E+00  5.343E-01 3.045E-02  1.353E+00 9.343E-02
5.800000E+00  5.392E-01 3.182E-02  1.368E+00 9.795E-02
5.904000E+00  5.444E-01 3.338E-02  1.384E+00 1.031E-01
6.199000E+00  5.593E-01 3.854E-02  1.430E+00 1.202E-01
6.526000E+00  5.771E-01 4.594E-02  1.485E+00 1.449E-01
6.888000E+00  5.991E-01 5.691E-02  1.554E+00 1.820E-01
7.293000E+00  6.268E-01 7.407E-02  1.641E+00 2.410E-01
7.500000E+00  6.424E-01 8.564E-02  1.690E+00 2.813E-01
7.749000E+00  6.621E-01 1.029E-01  1.752E+00 3.420E-01
8.000000E+00  6.824E-01 1.249E-01  1.815E+00 4.204E-01
8.321000E+00  7.086E-01 1.617E-01  1.893E+00 5.526E-01
8.500000E+00  7.217E-01 1.873E-01  1.929E+00 6.450E-01
8.600000E+00  7.281E-01 2.034E-01  1.945E+00 7.029E-01
8.700000E+00  7.337E-01 2.207E-01  1.957E+00 7.654E-01
8.800000E+00  7.382E-01 2.394E-01  1.964E+00 8.323E-01
8.920000E+00  7.420E-01 2.634E-01  1.965E+00 9.178E-01
9.100000E+00  7.425E-01 3.024E-01  1.945E+00 1.054E+00
9.300000E+00  7.345E-01 3.485E-01  1.887E+00 1.209E+00
9.500000E+00  7.161E-01 3.939E-01  1.790E+00 1.352E+00
9.700000E+00  6.868E-01 4.351E-01  1.656E+00 1.468E+00
9.919000E+00  6.454E-01 4.704E-01  1.486E+00 1.548E+00
1.020000E+01  5.857E-01 4.954E-01  1.269E+00 1.571E+00
1.050700E+01  5.268E-01 5.011E-01  1.080E+00 1.530E+00
1.080000E+01  4.822E-01 4.966E-01  9.503E-01 1.472E+00
1.117000E+01  4.318E-01 4.878E-01  8.122E-01 1.397E+00
1.150000E+01  3.863E-01 4.667E-01  7.039E-01 1.294E+00
1.180800E+01  3.563E-01 4.280E-01  6.565E-01 1.161E+00
1.210000E+01  3.517E-01 3.862E-01  6.781E-01 1.044E+00
1.239900E+01  3.685E-01 3.517E-01  7.492E-01 9.626E-01
1.270000E+01  3.987E-01 3.329E-01  8.454E-01 9.313E-01
1.300000E+01  4.345E-01 3.312E-01  9.480E-01 9.503E-01
1.330000E+01  4.710E-01 3.460E-01  1.044E+00 1.018E+00
1.360000E+01  5.044E-01 3.772E-01  1.121E+00 1.135E+00
1.400000E+01  5.349E-01 4.450E-01  1.158E+00 1.366E+00
1.500000E+01  4.265E-01 6.719E-01  5.834E-01 1.917E+00
1.600000E+01  1.907E-01 6.521E-01 -7.465E-03 1.553E+00
1.700000E+01  1.056E-01 5.694E-01 -1.019E-01 1.259E+00
1.800000E+01  4.564E-02 5.131E-01 -1.699E-01 1.073E+00
1.900000E+01 -6.946E-04 4.430E-01 -1.976E-01 8.853E-01
2.000000E+01 -1.236E-02 3.676E-01 -1.597E-01 7.261E-01
2.100000E+01  5.594E-03 3.094E-01 -8.452E-02 6.223E-01
2.200000E+01  3.655E-02 2.763E-01 -1.880E-03 5.727E-01
2.300000E+01  6.775E-02 2.652E-01  6.974E-02 5.664E-01
2.400000E+01  9.238E-02 2.706E-01  1.201E-01 5.911E-01
2.500000E+01  1.070E-01 2.868E-01  1.431E-01 6.349E-01
2.600000E+01  1.100E-01 3.087E-01  1.369E-01 6.853E-01
2.700000E+01  1.017E-01 3.315E-01  1.038E-01 7.305E-01
2.800000E+01  8.351E-02 3.512E-01  5.065E-02 7.611E-01
2.900000E+01  5.794E-02 3.650E-01 -1.400E-02 7.723E-01
3.000000E+01  2.797E-02 3.713E-01 -8.116E-02 7.634E-01
3.100000E+01 -3.176E-03 3.697E-01 -1.430E-01 7.370E-01
3.200000E+01 -3.314E-02 3.604E-01 -1.951E-01 6.970E-01
3.300000E+01 -5.988E-02 3.444E-01 -2.348E-01 6.476E-01
3.400000E+01 -8.108E-02 3.228E-01 -2.598E-01 5.933E-01
3.500000E+01 -9.439E-02 2.977E-01 -2.685E-01 5.392E-01
3.600000E+01 -9.791E-02 2.725E-01 -2.605E-01 4.917E-01
3.700000E+01 -9.134E-02 2.531E-01 -2.384E-01 4.600E-01
3.800000E+01 -7.819E-02 2.466E-01 -2.111E-01 4.547E-01
3.900000E+01 -6.919E-02 2.595E-01 -2.009E-01 4.830E-01
4.000000E+01 -9.294E-02 2.922E-01 -2.626E-01 5.300E-01
4.200000E+01 -1.533E-01 2.472E-01 -3.442E-01 4.186E-01
4.400000E+01 -1.696E-01 2.012E-01 -3.510E-01 3.342E-01
4.600000E+01 -1.710E-01 1.625E-01 -3.391E-01 2.695E-01
4.800000E+01 -1.653E-01 1.314E-01 -3.205E-01 2.194E-01
5.000000E+01 -1.564E-01 1.067E-01 -2.997E-01 1.801E-01
5.250000E+01 -1.436E-01 8.302E-02 -2.735E-01 1.422E-01
5.400000E+01 -1.358E-01 7.180E-02 -2.583E-01 1.241E-01
5.600000E+01 -1.257E-01 5.954E-02 -2.392E-01 1.041E-01
5.750000E+01 -1.186E-01 5.194E-02 -2.258E-01 9.157E-02
6.000000E+01 -1.075E-01 4.176E-02 -2.051E-01 7.454E-02
6.500000E+01 -8.870E-02 2.777E-02 -1.703E-01 5.061E-02
7.000000E+01 -7.282E-02 1.907E-02 -1.407E-01 3.536E-02
7.500000E+01 -6.073E-02 1.529E-02 -1.180E-01 2.872E-02
8.000000E+01 -5.229E-02 1.245E-02 -1.020E-01 2.360E-02
8.500000E+01 -4.560E-02 1.027E-02 -8.922E-02 1.960E-02
9.000000E+01 -4.016E-02 8.564E-03 -7.879E-02 1.644E-02
9.500000E+01 -3.567E-02 7.207E-03 -7.011E-02 1.390E-02
1.000000E+02 -3.188E-02 6.120E-03 -6.279E-02 1.185E-02
1.100000E+02 -2.592E-02 4.506E-03 -5.119E-02 8.779E-03
1.200000E+02 -2.143E-02 3.403E-03 -4.242E-02 6.661E-03
1.300000E+02 -1.798E-02 2.625E-03 -3.564E-02 5.156E-03
1.400000E+02 -1.524E-02 2.061E-03 -3.026E-02 4.059E-03
1.500000E+02 -1.303E-02 1.644E-03 -2.590E-02 3.245E-03
1.600000E+02 -1.124E-02 1.328E-03 -2.235E-02 2.627E-03
1.700000E+02 -9.727E-03 1.087E-03 -1.936E-02 2.153E-03
1.750000E+02 -9.061E-03 9.874E-04 -1.804E-02 1.957E-03
1.800000E+02 -8.450E-03 8.991E-04 -1.683E-02 1.783E-03
1.900000E+02 -7.352E-03 7.505E-04 -1.465E-02 1.490E-03
2.000000E+02 -6.385E-03 6.325E-04 -1.273E-02 1.257E-03
2.200000E+02 -4.739E-03 4.604E-04 -9.455E-03 9.164E-04
2.400000E+02 -3.247E-03 3.477E-04 -6.484E-03 6.931E-04
2.600000E+02 -1.480E-03 2.842E-04 -2.958E-03 5.675E-04
2.700000E+02  1.150E-05 2.937E-04  2.292E-05 5.875E-04
2.800000E+02  4.158E-03 5.980E-04  8.333E-03 1.201E-03
2.820000E+02  6.614E-03 9.716E-04  1.327E-02 1.956E-03
2.830000E+02  8.673E-03 1.459E-03  1.742E-02 2.943E-03
2.840000E+02  1.190E-02 2.302E-03  2.393E-02 4.659E-03
2.850000E+02  1.768E-02 4.762E-03  3.565E-02 9.693E-03
2.855000E+02  2.290E-02 7.928E-03  4.627E-02 1.622E-02
2.860000E+02  3.125E-02 1.555E-02  6.323E-02 3.208E-02
2.864000E+02  3.819E-02 3.149E-02  7.684E-02 6.538E-02
2.866000E+02  3.694E-02 4.684E-02  7.305E-02 9.715E-02
2.868000E+02  2.507E-02 6.692E-02  4.628E-02 1.372E-01
2.869000E+02  1.477E-02 7.539E-02  2.407E-02 1.530E-01
2.870000E+02  2.703E-03 7.934E-02 -8.801E-04 1.591E-01
2.871000E+02 -9.978E-03 7.722E-02 -2.582E-02 1.529E-01
2.872000E+02 -2.178E-02 7.008E-02 -4.799E-02 1.371E-01
2.874000E+02 -3.673E-02 5.034E-02 -7.464E-02 9.698E-02
2.876000E+02 -3.937E-02 3.397E-02 -7.835E-02 6.527E-02
2.880000E+02 -3.272E-02 1.655E-02 -6.465E-02 3.202E-02
2.885000E+02 -2.403E-02 8.294E-03 -4.756E-02 1.619E-02
2.890000E+02 -1.860E-02 4.926E-03 -3.687E-02 9.668E-03
2.900000E+02 -1.177E-02 2.343E-03 -2.340E-02 4.631E-03
2.905000E+02 -9.236E-03 1.774E-03 -1.839E-02 3.516E-03
2.908000E+02 -6.671E-03 1.532E-03 -1.330E-02 3.043E-03
2.909000E+02 -6.425E-03 1.463E-03 -1.281E-02 2.908E-03
2.909500E+02 -6.304E-03 1.432E-03 -1.257E-02 2.845E-03
2.909800E+02 -6.228E-03 1.413E-03 -1.242E-02 2.808E-03
2.909900E+02 -6.208E-03 1.406E-03 -1.238E-02 2.795E-03
2.909950E+02 -6.198E-03 1.403E-03 -1.236E-02 2.789E-03
2.909980E+02 -6.188E-03 1.402E-03 -1.234E-02 2.786E-03
2.909990E+02 -6.188E-03 1.401E-03 -1.234E-02 2.785E-03
2.910010E+02 -6.167E-03 4.917E-03 -1.232E-02 9.774E-03
2.910020E+02 -6.167E-03 4.917E-03 -1.232E-02 9.773E-03
2.910050E+02 -6.157E-03 4.915E-03 -1.230E-02 9.769E-03
2.910100E+02 -6.147E-03 4.912E-03 -1.228E-02 9.763E-03
2.910200E+02 -6.122E-03 4.905E-03 -1.223E-02 9.750E-03
2.910500E+02 -6.056E-03 4.886E-03 -1.210E-02 9.713E-03
2.911000E+02 -5.946E-03 4.855E-03 -1.188E-02 9.652E-03
2.912000E+02 -5.730E-03 4.796E-03 -1.145E-02 9.537E-03
2.915000E+02 -6.858E-03 4.648E-03 -1.369E-02 9.232E-03
2.920000E+02 -6.788E-03 4.445E-03 -1.355E-02 8.830E-03
2.930000E+02 -6.281E-03 4.166E-03 -1.254E-02 8.279E-03
2.940000E+02 -5.809E-03 3.981E-03 -1.160E-02 7.915E-03
2.960000E+02 -5.136E-03 3.745E-03 -1.026E-02 7.451E-03
3.000000E+02 -4.429E-03 3.472E-03 -8.851E-03 6.914E-03
3.100000E+02 -3.827E-03 3.064E-03 -7.648E-03 6.104E-03
3.200000E+02 -3.612E-03 2.754E-03 -7.218E-03 5.489E-03
3.400000E+02 -3.366E-03 2.259E-03 -6.726E-03 4.503E-03
3.600000E+02 -3.149E-03 1.872E-03 -6.291E-03 3.732E-03
3.800000E+02 -2.934E-03 1.564E-03 -5.862E-03 3.118E-03
4.000000E+02 -2.726E-03 1.316E-03 -5.447E-03 2.624E-03
4.500000E+02 -2.268E-03 8.790E-04 -4.532E-03 1.754E-03
5.000000E+02 -1.885E-03 6.081E-04 -3.767E-03 1.214E-03
5.500000E+02 -1.582E-03 4.335E-04 -3.162E-03 8.656E-04
6.000000E+02 -1.341E-03 3.170E-04 -2.681E-03 6.331E-04
6.500000E+02 -1.148E-03 2.370E-04 -2.295E-03 4.734E-04
7.000000E+02 -9.925E-04 1.806E-04 -1.984E-03 3.608E-04
7.500000E+02 -8.649E-04 1.400E-04 -1.729E-03 2.797E-04
8.000000E+02 -7.598E-04 1.101E-04 -1.519E-03 2.200E-04
8.500000E+02 -6.717E-04 8.776E-05 -1.343E-03 1.754E-04
9.000000E+02 -5.982E-04 7.079E-05 -1.196E-03 1.415E-04
9.500000E+02 -5.361E-04 5.773E-05 -1.072E-03 1.154E-04
1.000000E+03 -4.830E-04 4.750E-05 -9.657E-04 9.496E-05
1.100000E+03 -3.978E-04 3.303E-05 -7.955E-04 6.603E-05
1.200000E+03 -3.322E-04 2.365E-05 -6.643E-04 4.729E-05
1.300000E+03 -2.829E-04 1.737E-05 -5.657E-04 3.473E-05
1.400000E+03 -2.420E-04 1.303E-05 -4.839E-04 2.606E-05
1.500000E+03 -2.101E-04 9.962E-06 -4.202E-04 1.992E-05
1.600000E+03 -1.841E-04 7.741E-06 -3.682E-04 1.548E-05
1.700000E+03 -1.625E-04 6.106E-06 -3.250E-04 1.221E-05
1.800000E+03 -1.473E-04 4.876E-06 -2.946E-04 9.751E-06
1.900000E+03 -1.316E-04 3.941E-06 -2.631E-04 7.880E-06
2.000000E+03 -1.187E-04 3.217E-06 -2.373E-04 6.434E-06
2.500000E+03 -7.845E-05 1.324E-06 -1.569E-04 2.647E-06
3.000000E+03 -5.140E-05 6.375E-07 -1.028E-04 1.275E-06
4.000000E+03 -2.875E-05 1.992E-07 -5.749E-05 3.983E-07
5.000000E+03 -1.834E-05 8.015E-08 -3.668E-05 1.603E-07
6.000000E+03 -1.271E-05 3.790E-08 -2.542E-05 7.580E-08
8.000000E+03 -7.135E-06 1.154E-08 -1.427E-05 2.308E-08
1.000000E+04 -4.561E-06 4.559E-09 -9.121E-06 9.118E-09
1.200000E+04 -3.165E-06 2.672E-09 -6.330E-06 5.344E-09
1.400000E+04 -2.325E-06 1.314E-09 -4.649E-06 2.628E-09
1.600000E+04 -1.780E-06 6.675E-10 -3.559E-06 1.335E-09
1.800000E+04 -1.406E-06 4.090E-10 -2.811E-06 8.179E-10
2.000000E+04 -1.139E-06 2.472E-10 -2.277E-06 4.944E-10
