33	= IDIEL for maghemite gamma-Fe2O3                                            
    E(eV)      Re(n)-1    Im(n)    Re(eps)-1   Im(eps)
1.000000E-05  4.594E+00 5.982E-04  3.030E+01  6.693E-03
1.240000E-05  4.594E+00 7.418E-04  3.030E+01  8.299E-03
1.771000E-05  4.594E+00 1.059E-03  3.030E+01  1.185E-02
2.000000E-05  4.594E+00 1.196E-03  3.030E+01  1.339E-02
2.480000E-05  4.594E+00 1.484E-03  3.030E+01  1.660E-02
4.133000E-05  4.594E+00 2.472E-03  3.030E+01  2.766E-02
5.000000E-05  4.594E+00 2.991E-03  3.030E+01  3.347E-02
6.199000E-05  4.594E+00 3.708E-03  3.030E+01  4.149E-02
8.266000E-05  4.594E+00 4.945E-03  3.030E+01  5.533E-02
1.000000E-04  4.594E+00 5.982E-03  3.030E+01  6.693E-02
1.127000E-04  4.594E+00 6.742E-03  3.030E+01  7.543E-02
1.240000E-04  4.594E+00 7.418E-03  3.030E+01  8.300E-02
1.378000E-04  4.594E+00 8.243E-03  3.030E+01  9.223E-02
1.771000E-04  4.594E+00 1.059E-02  3.030E+01  1.185E-01
2.000000E-04  4.594E+00 1.196E-02  3.030E+01  1.339E-01
2.480000E-04  4.594E+00 1.484E-02  3.030E+01  1.660E-01
3.100000E-04  4.594E+00 1.855E-02  3.030E+01  2.075E-01
4.133000E-04  4.595E+00 2.473E-02  3.030E+01  2.767E-01
5.000000E-04  4.595E+00 2.992E-02  3.030E+01  3.348E-01
6.199000E-04  4.595E+00 3.710E-02  3.030E+01  4.152E-01
8.266000E-04  4.595E+00 4.950E-02  3.030E+01  5.539E-01
1.000000E-03  4.595E+00 5.991E-02  3.031E+01  6.704E-01
1.033000E-03  4.595E+00 6.189E-02  3.031E+01  6.926E-01
1.240000E-03  4.596E+00 7.434E-02  3.031E+01  8.320E-01
1.378000E-03  4.596E+00 8.266E-02  3.031E+01  9.252E-01
1.555000E-03  4.597E+00 9.334E-02  3.032E+01  1.045E+00
1.653000E-03  4.597E+00 9.927E-02  3.032E+01  1.111E+00
1.771000E-03  4.598E+00 1.064E-01  3.032E+01  1.191E+00
1.829000E-03  4.598E+00 1.099E-01  3.032E+01  1.231E+00
1.885000E-03  4.598E+00 1.133E-01  3.033E+01  1.269E+00
1.944000E-03  4.598E+00 1.169E-01  3.033E+01  1.309E+00
2.000000E-03  4.599E+00 1.203E-01  3.033E+01  1.347E+00
2.073000E-03  4.599E+00 1.248E-01  3.033E+01  1.397E+00
2.262000E-03  4.600E+00 1.363E-01  3.034E+01  1.527E+00
2.480000E-03  4.601E+00 1.497E-01  3.035E+01  1.677E+00
2.764000E-03  4.602E+00 1.672E-01  3.036E+01  1.873E+00
3.110000E-03  4.604E+00 1.886E-01  3.037E+01  2.114E+00
3.554000E-03  4.607E+00 2.165E-01  3.040E+01  2.428E+00
4.133000E-03  4.612E+00 2.534E-01  3.043E+01  2.844E+00
4.509000E-03  4.615E+00 2.777E-01  3.045E+01  3.119E+00
4.769000E-03  4.617E+00 2.947E-01  3.047E+01  3.311E+00
4.959000E-03  4.619E+00 3.073E-01  3.048E+01  3.453E+00
5.000000E-03  4.620E+00 3.100E-01  3.048E+01  3.484E+00
5.166000E-03  4.621E+00 3.211E-01  3.050E+01  3.610E+00
5.510000E-03  4.625E+00 3.442E-01  3.052E+01  3.872E+00
6.199000E-03  4.632E+00 3.917E-01  3.057E+01  4.413E+00
7.085000E-03  4.643E+00 4.552E-01  3.063E+01  5.137E+00
8.266000E-03  4.657E+00 5.446E-01  3.071E+01  6.162E+00
9.184000E-03  4.669E+00 6.186E-01  3.076E+01  7.013E+00
1.000000E-02  4.679E+00 6.879E-01  3.078E+01  7.814E+00
1.050000E-02  4.685E+00 7.323E-01  3.078E+01  8.326E+00
1.100000E-02  4.690E+00 7.781E-01  3.078E+01  8.855E+00
1.200000E-02  4.700E+00 8.743E-01  3.072E+01  9.967E+00
1.240000E-02  4.702E+00 9.146E-01  3.068E+01  1.043E+01
1.300000E-02  4.705E+00 9.771E-01  3.060E+01  1.115E+01
1.350000E-02  4.706E+00 1.031E+00  3.050E+01  1.177E+01
1.400000E-02  4.706E+00 1.086E+00  3.038E+01  1.240E+01
1.450000E-02  4.704E+00 1.144E+00  3.023E+01  1.305E+01
1.500000E-02  4.701E+00 1.202E+00  3.005E+01  1.371E+01
1.550000E-02  4.695E+00 1.262E+00  2.984E+01  1.438E+01
1.600000E-02  4.687E+00 1.324E+00  2.958E+01  1.506E+01
1.650000E-02  4.676E+00 1.387E+00  2.929E+01  1.574E+01
1.700000E-02  4.662E+00 1.450E+00  2.896E+01  1.643E+01
1.750000E-02  4.646E+00 1.515E+00  2.858E+01  1.711E+01
1.771000E-02  4.638E+00 1.542E+00  2.841E+01  1.739E+01
1.798000E-02  4.627E+00 1.577E+00  2.818E+01  1.775E+01
1.800000E-02  4.626E+00 1.580E+00  2.816E+01  1.778E+01
1.850000E-02  4.604E+00 1.645E+00  2.769E+01  1.844E+01
1.900000E-02  4.577E+00 1.710E+00  2.718E+01  1.907E+01
1.950000E-02  4.547E+00 1.774E+00  2.662E+01  1.969E+01
2.000000E-02  4.514E+00 1.838E+00  2.603E+01  2.027E+01
2.100000E-02  4.437E+00 1.960E+00  2.472E+01  2.131E+01
2.200000E-02  4.348E+00 2.072E+00  2.330E+01  2.216E+01
2.300000E-02  4.249E+00 2.172E+00  2.183E+01  2.281E+01
2.400000E-02  4.144E+00 2.259E+00  2.036E+01  2.324E+01
2.480000E-02  4.060E+00 2.317E+00  1.923E+01  2.344E+01
2.591000E-02  3.945E+00 2.383E+00  1.777E+01  2.357E+01
2.600000E-02  3.936E+00 2.388E+00  1.766E+01  2.357E+01
2.700000E-02  3.841E+00 2.435E+00  1.650E+01  2.358E+01
2.800000E-02  3.755E+00 2.476E+00  1.548E+01  2.355E+01
2.900000E-02  3.679E+00 2.516E+00  1.456E+01  2.355E+01
3.000000E-02  3.612E+00 2.560E+00  1.371E+01  2.361E+01
3.100000E-02  3.549E+00 2.613E+00  1.287E+01  2.377E+01
3.200000E-02  3.485E+00 2.676E+00  1.196E+01  2.400E+01
3.300000E-02  3.413E+00 2.749E+00  1.092E+01  2.426E+01
3.400000E-02  3.328E+00 2.828E+00  9.735E+00  2.448E+01
3.500000E-02  3.225E+00 2.906E+00  8.403E+00  2.455E+01
3.600000E-02  3.104E+00 2.975E+00  6.990E+00  2.442E+01
3.707000E-02  2.960E+00 3.030E+00  5.503E+00  2.400E+01
3.800000E-02  2.831E+00 3.057E+00  4.328E+00  2.342E+01
4.000000E-02  2.574E+00 3.059E+00  2.412E+00  2.187E+01
4.133000E-02  2.436E+00 3.038E+00  1.581E+00  2.088E+01
4.200000E-02  2.378E+00 3.027E+00  1.247E+00  2.045E+01
4.400000E-02  2.231E+00 3.022E+00  3.075E-01  1.952E+01
4.600000E-02  2.076E+00 3.064E+00 -9.273E-01  1.885E+01
4.800000E-02  1.865E+00 3.123E+00 -2.544E+00  1.789E+01
4.885000E-02  1.755E+00 3.137E+00 -3.250E+00  1.729E+01
4.960000E-02  1.652E+00 3.140E+00 -3.827E+00  1.665E+01
5.000000E-02  1.595E+00 3.137E+00 -4.107E+00  1.628E+01
5.200000E-02  1.310E+00 3.072E+00 -5.097E+00  1.419E+01
5.400000E-02  1.060E+00 2.934E+00 -5.367E+00  1.209E+01
5.600000E-02  8.697E-01 2.755E+00 -5.094E+00  1.030E+01
5.800000E-02  7.466E-01 2.566E+00 -4.536E+00  8.965E+00
6.000000E-02  6.831E-01 2.399E+00 -3.923E+00  8.076E+00
6.199000E-02  6.573E-01 2.280E+00 -3.453E+00  7.558E+00
6.400000E-02  6.280E-01 2.220E+00 -3.276E+00  7.227E+00
6.600000E-02  5.518E-01 2.193E+00 -3.399E+00  6.805E+00
6.646000E-02  5.260E-01 2.185E+00 -3.447E+00  6.669E+00
6.700000E-02  4.923E-01 2.174E+00 -3.501E+00  6.490E+00
6.800000E-02  4.232E-01 2.145E+00 -3.575E+00  6.105E+00
7.000000E-02  2.803E-01 2.045E+00 -3.542E+00  5.236E+00
7.200000E-02  1.614E-01 1.901E+00 -3.265E+00  4.416E+00
7.400000E-02  8.300E-02 1.737E+00 -2.844E+00  3.762E+00
7.600000E-02  4.765E-02 1.576E+00 -2.385E+00  3.302E+00
7.800000E-02  4.438E-02 1.445E+00 -1.999E+00  3.019E+00
8.000000E-02  2.619E-02 1.357E+00 -1.789E+00  2.786E+00
8.022000E-02  2.098E-02 1.348E+00 -1.774E+00  2.752E+00
8.200000E-02 -3.304E-02 1.250E+00 -1.626E+00  2.417E+00
8.266000E-02 -5.094E-02 1.202E+00 -1.545E+00  2.282E+00
8.400000E-02 -7.316E-02 1.096E+00 -1.343E+00  2.033E+00
8.600000E-02 -7.046E-02 9.358E-01 -1.012E+00  1.740E+00
8.800000E-02 -3.550E-02 7.892E-01 -6.926E-01  1.522E+00
9.000000E-02  1.967E-02 6.639E-01 -4.010E-01  1.354E+00
9.200000E-02  8.525E-02 5.610E-01 -1.369E-01  1.218E+00
9.400000E-02  1.539E-01 4.784E-01  1.025E-01  1.104E+00
9.600000E-02  2.210E-01 4.126E-01  3.206E-01  1.008E+00
9.800000E-02  2.843E-01 3.598E-01  5.200E-01  9.243E-01
1.000000E-01  3.430E-01 3.170E-01  7.032E-01  8.514E-01
1.010000E-01  3.706E-01 2.986E-01  7.893E-01  8.184E-01
1.020000E-01  3.969E-01 2.818E-01  8.720E-01  7.873E-01
1.040000E-01  4.463E-01 2.525E-01  1.028E+00  7.303E-01
1.060000E-01  4.916E-01 2.277E-01  1.173E+00  6.794E-01
1.080000E-01  5.331E-01 2.067E-01  1.308E+00  6.337E-01
1.100000E-01  5.712E-01 1.885E-01  1.433E+00  5.925E-01
1.120000E-01  6.063E-01 1.728E-01  1.550E+00  5.552E-01
1.140000E-01  6.388E-01 1.590E-01  1.660E+00  5.212E-01
1.160000E-01  6.688E-01 1.469E-01  1.763E+00  4.903E-01
1.180000E-01  6.966E-01 1.362E-01  1.860E+00  4.621E-01
1.200000E-01  7.225E-01 1.266E-01  1.951E+00  4.362E-01
1.220000E-01  7.466E-01 1.180E-01  2.037E+00  4.123E-01
1.240000E-01  7.691E-01 1.103E-01  2.118E+00  3.904E-01
1.260000E-01  7.902E-01 1.034E-01  2.194E+00  3.702E-01
1.280000E-01  8.099E-01 9.710E-02  2.266E+00  3.515E-01
1.283000E-01  8.128E-01 9.620E-02  2.277E+00  3.488E-01
1.300000E-01  8.285E-01 9.137E-02  2.335E+00  3.341E-01
1.320000E-01  8.459E-01 8.615E-02  2.400E+00  3.180E-01
1.340000E-01  8.624E-01 8.137E-02  2.462E+00  3.031E-01
1.360000E-01  8.779E-01 7.699E-02  2.520E+00  2.892E-01
1.380000E-01  8.925E-01 7.297E-02  2.576E+00  2.762E-01
1.400000E-01  9.064E-01 6.926E-02  2.629E+00  2.641E-01
1.420000E-01  9.195E-01 6.584E-02  2.680E+00  2.528E-01
1.440000E-01  9.319E-01 6.267E-02  2.728E+00  2.422E-01
1.460000E-01  9.437E-01 5.974E-02  2.775E+00  2.322E-01
1.480000E-01  9.550E-01 5.702E-02  2.819E+00  2.229E-01
1.500000E-01  9.656E-01 5.448E-02  2.861E+00  2.142E-01
1.550000E-01  9.902E-01 4.887E-02  2.958E+00  1.945E-01
1.600000E-01  1.012E+00 4.414E-02  3.046E+00  1.776E-01
1.650000E-01  1.032E+00 4.011E-02  3.126E+00  1.630E-01
1.700000E-01  1.049E+00 3.665E-02  3.198E+00  1.502E-01
1.750000E-01  1.065E+00 3.367E-02  3.264E+00  1.391E-01
1.794000E-01  1.078E+00 3.138E-02  3.317E+00  1.304E-01
1.850000E-01  1.093E+00 2.884E-02  3.378E+00  1.207E-01
1.900000E-01  1.105E+00 2.687E-02  3.428E+00  1.131E-01
1.950000E-01  1.115E+00 2.515E-02  3.474E+00  1.064E-01
2.000000E-01  1.125E+00 2.363E-02  3.517E+00  1.004E-01
2.100000E-01  1.143E+00 2.109E-02  3.593E+00  9.039E-02
2.200000E-01  1.158E+00 1.909E-02  3.658E+00  8.240E-02
2.250000E-01  1.165E+00 1.825E-02  3.687E+00  7.901E-02
2.400000E-01  1.183E+00 1.623E-02  3.764E+00  7.083E-02
2.480000E-01  1.191E+00 1.539E-02  3.799E+00  6.743E-02
2.600000E-01  1.201E+00 1.438E-02  3.846E+00  6.332E-02
2.800000E-01  1.216E+00 1.319E-02  3.911E+00  5.847E-02
3.000000E-01  1.228E+00 1.244E-02  3.962E+00  5.543E-02
3.200000E-01  1.237E+00 1.199E-02  4.005E+00  5.365E-02
3.400000E-01  1.245E+00 1.175E-02  4.040E+00  5.277E-02
3.645000E-01  1.253E+00 1.167E-02  4.075E+00  5.258E-02
3.800000E-01  1.257E+00 1.170E-02  4.095E+00  5.283E-02
4.000000E-01  1.262E+00 1.182E-02  4.116E+00  5.348E-02
4.500000E-01  1.271E+00 1.238E-02  4.157E+00  5.622E-02
5.000000E-01  1.278E+00 1.317E-02  4.188E+00  5.999E-02
5.115000E-01  1.279E+00 1.337E-02  4.193E+00  6.094E-02
5.500000E-01  1.283E+00 1.409E-02  4.210E+00  6.433E-02
5.636000E-01  1.284E+00 1.436E-02  4.216E+00  6.557E-02
5.843000E-01  1.285E+00 1.477E-02  4.223E+00  6.753E-02
6.000000E-01  1.287E+00 1.510E-02  4.228E+00  6.904E-02
6.500000E-01  1.290E+00 1.615E-02  4.243E+00  7.398E-02
7.000000E-01  1.292E+00 1.725E-02  4.254E+00  7.907E-02
7.514000E-01  1.295E+00 1.840E-02  4.265E+00  8.442E-02
8.000000E-01  1.296E+00 1.950E-02  4.273E+00  8.955E-02
8.500000E-01  1.298E+00 2.064E-02  4.281E+00  9.488E-02
9.000000E-01  1.300E+00 2.180E-02  4.288E+00  1.003E-01
9.500000E-01  1.301E+00 2.296E-02  4.294E+00  1.057E-01
9.919000E-01  1.302E+00 2.393E-02  4.300E+00  1.102E-01
1.000000E+00  1.302E+00 2.412E-02  4.301E+00  1.111E-01
1.100000E+00  1.305E+00 2.645E-02  4.312E+00  1.219E-01
1.240000E+00  1.308E+00 2.974E-02  4.327E+00  1.373E-01
1.378000E+00  1.312E+00 3.299E-02  4.342E+00  1.525E-01
1.550000E+00  1.316E+00 3.702E-02  4.360E+00  1.715E-01
1.771000E+00  1.321E+00 4.222E-02  4.385E+00  1.960E-01
1.889000E+00  1.324E+00 4.505E-02  4.399E+00  2.094E-01
2.254000E+00  1.337E+00 5.154E-02  4.461E+00  2.410E-01
2.551000E+00  1.346E+00 6.200E-02  4.501E+00  2.909E-01
2.818000E+00  1.364E+00 6.723E-02  4.583E+00  3.178E-01
2.857000E+00  1.366E+00 6.982E-02  4.594E+00  3.304E-01
3.100000E+00  1.373E+00 8.536E-02  4.624E+00  4.051E-01
3.250000E+00  1.374E+00 9.035E-02  4.629E+00  4.290E-01
3.397000E+00  1.376E+00 9.150E-02  4.639E+00  4.349E-01
3.604000E+00  1.383E+00 8.891E-02  4.673E+00  4.238E-01
3.800000E+00  1.397E+00 8.536E-02  4.738E+00  4.092E-01
4.000000E+00  1.414E+00 8.388E-02  4.821E+00  4.050E-01
4.250000E+00  1.440E+00 8.196E-02  4.948E+00  4.000E-01
4.350000E+00  1.452E+00 8.149E-02  5.007E+00  3.997E-01
4.525000E+00  1.476E+00 8.056E-02  5.123E+00  3.989E-01
4.800000E+00  1.525E+00 8.040E-02  5.369E+00  4.060E-01
4.959000E+00  1.559E+00 8.567E-02  5.540E+00  4.384E-01
5.166000E+00  1.606E+00 9.799E-02  5.784E+00  5.108E-01
5.200000E+00  1.615E+00 1.006E-01  5.826E+00  5.260E-01
5.300000E+00  1.639E+00 1.084E-01  5.955E+00  5.720E-01
5.391000E+00  1.664E+00 1.168E-01  6.085E+00  6.223E-01
5.500000E+00  1.697E+00 1.298E-01  6.257E+00  7.000E-01
5.600000E+00  1.728E+00 1.475E-01  6.420E+00  8.050E-01
5.661000E+00  1.746E+00 1.600E-01  6.516E+00  8.789E-01
5.700000E+00  1.758E+00 1.686E-01  6.576E+00  9.300E-01
5.800000E+00  1.786E+00 1.924E-01  6.724E+00  1.072E+00
5.904000E+00  1.814E+00 2.194E-01  6.873E+00  1.235E+00
6.199000E+00  1.890E+00 3.097E-01  7.257E+00  1.790E+00
6.526000E+00  1.961E+00 4.336E-01  7.582E+00  2.568E+00
6.888000E+00  2.016E+00 6.026E-01  7.733E+00  3.635E+00
7.293000E+00  2.008E+00 8.162E-01  7.381E+00  4.910E+00
7.500000E+00  1.985E+00 9.046E-01  7.089E+00  5.400E+00
7.749000E+00  1.955E+00 1.015E+00  6.699E+00  5.998E+00
8.000000E+00  1.914E+00 1.115E+00  6.245E+00  6.500E+00
8.321000E+00  1.851E+00 1.249E+00  5.568E+00  7.124E+00
8.500000E+00  1.806E+00 1.319E+00  5.133E+00  7.400E+00
8.600000E+00  1.778E+00 1.356E+00  4.881E+00  7.532E+00
8.700000E+00  1.749E+00 1.391E+00  4.625E+00  7.648E+00
8.800000E+00  1.719E+00 1.425E+00  4.365E+00  7.748E+00
8.920000E+00  1.682E+00 1.463E+00  4.050E+00  7.847E+00
9.100000E+00  1.622E+00 1.516E+00  3.579E+00  7.952E+00
9.300000E+00  1.554E+00 1.568E+00  3.066E+00  8.008E+00
9.500000E+00  1.483E+00 1.611E+00  2.570E+00  8.000E+00
9.700000E+00  1.429E+00 1.626E+00  2.256E+00  7.900E+00
9.919000E+00  1.416E+00 1.706E+00  1.928E+00  8.243E+00
1.020000E+01  1.266E+00 1.826E+00  7.999E-01  8.272E+00
1.050700E+01  1.106E+00 1.873E+00 -7.255E-02  7.890E+00
1.080000E+01  9.517E-01 1.897E+00 -7.885E-01  7.404E+00
1.117000E+01  7.685E-01 1.883E+00 -1.418E+00  6.660E+00
1.150000E+01  6.221E-01 1.849E+00 -1.789E+00  6.000E+00
1.180800E+01  4.950E-01 1.799E+00 -2.002E+00  5.380E+00
1.210000E+01  3.978E-01 1.729E+00 -2.036E+00  4.834E+00
1.239900E+01  3.148E-01 1.653E+00 -2.004E+00  4.347E+00
1.270000E+01  2.770E-01 1.575E+00 -1.849E+00  4.022E+00
1.300000E+01  2.467E-01 1.524E+00 -1.768E+00  3.800E+00
1.330000E+01  2.170E-01 1.482E+00 -1.716E+00  3.608E+00
1.360000E+01  1.924E-01 1.449E+00 -1.678E+00  3.456E+00
1.400000E+01  1.534E-01 1.431E+00 -1.716E+00  3.300E+00
1.500000E+01  3.276E-02 1.307E+00 -1.642E+00  2.700E+00
1.600000E+01 -5.743E-02 1.220E+00 -1.600E+00  2.300E+00
1.700000E+01 -1.412E-01 1.106E+00 -1.486E+00  1.900E+00
1.800000E+01 -1.703E-01 1.024E+00 -1.361E+00  1.700E+00
1.900000E+01 -2.177E-01 9.587E-01 -1.307E+00  1.500E+00
2.000000E+01 -2.695E-01 8.898E-01 -1.258E+00  1.300E+00
2.100000E+01 -3.216E-01 8.107E-01 -1.197E+00  1.100E+00
2.200000E+01 -3.671E-01 7.110E-01 -1.105E+00  9.000E-01
2.300000E+01 -3.566E-01 5.828E-01 -9.257E-01  7.500E-01
2.400000E+01 -3.119E-01 5.182E-01 -7.951E-01  7.132E-01
2.500000E+01 -2.826E-01 4.783E-01 -7.141E-01  6.863E-01
2.600000E+01 -2.635E-01 4.470E-01 -6.573E-01  6.584E-01
2.700000E+01 -2.495E-01 4.198E-01 -6.129E-01  6.302E-01
2.800000E+01 -2.385E-01 3.955E-01 -5.765E-01  6.023E-01
2.900000E+01 -2.295E-01 3.733E-01 -5.457E-01  5.752E-01
3.000000E+01 -2.219E-01 3.527E-01 -5.189E-01  5.489E-01
3.200000E+01 -2.087E-01 3.158E-01 -4.736E-01  4.998E-01
3.400000E+01 -1.973E-01 2.838E-01 -4.361E-01  4.556E-01
3.600000E+01 -1.866E-01 2.558E-01 -4.038E-01  4.161E-01
3.800000E+01 -1.765E-01 2.313E-01 -3.753E-01  3.810E-01
4.000000E+01 -1.669E-01 2.101E-01 -3.500E-01  3.500E-01
4.200000E+01 -1.578E-01 1.915E-01 -3.273E-01  3.225E-01
4.400000E+01 -1.491E-01 1.753E-01 -3.066E-01  2.983E-01
4.470000E+01 -1.461E-01 1.700E-01 -2.998E-01  2.904E-01
4.500000E+01 -1.449E-01 1.679E-01 -2.970E-01  2.872E-01
4.600000E+01 -1.409E-01 1.610E-01 -2.878E-01  2.767E-01
4.700000E+01 -1.369E-01 1.546E-01 -2.789E-01  2.669E-01
4.800000E+01 -1.330E-01 1.487E-01 -2.704E-01  2.578E-01
4.900000E+01 -1.293E-01 1.431E-01 -2.623E-01  2.492E-01
5.000000E+01 -1.257E-01 1.379E-01 -2.546E-01  2.412E-01
5.100000E+01 -1.223E-01 1.330E-01 -2.473E-01  2.335E-01
5.200000E+01 -1.189E-01 1.283E-01 -2.402E-01  2.261E-01
5.250000E+01 -1.173E-01 1.261E-01 -2.367E-01  2.226E-01
5.290000E+01 -1.160E-01 1.243E-01 -2.339E-01  2.198E-01
5.330000E+01 -1.146E-01 1.226E-01 -2.310E-01  2.171E-01
5.370000E+01 -1.132E-01 1.209E-01 -2.282E-01  2.145E-01
5.410000E+01 -1.118E-01 1.193E-01 -2.253E-01  2.120E-01
5.450000E+01 -1.104E-01 1.179E-01 -2.225E-01  2.097E-01
5.490000E+01 -1.090E-01 1.164E-01 -2.196E-01  2.074E-01
5.530000E+01 -1.075E-01 1.151E-01 -2.167E-01  2.054E-01
5.570000E+01 -1.061E-01 1.138E-01 -2.138E-01  2.035E-01
5.610000E+01 -1.046E-01 1.127E-01 -2.110E-01  2.019E-01
5.650000E+01 -1.033E-01 1.119E-01 -2.084E-01  2.006E-01
5.690000E+01 -1.020E-01 1.111E-01 -2.060E-01  1.995E-01
5.730000E+01 -1.010E-01 1.103E-01 -2.039E-01  1.983E-01
5.770000E+01 -1.000E-01 1.096E-01 -2.020E-01  1.972E-01
5.810000E+01 -9.909E-02 1.088E-01 -2.002E-01  1.961E-01
5.850000E+01 -9.829E-02 1.081E-01 -1.986E-01  1.950E-01
5.890000E+01 -9.760E-02 1.074E-01 -1.972E-01  1.939E-01
5.990000E+01 -9.601E-02 1.054E-01 -1.939E-01  1.906E-01
6.090000E+01 -9.452E-02 1.035E-01 -1.908E-01  1.874E-01
6.190000E+01 -9.324E-02 1.016E-01 -1.881E-01  1.842E-01
6.240000E+01 -9.268E-02 1.007E-01 -1.869E-01  1.827E-01
6.290000E+01 -9.217E-02 9.980E-02 -1.858E-01  1.812E-01
6.390000E+01 -9.142E-02 9.812E-02 -1.841E-01  1.783E-01
6.490000E+01 -9.095E-02 9.631E-02 -1.829E-01  1.751E-01
6.500000E+01 -9.091E-02 9.614E-02 -1.828E-01  1.748E-01
6.600000E+01 -9.141E-02 9.460E-02 -1.834E-01  1.719E-01
6.700000E+01 -9.197E-02 9.124E-02 -1.838E-01  1.657E-01
6.800000E+01 -9.153E-02 8.784E-02 -1.824E-01  1.596E-01
6.900000E+01 -9.074E-02 8.457E-02 -1.804E-01  1.538E-01
7.000000E+01 -8.971E-02 8.146E-02 -1.780E-01  1.483E-01
7.100000E+01 -8.849E-02 7.850E-02 -1.753E-01  1.431E-01
7.200000E+01 -8.712E-02 7.586E-02 -1.724E-01  1.385E-01
7.300000E+01 -8.585E-02 7.335E-02 -1.697E-01  1.341E-01
7.350000E+01 -8.518E-02 7.215E-02 -1.683E-01  1.320E-01
7.400000E+01 -8.456E-02 7.100E-02 -1.670E-01  1.300E-01
7.500000E+01 -8.326E-02 6.872E-02 -1.643E-01  1.260E-01
7.600000E+01 -8.200E-02 6.656E-02 -1.617E-01  1.222E-01
7.700000E+01 -8.068E-02 6.450E-02 -1.590E-01  1.186E-01
7.800000E+01 -7.945E-02 6.252E-02 -1.565E-01  1.151E-01
7.900000E+01 -7.817E-02 6.059E-02 -1.539E-01  1.117E-01
8.000000E+01 -7.699E-02 5.878E-02 -1.515E-01  1.085E-01
8.100000E+01 -7.575E-02 5.697E-02 -1.490E-01  1.053E-01
8.200000E+01 -7.456E-02 5.522E-02 -1.466E-01  1.022E-01
8.300000E+01 -7.336E-02 5.356E-02 -1.442E-01  9.926E-02
8.380000E+01 -7.241E-02 5.229E-02 -1.423E-01  9.701E-02
8.400000E+01 -7.221E-02 5.198E-02 -1.419E-01  9.646E-02
8.500000E+01 -7.106E-02 5.040E-02 -1.396E-01  9.363E-02
8.600000E+01 -6.985E-02 4.887E-02 -1.372E-01  9.091E-02
8.700000E+01 -6.863E-02 4.741E-02 -1.348E-01  8.831E-02
8.800000E+01 -6.741E-02 4.603E-02 -1.324E-01  8.586E-02
8.900000E+01 -6.624E-02 4.476E-02 -1.301E-01  8.359E-02
9.000000E+01 -6.507E-02 4.353E-02 -1.278E-01  8.140E-02
9.100000E+01 -6.395E-02 4.234E-02 -1.256E-01  7.926E-02
9.200000E+01 -6.277E-02 4.121E-02 -1.233E-01  7.724E-02
9.300000E+01 -6.159E-02 4.017E-02 -1.210E-01  7.539E-02
9.360000E+01 -6.087E-02 3.959E-02 -1.196E-01  7.436E-02
9.400000E+01 -6.041E-02 3.923E-02 -1.187E-01  7.372E-02
9.500000E+01 -5.932E-02 3.844E-02 -1.166E-01  7.231E-02
9.580000E+01 -5.855E-02 3.782E-02 -1.151E-01  7.122E-02
9.600000E+01 -5.834E-02 3.768E-02 -1.147E-01  7.096E-02
9.700000E+01 -5.747E-02 3.695E-02 -1.130E-01  6.966E-02
9.800000E+01 -5.660E-02 3.620E-02 -1.113E-01  6.830E-02
9.900000E+01 -5.578E-02 3.547E-02 -1.097E-01  6.699E-02
1.000000E+02 -5.501E-02 3.476E-02 -1.082E-01  6.570E-02
1.010000E+02 -5.429E-02 3.408E-02 -1.068E-01  6.446E-02
1.020000E+02 -5.363E-02 3.341E-02 -1.055E-01  6.324E-02
1.030000E+02 -5.302E-02 3.273E-02 -1.043E-01  6.198E-02
1.040000E+02 -5.241E-02 3.196E-02 -1.031E-01  6.057E-02
1.050000E+02 -5.181E-02 3.118E-02 -1.019E-01  5.913E-02
1.056000E+02 -5.140E-02 3.071E-02 -1.011E-01  5.826E-02
1.060000E+02 -5.115E-02 3.040E-02 -1.006E-01  5.769E-02
1.070000E+02 -5.048E-02 2.965E-02 -9.928E-02  5.631E-02
1.080000E+02 -4.980E-02 2.893E-02 -9.795E-02  5.497E-02
1.090000E+02 -4.912E-02 2.823E-02 -9.662E-02  5.368E-02
1.100000E+02 -4.844E-02 2.757E-02 -9.530E-02  5.247E-02
1.110000E+02 -4.778E-02 2.694E-02 -9.401E-02  5.131E-02
1.120000E+02 -4.715E-02 2.633E-02 -9.277E-02  5.017E-02
1.126000E+02 -4.678E-02 2.596E-02 -9.204E-02  4.950E-02
1.130000E+02 -4.653E-02 2.572E-02 -9.155E-02  4.905E-02
1.140000E+02 -4.591E-02 2.514E-02 -9.035E-02  4.797E-02
1.150000E+02 -4.531E-02 2.457E-02 -8.917E-02  4.691E-02
1.160000E+02 -4.471E-02 2.401E-02 -8.800E-02  4.587E-02
1.170000E+02 -4.413E-02 2.346E-02 -8.686E-02  4.485E-02
1.180000E+02 -4.356E-02 2.293E-02 -8.574E-02  4.386E-02
1.190000E+02 -4.298E-02 2.240E-02 -8.462E-02  4.287E-02
1.200000E+02 -4.241E-02 2.189E-02 -8.350E-02  4.192E-02
1.220000E+02 -4.129E-02 2.091E-02 -8.131E-02  4.010E-02
1.240000E+02 -4.020E-02 1.998E-02 -7.918E-02  3.836E-02
1.246000E+02 -3.988E-02 1.972E-02 -7.855E-02  3.786E-02
1.250000E+02 -3.966E-02 1.954E-02 -7.812E-02  3.753E-02
1.260000E+02 -3.912E-02 1.911E-02 -7.707E-02  3.673E-02
1.270000E+02 -3.859E-02 1.871E-02 -7.604E-02  3.597E-02
1.280000E+02 -3.807E-02 1.831E-02 -7.503E-02  3.523E-02
1.290000E+02 -3.756E-02 1.793E-02 -7.403E-02  3.451E-02
1.300000E+02 -3.705E-02 1.756E-02 -7.303E-02  3.381E-02
1.350000E+02 -3.465E-02 1.591E-02 -6.835E-02  3.072E-02
1.400000E+02 -3.251E-02 1.454E-02 -6.417E-02  2.813E-02
1.450000E+02 -3.060E-02 1.331E-02 -6.043E-02  2.581E-02
1.458000E+02 -3.031E-02 1.313E-02 -5.987E-02  2.546E-02
1.460000E+02 -3.024E-02 1.309E-02 -5.973E-02  2.538E-02
1.470000E+02 -2.988E-02 1.286E-02 -5.903E-02  2.495E-02
1.480000E+02 -2.953E-02 1.264E-02 -5.835E-02  2.454E-02
1.490000E+02 -2.919E-02 1.243E-02 -5.768E-02  2.413E-02
1.500000E+02 -2.886E-02 1.222E-02 -5.703E-02  2.373E-02
1.510000E+02 -2.853E-02 1.201E-02 -5.638E-02  2.334E-02
1.520000E+02 -2.820E-02 1.181E-02 -5.575E-02  2.296E-02
1.530000E+02 -2.788E-02 1.161E-02 -5.512E-02  2.258E-02
1.540000E+02 -2.757E-02 1.142E-02 -5.450E-02  2.222E-02
1.544000E+02 -2.744E-02 1.135E-02 -5.426E-02  2.208E-02
1.548000E+02 -2.732E-02 1.127E-02 -5.402E-02  2.193E-02
1.552000E+02 -2.720E-02 1.120E-02 -5.378E-02  2.179E-02
1.556000E+02 -2.708E-02 1.113E-02 -5.354E-02  2.165E-02
1.560000E+02 -2.695E-02 1.105E-02 -5.330E-02  2.151E-02
1.564000E+02 -2.684E-02 1.098E-02 -5.307E-02  2.137E-02
1.568000E+02 -2.671E-02 1.091E-02 -5.283E-02  2.124E-02
1.572000E+02 -2.660E-02 1.084E-02 -5.260E-02  2.110E-02
1.576000E+02 -2.648E-02 1.077E-02 -5.237E-02  2.097E-02
1.580000E+02 -2.636E-02 1.070E-02 -5.214E-02  2.083E-02
1.590000E+02 -2.608E-02 1.053E-02 -5.158E-02  2.051E-02
1.600000E+02 -2.579E-02 1.036E-02 -5.102E-02  2.019E-02
1.610000E+02 -2.551E-02 1.020E-02 -5.047E-02  1.988E-02
1.620000E+02 -2.524E-02 1.005E-02 -4.995E-02  1.959E-02
1.630000E+02 -2.498E-02 9.882E-03 -4.943E-02  1.927E-02
1.635000E+02 -2.485E-02 9.804E-03 -4.917E-02  1.912E-02
1.640000E+02 -2.472E-02 9.725E-03 -4.892E-02  1.897E-02
1.650000E+02 -2.446E-02 9.569E-03 -4.841E-02  1.867E-02
1.660000E+02 -2.420E-02 9.418E-03 -4.790E-02  1.838E-02
1.670000E+02 -2.394E-02 9.267E-03 -4.740E-02  1.809E-02
1.680000E+02 -2.369E-02 9.121E-03 -4.691E-02  1.781E-02
1.690000E+02 -2.345E-02 8.975E-03 -4.642E-02  1.753E-02
1.700000E+02 -2.320E-02 8.835E-03 -4.594E-02  1.726E-02
1.710000E+02 -2.296E-02 8.700E-03 -4.547E-02  1.700E-02
1.720000E+02 -2.272E-02 8.570E-03 -4.500E-02  1.675E-02
1.730000E+02 -2.249E-02 8.440E-03 -4.454E-02  1.650E-02
1.740000E+02 -2.226E-02 8.315E-03 -4.409E-02  1.626E-02
1.746000E+02 -2.212E-02 8.237E-03 -4.382E-02  1.611E-02
1.750000E+02 -2.203E-02 8.190E-03 -4.364E-02  1.602E-02
1.760000E+02 -2.181E-02 8.066E-03 -4.320E-02  1.578E-02
1.780000E+02 -2.137E-02 7.832E-03 -4.235E-02  1.533E-02
1.800000E+02 -2.095E-02 7.604E-03 -4.152E-02  1.489E-02
1.850000E+02 -1.994E-02 7.076E-03 -3.954E-02  1.387E-02
1.900000E+02 -1.901E-02 6.595E-03 -3.770E-02  1.294E-02
1.950000E+02 -1.814E-02 6.162E-03 -3.599E-02  1.210E-02
2.000000E+02 -1.734E-02 5.765E-03 -3.441E-02  1.133E-02
2.100000E+02 -1.588E-02 5.036E-03 -3.153E-02  9.913E-03
2.200000E+02 -1.458E-02 4.423E-03 -2.896E-02  8.718E-03
2.300000E+02 -1.342E-02 3.903E-03 -2.667E-02  7.701E-03
2.400000E+02 -1.239E-02 3.458E-03 -2.463E-02  6.831E-03
2.500000E+02 -1.147E-02 3.077E-03 -2.281E-02  6.084E-03
2.600000E+02 -1.063E-02 2.748E-03 -2.116E-02  5.438E-03
2.700000E+02 -9.886E-03 2.463E-03 -1.968E-02  4.877E-03
2.800000E+02 -9.210E-03 2.215E-03 -1.834E-02  4.389E-03
2.900000E+02 -8.595E-03 1.998E-03 -1.712E-02  3.961E-03
3.000000E+02 -8.041E-03 1.807E-03 -1.602E-02  3.585E-03
3.200000E+02 -7.064E-03 1.491E-03 -1.408E-02  2.961E-03
3.400000E+02 -6.244E-03 1.242E-03 -1.245E-02  2.469E-03
3.600000E+02 -5.540E-03 1.045E-03 -1.105E-02  2.078E-03
3.800000E+02 -4.940E-03 8.854E-04 -9.857E-03  1.762E-03
4.000000E+02 -4.418E-03 7.563E-04 -8.817E-03  1.506E-03
4.200000E+02 -3.959E-03 6.501E-04 -7.902E-03  1.295E-03
4.400000E+02 -3.550E-03 5.625E-04 -7.088E-03  1.121E-03
4.600000E+02 -3.180E-03 4.892E-04 -6.349E-03  9.752E-04
4.800000E+02 -2.833E-03 4.278E-04 -5.659E-03  8.531E-04
5.000000E+02 -2.490E-03 3.759E-04 -4.973E-03  7.499E-04
5.200000E+02 -2.070E-03 3.317E-04 -4.135E-03  6.621E-04
5.250000E+02 -1.905E-03 3.217E-04 -3.807E-03  6.422E-04
5.278000E+02 -1.744E-03 3.163E-04 -3.484E-03  6.314E-04
5.280000E+02 -1.729E-03 3.356E-04 -3.456E-03  6.701E-04
5.285000E+02 -1.706E-03 3.740E-04 -3.410E-03  7.468E-04
5.290000E+02 -1.700E-03 3.829E-04 -3.397E-03  7.645E-04
5.300000E+02 -1.665E-03 3.907E-04 -3.328E-03  7.801E-04
5.310000E+02 -1.608E-03 3.886E-04 -3.214E-03  7.760E-04
5.320000E+02 -1.520E-03 3.964E-04 -3.038E-03  7.916E-04
5.330000E+02 -1.423E-03 4.334E-04 -2.845E-03  8.656E-04
5.340000E+02 -1.289E-03 4.508E-04 -2.577E-03  9.004E-04
5.344000E+02 -1.207E-03 4.791E-04 -2.412E-03  9.571E-04
5.348000E+02 -1.106E-03 5.171E-04 -2.211E-03  1.033E-03
5.352000E+02 -9.984E-04 5.941E-04 -1.996E-03  1.187E-03
5.356000E+02 -8.912E-04 7.096E-04 -1.782E-03  1.418E-03
5.360000E+02 -7.545E-04 8.441E-04 -1.509E-03  1.687E-03
5.364000E+02 -5.997E-04 1.037E-03 -1.200E-03  2.073E-03
5.368000E+02 -5.811E-04 1.501E-03 -1.164E-03  3.000E-03
5.372000E+02 -8.503E-04 2.042E-03 -1.704E-03  4.080E-03
5.376000E+02 -1.328E-03 2.234E-03 -2.659E-03  4.463E-03
5.380000E+02 -1.785E-03 2.119E-03 -3.572E-03  4.230E-03
5.390000E+02 -2.256E-03 1.552E-03 -4.509E-03  3.097E-03
5.400000E+02 -2.202E-03 1.125E-03 -4.401E-03  2.246E-03
5.410000E+02 -2.052E-03 1.051E-03 -4.101E-03  2.097E-03
5.420000E+02 -1.993E-03 1.013E-03 -3.982E-03  2.022E-03
5.430000E+02 -1.921E-03 1.000E-03 -3.839E-03  1.997E-03
5.440000E+02 -1.866E-03 1.074E-03 -3.730E-03  2.144E-03
5.450000E+02 -1.909E-03 1.195E-03 -3.816E-03  2.386E-03
5.455000E+02 -1.993E-03 1.241E-03 -3.983E-03  2.478E-03
5.460000E+02 -2.077E-03 1.201E-03 -4.151E-03  2.398E-03
5.470000E+02 -2.147E-03 1.103E-03 -4.290E-03  2.201E-03
5.480000E+02 -2.169E-03 1.024E-03 -4.334E-03  2.043E-03
5.490000E+02 -2.198E-03 9.260E-04 -4.391E-03  1.848E-03
5.500000E+02 -2.082E-03 8.944E-04 -4.160E-03  1.785E-03
5.510000E+02 -2.009E-03 8.728E-04 -4.014E-03  1.742E-03
5.520000E+02 -1.939E-03 9.363E-04 -3.875E-03  1.869E-03
5.530000E+02 -1.965E-03 1.037E-03 -3.927E-03  2.070E-03
5.540000E+02 -2.025E-03 1.034E-03 -4.046E-03  2.064E-03
5.550000E+02 -2.037E-03 1.036E-03 -4.070E-03  2.068E-03
5.560000E+02 -2.061E-03 1.075E-03 -4.119E-03  2.146E-03
5.566000E+02 -2.112E-03 1.101E-03 -4.220E-03  2.198E-03
5.570000E+02 -2.151E-03 1.091E-03 -4.299E-03  2.177E-03
5.580000E+02 -2.224E-03 1.032E-03 -4.444E-03  2.060E-03
5.590000E+02 -2.249E-03 9.546E-04 -4.494E-03  1.905E-03
5.600000E+02 -2.241E-03 8.960E-04 -4.477E-03  1.788E-03
5.620000E+02 -2.213E-03 8.258E-04 -4.422E-03  1.648E-03
5.650000E+02 -2.162E-03 7.541E-04 -4.320E-03  1.505E-03
5.700000E+02 -2.080E-03 7.020E-04 -4.157E-03  1.401E-03
5.750000E+02 -2.022E-03 6.829E-04 -4.041E-03  1.363E-03
5.800000E+02 -1.981E-03 6.643E-04 -3.959E-03  1.326E-03
5.900000E+02 -1.908E-03 6.292E-04 -3.813E-03  1.256E-03
6.000000E+02 -1.839E-03 5.966E-04 -3.674E-03  1.191E-03
6.200000E+02 -1.700E-03 5.369E-04 -3.397E-03  1.072E-03
6.400000E+02 -1.555E-03 4.848E-04 -3.107E-03  9.680E-04
6.600000E+02 -1.392E-03 4.385E-04 -2.782E-03  8.758E-04
6.800000E+02 -1.179E-03 3.975E-04 -2.357E-03  7.941E-04
6.850000E+02 -1.106E-03 3.880E-04 -2.210E-03  7.752E-04
6.900000E+02 -1.011E-03 3.788E-04 -2.022E-03  7.569E-04
6.950000E+02 -8.803E-04 3.727E-04 -1.760E-03  7.448E-04
6.960000E+02 -8.463E-04 3.716E-04 -1.692E-03  7.425E-04
6.970000E+02 -8.078E-04 3.703E-04 -1.615E-03  7.401E-04
6.980000E+02 -7.643E-04 3.691E-04 -1.528E-03  7.376E-04
6.990000E+02 -7.132E-04 3.677E-04 -1.426E-03  7.349E-04
7.000000E+02 -6.522E-04 3.665E-04 -1.304E-03  7.325E-04
7.010000E+02 -5.776E-04 3.654E-04 -1.155E-03  7.304E-04
7.020000E+02 -4.816E-04 3.645E-04 -9.631E-04  7.286E-04
7.030000E+02 -3.508E-04 3.638E-04 -7.016E-04  7.274E-04
7.040000E+02 -1.525E-04 3.639E-04 -3.052E-04  7.277E-04
7.045000E+02  2.064E-06 3.669E-04  3.994E-06  7.338E-04
7.050000E+02  2.376E-04 3.867E-04  4.750E-04  7.736E-04
7.055000E+02  5.944E-04 4.804E-04  1.189E-03  9.614E-04
7.060000E+02  1.032E-03 7.952E-04  2.065E-03  1.592E-03
7.065000E+02  1.330E-03 1.525E-03  2.659E-03  3.054E-03
7.070000E+02  1.142E-03 2.635E-03  2.278E-03  5.277E-03
7.074000E+02  4.959E-04 3.457E-03  9.800E-04  6.918E-03
7.076000E+02  4.731E-05 3.710E-03  8.085E-05  7.421E-03
7.078000E+02 -4.345E-04 3.808E-03 -8.834E-04  7.612E-03
7.080000E+02 -9.089E-04 3.740E-03 -1.831E-03  7.473E-03
7.082000E+02 -1.355E-03 3.524E-03 -2.720E-03  7.039E-03
7.084000E+02 -1.719E-03 3.207E-03 -3.446E-03  6.403E-03
7.086000E+02 -1.983E-03 2.851E-03 -3.970E-03  5.691E-03
7.088000E+02 -2.139E-03 2.496E-03 -4.279E-03  4.982E-03
7.090000E+02 -2.191E-03 2.156E-03 -4.382E-03  4.302E-03
7.095000E+02 -2.066E-03 1.578E-03 -4.130E-03  3.149E-03
7.100000E+02 -1.857E-03 1.431E-03 -3.712E-03  2.856E-03
7.105000E+02 -1.787E-03 1.415E-03 -3.573E-03  2.825E-03
7.110000E+02 -1.825E-03 1.290E-03 -3.649E-03  2.576E-03
7.115000E+02 -1.834E-03 1.067E-03 -3.666E-03  2.130E-03
7.120000E+02 -1.751E-03 8.700E-04 -3.500E-03  1.737E-03
7.125000E+02 -1.618E-03 7.622E-04 -3.233E-03  1.522E-03
7.130000E+02 -1.490E-03 7.221E-04 -2.978E-03  1.442E-03
7.140000E+02 -1.321E-03 7.099E-04 -2.641E-03  1.418E-03
7.150000E+02 -1.214E-03 7.089E-04 -2.427E-03  1.416E-03
7.160000E+02 -1.125E-03 7.078E-04 -2.249E-03  1.414E-03
7.170000E+02 -1.027E-03 7.077E-04 -2.053E-03  1.414E-03
7.180000E+02 -8.656E-04 7.191E-04 -1.731E-03  1.437E-03
7.190000E+02 -6.258E-04 8.896E-04 -1.252E-03  1.778E-03
7.200000E+02 -6.822E-04 1.455E-03 -1.366E-03  2.908E-03
7.202000E+02 -7.766E-04 1.558E-03 -1.555E-03  3.113E-03
7.204000E+02 -8.921E-04 1.627E-03 -1.786E-03  3.252E-03
7.206000E+02 -1.021E-03 1.654E-03 -2.043E-03  3.305E-03
7.208000E+02 -1.148E-03 1.636E-03 -2.298E-03  3.268E-03
7.210000E+02 -1.260E-03 1.576E-03 -2.520E-03  3.149E-03
7.212000E+02 -1.350E-03 1.489E-03 -2.700E-03  2.973E-03
7.215000E+02 -1.438E-03 1.345E-03 -2.876E-03  2.686E-03
7.220000E+02 -1.459E-03 1.168E-03 -2.918E-03  2.332E-03
7.225000E+02 -1.413E-03 1.076E-03 -2.826E-03  2.148E-03
7.230000E+02 -1.384E-03 1.065E-03 -2.767E-03  2.127E-03
7.235000E+02 -1.388E-03 1.054E-03 -2.775E-03  2.105E-03
7.240000E+02 -1.404E-03 1.006E-03 -2.807E-03  2.009E-03
7.245000E+02 -1.401E-03 9.433E-04 -2.800E-03  1.884E-03
7.250000E+02 -1.375E-03 8.982E-04 -2.749E-03  1.794E-03
7.260000E+02 -1.315E-03 8.696E-04 -2.629E-03  1.737E-03
7.270000E+02 -1.280E-03 8.666E-04 -2.559E-03  1.731E-03
7.280000E+02 -1.262E-03 8.651E-04 -2.523E-03  1.728E-03
7.290000E+02 -1.250E-03 8.636E-04 -2.500E-03  1.725E-03
7.300000E+02 -1.242E-03 8.616E-04 -2.483E-03  1.721E-03
7.350000E+02 -1.222E-03 8.520E-04 -2.444E-03  1.702E-03
7.400000E+02 -1.215E-03 8.420E-04 -2.430E-03  1.682E-03
7.450000E+02 -1.212E-03 8.320E-04 -2.424E-03  1.662E-03
7.500000E+02 -1.210E-03 8.220E-04 -2.420E-03  1.642E-03
7.550000E+02 -1.208E-03 8.125E-04 -2.416E-03  1.623E-03
7.600000E+02 -1.206E-03 8.030E-04 -2.412E-03  1.604E-03
7.650000E+02 -1.204E-03 7.935E-04 -2.408E-03  1.585E-03
7.700000E+02 -1.202E-03 7.844E-04 -2.403E-03  1.567E-03
7.750000E+02 -1.199E-03 7.754E-04 -2.398E-03  1.549E-03
7.800000E+02 -1.197E-03 7.669E-04 -2.393E-03  1.532E-03
7.850000E+02 -1.194E-03 7.579E-04 -2.388E-03  1.514E-03
7.900000E+02 -1.192E-03 7.494E-04 -2.383E-03  1.497E-03
7.950000E+02 -1.190E-03 7.414E-04 -2.379E-03  1.481E-03
8.000000E+02 -1.191E-03 7.334E-04 -2.381E-03  1.465E-03
8.050000E+02 -1.191E-03 7.189E-04 -2.381E-03  1.436E-03
8.100000E+02 -1.187E-03 7.048E-04 -2.374E-03  1.408E-03
8.150000E+02 -1.182E-03 6.913E-04 -2.363E-03  1.381E-03
8.200000E+02 -1.175E-03 6.778E-04 -2.350E-03  1.354E-03
8.250000E+02 -1.168E-03 6.648E-04 -2.335E-03  1.328E-03
8.300000E+02 -1.158E-03 6.523E-04 -2.316E-03  1.303E-03
8.350000E+02 -1.147E-03 6.397E-04 -2.293E-03  1.278E-03
8.380000E+02 -1.138E-03 6.322E-04 -2.275E-03  1.263E-03
8.390000E+02 -1.134E-03 6.307E-04 -2.268E-03  1.260E-03
8.400000E+02 -1.130E-03 6.287E-04 -2.260E-03  1.256E-03
8.410000E+02 -1.127E-03 6.277E-04 -2.254E-03  1.254E-03
8.420000E+02 -1.124E-03 6.257E-04 -2.247E-03  1.250E-03
8.430000E+02 -1.120E-03 6.232E-04 -2.239E-03  1.245E-03
8.440000E+02 -1.115E-03 6.212E-04 -2.229E-03  1.241E-03
8.450000E+02 -1.108E-03 6.192E-04 -2.215E-03  1.237E-03
8.460000E+02 -1.099E-03 6.192E-04 -2.198E-03  1.237E-03
8.470000E+02 -1.090E-03 6.227E-04 -2.179E-03  1.244E-03
8.480000E+02 -1.082E-03 6.317E-04 -2.164E-03  1.262E-03
8.490000E+02 -1.080E-03 6.412E-04 -2.160E-03  1.281E-03
8.500000E+02 -1.081E-03 6.502E-04 -2.162E-03  1.299E-03
8.510000E+02 -1.084E-03 6.552E-04 -2.168E-03  1.309E-03
8.520000E+02 -1.087E-03 6.602E-04 -2.174E-03  1.319E-03
8.530000E+02 -1.091E-03 6.652E-04 -2.181E-03  1.329E-03
8.540000E+02 -1.095E-03 6.697E-04 -2.190E-03  1.338E-03
8.550000E+02 -1.102E-03 6.737E-04 -2.204E-03  1.346E-03
8.560000E+02 -1.112E-03 6.753E-04 -2.223E-03  1.349E-03
8.570000E+02 -1.121E-03 6.713E-04 -2.242E-03  1.341E-03
8.580000E+02 -1.128E-03 6.648E-04 -2.256E-03  1.328E-03
8.590000E+02 -1.132E-03 6.572E-04 -2.263E-03  1.313E-03
8.600000E+02 -1.133E-03 6.507E-04 -2.266E-03  1.300E-03
8.610000E+02 -1.134E-03 6.442E-04 -2.267E-03  1.287E-03
8.620000E+02 -1.132E-03 6.387E-04 -2.264E-03  1.276E-03
8.630000E+02 -1.131E-03 6.347E-04 -2.261E-03  1.268E-03
8.640000E+02 -1.129E-03 6.317E-04 -2.258E-03  1.262E-03
8.650000E+02 -1.128E-03 6.287E-04 -2.256E-03  1.256E-03
8.660000E+02 -1.127E-03 6.257E-04 -2.254E-03  1.250E-03
8.670000E+02 -1.126E-03 6.232E-04 -2.252E-03  1.245E-03
8.680000E+02 -1.125E-03 6.207E-04 -2.250E-03  1.240E-03
8.690000E+02 -1.125E-03 6.182E-04 -2.249E-03  1.235E-03
8.700000E+02 -1.124E-03 6.157E-04 -2.248E-03  1.230E-03
8.720000E+02 -1.123E-03 6.102E-04 -2.245E-03  1.219E-03
8.740000E+02 -1.121E-03 6.047E-04 -2.241E-03  1.208E-03
8.760000E+02 -1.119E-03 5.992E-04 -2.238E-03  1.197E-03
8.780000E+02 -1.116E-03 5.927E-04 -2.231E-03  1.184E-03
8.800000E+02 -1.112E-03 5.882E-04 -2.223E-03  1.175E-03
8.820000E+02 -1.108E-03 5.841E-04 -2.215E-03  1.167E-03
8.840000E+02 -1.104E-03 5.811E-04 -2.207E-03  1.161E-03
8.860000E+02 -1.101E-03 5.781E-04 -2.201E-03  1.155E-03
8.880000E+02 -1.098E-03 5.756E-04 -2.195E-03  1.150E-03
8.900000E+02 -1.095E-03 5.736E-04 -2.189E-03  1.146E-03
8.950000E+02 -1.091E-03 5.676E-04 -2.181E-03  1.134E-03
9.000000E+02 -1.088E-03 5.601E-04 -2.175E-03  1.119E-03
9.030000E+02 -1.086E-03 5.546E-04 -2.172E-03  1.108E-03
9.050000E+02 -1.085E-03 5.506E-04 -2.169E-03  1.100E-03
9.100000E+02 -1.081E-03 5.401E-04 -2.161E-03  1.079E-03
9.150000E+02 -1.075E-03 5.286E-04 -2.150E-03  1.056E-03
9.200000E+02 -1.069E-03 5.186E-04 -2.137E-03  1.036E-03
9.250000E+02 -1.061E-03 5.085E-04 -2.122E-03  1.016E-03
9.300000E+02 -1.054E-03 5.005E-04 -2.107E-03  1.000E-03
9.350000E+02 -1.047E-03 4.925E-04 -2.093E-03  9.839E-04
9.400000E+02 -1.040E-03 4.846E-04 -2.079E-03  9.682E-04
9.450000E+02 -1.033E-03 4.771E-04 -2.065E-03  9.532E-04
9.500000E+02 -1.026E-03 4.700E-04 -2.052E-03  9.390E-04
9.550000E+02 -1.020E-03 4.627E-04 -2.040E-03  9.244E-04
9.600000E+02 -1.014E-03 4.549E-04 -2.028E-03  9.088E-04
9.650000E+02 -1.008E-03 4.472E-04 -2.015E-03  8.934E-04
9.700000E+02 -1.001E-03 4.396E-04 -2.002E-03  8.783E-04
9.750000E+02 -9.949E-04 4.322E-04 -1.989E-03  8.636E-04
9.800000E+02 -9.879E-04 4.250E-04 -1.975E-03  8.492E-04
9.850000E+02 -9.814E-04 4.179E-04 -1.962E-03  8.350E-04
9.900000E+02 -9.744E-04 4.110E-04 -1.948E-03  8.212E-04
9.950000E+02 -9.679E-04 4.042E-04 -1.935E-03  8.076E-04
1.000000E+03 -9.609E-04 3.975E-04 -1.921E-03  7.943E-04
1.050000E+03 -8.944E-04 3.378E-04 -1.788E-03  6.749E-04
1.100000E+03 -8.308E-04 2.887E-04 -1.661E-03  5.769E-04
1.150000E+03 -7.718E-04 2.481E-04 -1.543E-03  4.958E-04
1.200000E+03 -7.172E-04 2.143E-04 -1.434E-03  4.283E-04
1.250000E+03 -6.672E-04 1.861E-04 -1.334E-03  3.719E-04
1.300000E+03 -6.212E-04 1.623E-04 -1.242E-03  3.244E-04
1.300800E+03 -6.207E-04 1.620E-04 -1.241E-03  3.237E-04
1.301000E+03 -6.207E-04 1.619E-04 -1.241E-03  3.235E-04
1.302000E+03 -6.197E-04 1.614E-04 -1.239E-03  3.226E-04
1.303000E+03 -6.187E-04 1.610E-04 -1.237E-03  3.218E-04
1.304000E+03 -6.182E-04 1.605E-04 -1.236E-03  3.209E-04
1.305000E+03 -6.172E-04 1.601E-04 -1.234E-03  3.200E-04
1.306000E+03 -6.162E-04 1.597E-04 -1.232E-03  3.192E-04
1.307000E+03 -6.152E-04 1.592E-04 -1.230E-03  3.183E-04
1.308000E+03 -6.147E-04 1.588E-04 -1.229E-03  3.175E-04
1.309000E+03 -6.137E-04 1.584E-04 -1.227E-03  3.166E-04
1.309400E+03 -6.132E-04 1.582E-04 -1.226E-03  3.163E-04
1.309800E+03 -6.132E-04 1.581E-04 -1.226E-03  3.160E-04
1.310200E+03 -6.127E-04 1.579E-04 -1.225E-03  3.156E-04
1.310600E+03 -6.122E-04 1.577E-04 -1.224E-03  3.153E-04
1.311000E+03 -6.122E-04 1.575E-04 -1.224E-03  3.149E-04
1.311400E+03 -6.117E-04 1.574E-04 -1.223E-03  3.146E-04
1.311800E+03 -6.112E-04 1.572E-04 -1.222E-03  3.143E-04
1.312200E+03 -6.107E-04 1.570E-04 -1.221E-03  3.139E-04
1.312600E+03 -6.107E-04 1.569E-04 -1.221E-03  3.136E-04
1.313000E+03 -6.102E-04 1.567E-04 -1.220E-03  3.133E-04
1.314000E+03 -6.092E-04 1.563E-04 -1.218E-03  3.124E-04
1.315000E+03 -6.087E-04 1.559E-04 -1.217E-03  3.116E-04
1.316000E+03 -6.077E-04 1.555E-04 -1.215E-03  3.108E-04
1.317000E+03 -6.067E-04 1.551E-04 -1.213E-03  3.100E-04
1.318000E+03 -6.062E-04 1.546E-04 -1.212E-03  3.091E-04
1.319000E+03 -6.052E-04 1.542E-04 -1.210E-03  3.083E-04
1.320000E+03 -6.042E-04 1.538E-04 -1.208E-03  3.075E-04
1.321000E+03 -6.037E-04 1.534E-04 -1.207E-03  3.067E-04
1.322000E+03 -6.027E-04 1.530E-04 -1.205E-03  3.059E-04
1.323000E+03 -6.017E-04 1.526E-04 -1.203E-03  3.051E-04
1.324000E+03 -6.012E-04 1.522E-04 -1.202E-03  3.042E-04
1.325000E+03 -6.002E-04 1.518E-04 -1.200E-03  3.034E-04
1.326000E+03 -5.992E-04 1.514E-04 -1.198E-03  3.026E-04
1.327000E+03 -5.987E-04 1.510E-04 -1.197E-03  3.018E-04
1.328000E+03 -5.977E-04 1.506E-04 -1.195E-03  3.010E-04
1.329000E+03 -5.967E-04 1.502E-04 -1.193E-03  3.003E-04
1.329600E+03 -5.962E-04 1.500E-04 -1.192E-03  2.998E-04
1.330000E+03 -5.962E-04 1.498E-04 -1.192E-03  2.995E-04
1.331000E+03 -5.952E-04 1.494E-04 -1.190E-03  2.987E-04
1.332000E+03 -5.942E-04 1.490E-04 -1.188E-03  2.979E-04
1.333000E+03 -5.937E-04 1.486E-04 -1.187E-03  2.971E-04
1.335000E+03 -5.917E-04 1.478E-04 -1.183E-03  2.955E-04
1.340000E+03 -5.852E-04 1.459E-04 -1.170E-03  2.917E-04
1.350000E+03 -5.797E-04 1.422E-04 -1.159E-03  2.842E-04
1.360000E+03 -5.717E-04 1.385E-04 -1.143E-03  2.769E-04
1.380000E+03 -5.567E-04 1.316E-04 -1.113E-03  2.630E-04
1.400000E+03 -5.416E-04 1.251E-04 -1.083E-03  2.500E-04
1.450000E+03 -5.071E-04 1.105E-04 -1.014E-03  2.208E-04
1.500000E+03 -4.752E-04 9.790E-05 -9.502E-04  1.957E-04
1.600000E+03 -4.196E-04 7.768E-05 -8.391E-04  1.553E-04
1.700000E+03 -3.727E-04 6.247E-05 -7.452E-04  1.249E-04
1.800000E+03 -3.329E-04 5.077E-05 -6.656E-04  1.015E-04
1.835000E+03 -3.204E-04 4.736E-05 -6.406E-04  9.468E-05
1.835800E+03 -3.201E-04 4.728E-05 -6.401E-04  9.453E-05
1.836000E+03 -3.201E-04 4.726E-05 -6.400E-04  9.449E-05
1.837000E+03 -3.197E-04 4.717E-05 -6.393E-04  9.430E-05
1.838000E+03 -3.194E-04 4.708E-05 -6.386E-04  9.412E-05
1.839000E+03 -3.190E-04 4.698E-05 -6.379E-04  9.393E-05
1.840000E+03 -3.187E-04 4.689E-05 -6.372E-04  9.375E-05
1.841000E+03 -3.183E-04 4.679E-05 -6.365E-04  9.356E-05
1.842000E+03 -3.180E-04 4.670E-05 -6.358E-04  9.338E-05
1.843000E+03 -3.176E-04 4.661E-05 -6.351E-04  9.319E-05
1.844000E+03 -3.173E-04 4.652E-05 -6.344E-04  9.301E-05
1.844400E+03 -3.172E-04 4.648E-05 -6.342E-04  9.294E-05
1.844800E+03 -3.170E-04 4.644E-05 -6.339E-04  9.286E-05
1.845200E+03 -3.169E-04 4.641E-05 -6.336E-04  9.279E-05
1.845600E+03 -3.168E-04 4.637E-05 -6.334E-04  9.272E-05
1.846000E+03 -3.166E-04 4.633E-05 -6.331E-04  9.264E-05
1.846400E+03 -3.165E-04 4.630E-05 -6.328E-04  9.257E-05
1.846800E+03 -3.163E-04 4.626E-05 -6.325E-04  9.250E-05
1.847200E+03 -3.162E-04 4.622E-05 -6.323E-04  9.242E-05
1.847600E+03 -3.161E-04 4.619E-05 -6.320E-04  9.235E-05
1.848000E+03 -3.159E-04 4.615E-05 -6.317E-04  9.228E-05
1.848400E+03 -3.158E-04 4.612E-05 -6.314E-04  9.221E-05
1.848800E+03 -3.157E-04 4.608E-05 -6.312E-04  9.213E-05
1.849200E+03 -3.155E-04 4.604E-05 -6.309E-04  9.206E-05
1.849600E+03 -3.154E-04 4.601E-05 -6.306E-04  9.199E-05
1.850000E+03 -3.153E-04 4.597E-05 -6.304E-04  9.192E-05
1.851000E+03 -3.149E-04 4.588E-05 -6.297E-04  9.174E-05
1.852000E+03 -3.146E-04 4.579E-05 -6.290E-04  9.156E-05
1.853000E+03 -3.142E-04 4.570E-05 -6.283E-04  9.138E-05
1.854000E+03 -3.139E-04 4.561E-05 -6.277E-04  9.120E-05
1.855000E+03 -3.136E-04 4.552E-05 -6.270E-04  9.102E-05
1.856000E+03 -3.132E-04 4.543E-05 -6.263E-04  9.084E-05
1.857000E+03 -3.129E-04 4.534E-05 -6.256E-04  9.066E-05
1.858000E+03 -3.126E-04 4.525E-05 -6.250E-04  9.048E-05
1.859000E+03 -3.122E-04 4.517E-05 -6.243E-04  9.031E-05
1.860000E+03 -3.119E-04 4.508E-05 -6.236E-04  9.013E-05
1.861000E+03 -3.116E-04 4.499E-05 -6.230E-04  8.996E-05
1.862000E+03 -3.112E-04 4.490E-05 -6.223E-04  8.978E-05
1.863000E+03 -3.109E-04 4.481E-05 -6.216E-04  8.960E-05
1.864000E+03 -3.106E-04 4.473E-05 -6.210E-04  8.943E-05
1.864600E+03 -3.104E-04 4.468E-05 -6.206E-04  8.933E-05
1.865000E+03 -3.102E-04 4.464E-05 -6.203E-04  8.925E-05
1.866000E+03 -3.099E-04 4.455E-05 -6.196E-04  8.908E-05
1.867000E+03 -3.096E-04 4.447E-05 -6.190E-04  8.891E-05
1.868000E+03 -3.092E-04 4.438E-05 -6.183E-04  8.873E-05
1.869000E+03 -3.089E-04 4.429E-05 -6.177E-04  8.856E-05
1.870000E+03 -3.086E-04 4.421E-05 -6.170E-04  8.839E-05
1.871000E+03 -3.082E-04 4.412E-05 -6.163E-04  8.822E-05
1.872000E+03 -3.079E-04 4.404E-05 -6.157E-04  8.805E-05
1.873000E+03 -3.076E-04 4.395E-05 -6.150E-04  8.787E-05
1.874000E+03 -3.073E-04 4.387E-05 -6.144E-04  8.771E-05
1.875000E+03 -3.069E-04 4.378E-05 -6.137E-04  8.753E-05
1.880000E+03 -3.053E-04 4.336E-05 -6.105E-04  8.669E-05
1.900000E+03 -2.989E-04 4.172E-05 -5.977E-04  8.341E-05
2.000000E+03 -2.697E-04 3.459E-05 -5.394E-04  6.916E-05
2.200000E+03 -2.228E-04 2.438E-05 -4.455E-04  4.875E-05
2.400000E+03 -1.868E-04 1.768E-05 -3.735E-04  3.536E-05
2.600000E+03 -1.587E-04 1.314E-05 -3.174E-04  2.628E-05
2.800000E+03 -1.365E-04 9.976E-06 -2.730E-04  1.995E-05
3.000000E+03 -1.186E-04 7.716E-06 -2.371E-04  1.543E-05
3.500000E+03 -8.670E-05 4.331E-06 -1.734E-04  8.662E-06
4.000000E+03 -6.600E-05 2.622E-06 -1.320E-04  5.243E-06
4.500000E+03 -5.185E-05 1.681E-06 -1.037E-04  3.362E-06
5.000000E+03 -4.153E-05 1.129E-06 -8.306E-05  2.257E-06
5.500000E+03 -3.429E-05 7.865E-07 -6.858E-05  1.573E-06
6.000000E+03 -2.858E-05 5.650E-07 -5.716E-05  1.130E-06
6.500000E+03 -2.386E-05 4.167E-07 -4.772E-05  8.334E-07
7.000000E+03 -1.966E-05 3.142E-07 -3.932E-05  6.284E-07
7.100000E+03 -1.776E-05 2.977E-07 -3.551E-05  5.953E-07
7.105000E+03 -1.745E-05 2.969E-07 -3.489E-05  5.937E-07
7.106000E+03 -1.735E-05 3.168E-07 -3.470E-05  6.336E-07
7.107000E+03 -1.721E-05 3.368E-07 -3.441E-05  6.735E-07
7.108000E+03 -1.702E-05 3.768E-07 -3.403E-05  7.536E-07
7.109000E+03 -1.684E-05 3.967E-07 -3.367E-05  7.934E-07
7.110000E+03 -1.668E-05 3.966E-07 -3.335E-05  7.931E-07
7.111000E+03 -1.657E-05 3.964E-07 -3.314E-05  7.927E-07
7.112000E+03 -1.647E-05 4.163E-07 -3.294E-05  8.326E-07
7.113000E+03 -1.639E-05 4.965E-07 -3.278E-05  9.930E-07
7.114000E+03 -1.633E-05 6.970E-07 -3.265E-05  1.394E-06
7.115000E+03 -1.628E-05 1.099E-06 -3.256E-05  2.197E-06
7.116000E+03 -1.628E-05 1.500E-06 -3.255E-05  3.000E-06
7.117000E+03 -1.633E-05 1.902E-06 -3.266E-05  3.803E-06
7.118000E+03 -1.641E-05 2.162E-06 -3.281E-05  4.324E-06
7.119000E+03 -1.649E-05 2.423E-06 -3.298E-05  4.845E-06
7.120000E+03 -1.658E-05 2.663E-06 -3.316E-05  5.326E-06
7.121000E+03 -1.671E-05 2.903E-06 -3.341E-05  5.806E-06
7.122000E+03 -1.689E-05 3.124E-06 -3.377E-05  6.247E-06
7.123000E+03 -1.707E-05 3.263E-06 -3.414E-05  6.526E-06
7.124000E+03 -1.726E-05 3.203E-06 -3.452E-05  6.405E-06
7.125000E+03 -1.742E-05 3.062E-06 -3.484E-05  6.123E-06
7.126000E+03 -1.758E-05 2.881E-06 -3.515E-05  5.761E-06
7.127000E+03 -1.773E-05 2.720E-06 -3.546E-05  5.439E-06
7.128000E+03 -1.789E-05 2.579E-06 -3.577E-05  5.157E-06
7.129000E+03 -1.804E-05 2.458E-06 -3.608E-05  4.916E-06
7.130000E+03 -1.818E-05 2.398E-06 -3.635E-05  4.795E-06
7.135000E+03 -1.828E-05 2.284E-06 -3.656E-05  4.567E-06
7.140000E+03 -1.830E-05 2.193E-06 -3.660E-05  4.385E-06
7.145000E+03 -1.827E-05 2.055E-06 -3.653E-05  4.110E-06
7.150000E+03 -1.817E-05 2.049E-06 -3.633E-05  4.097E-06
7.155000E+03 -1.810E-05 2.167E-06 -3.619E-05  4.333E-06
7.160000E+03 -1.812E-05 2.324E-06 -3.624E-05  4.648E-06
7.165000E+03 -1.823E-05 2.422E-06 -3.646E-05  4.843E-06
7.170000E+03 -1.838E-05 2.459E-06 -3.675E-05  4.918E-06
7.175000E+03 -1.849E-05 2.417E-06 -3.698E-05  4.834E-06
7.180000E+03 -1.857E-05 2.335E-06 -3.713E-05  4.670E-06
7.185000E+03 -1.859E-05 2.274E-06 -3.717E-05  4.547E-06
7.190000E+03 -1.858E-05 2.212E-06 -3.716E-05  4.423E-06
7.195000E+03 -1.857E-05 2.210E-06 -3.713E-05  4.419E-06
7.200000E+03 -1.857E-05 2.217E-06 -3.713E-05  4.434E-06
7.210000E+03 -1.859E-05 2.233E-06 -3.717E-05  4.466E-06
7.220000E+03 -1.864E-05 2.278E-06 -3.728E-05  4.556E-06
7.300000E+03 -1.863E-05 1.954E-06 -3.725E-05  3.907E-06
7.400000E+03 -1.830E-05 1.861E-06 -3.659E-05  3.721E-06
7.500000E+03 -1.798E-05 1.773E-06 -3.595E-05  3.546E-06
7.600000E+03 -1.763E-05 1.691E-06 -3.526E-05  3.381E-06
7.700000E+03 -1.727E-05 1.613E-06 -3.454E-05  3.225E-06
7.800000E+03 -1.692E-05 1.540E-06 -3.383E-05  3.079E-06
7.900000E+03 -1.656E-05 1.471E-06 -3.311E-05  2.941E-06
8.000000E+03 -1.620E-05 1.405E-06 -3.240E-05  2.810E-06
8.200000E+03 -1.551E-05 1.285E-06 -3.102E-05  2.570E-06
8.400000E+03 -1.485E-05 1.178E-06 -2.970E-05  2.355E-06
8.600000E+03 -1.422E-05 1.081E-06 -2.844E-05  2.162E-06
8.800000E+03 -1.363E-05 9.945E-07 -2.725E-05  1.989E-06
9.000000E+03 -1.306E-05 9.160E-07 -2.612E-05  1.832E-06
9.500000E+03 -1.179E-05 7.515E-07 -2.357E-05  1.503E-06
1.000000E+04 -1.068E-05 6.225E-07 -2.135E-05  1.245E-06
1.100000E+04 -8.860E-06 4.379E-07 -1.772E-05  8.757E-07
1.200000E+04 -7.460E-06 3.169E-07 -1.492E-05  6.337E-07
1.300000E+04 -6.365E-06 2.349E-07 -1.273E-05  4.698E-07
1.400000E+04 -5.490E-06 1.778E-07 -1.098E-05  3.556E-07
1.500000E+04 -4.786E-06 1.371E-07 -9.571E-06  2.741E-07
1.600000E+04 -4.206E-06 1.074E-07 -8.411E-06  2.147E-07
1.700000E+04 -3.725E-06 8.525E-08 -7.449E-06  1.705E-07
1.800000E+04 -3.323E-06 6.855E-08 -6.645E-06  1.371E-07
1.900000E+04 -2.980E-06 5.575E-08 -5.960E-06  1.115E-07
2.000000E+04 -2.689E-06 4.578E-08 -5.377E-06  9.156E-08
