?? = ICOMP amorphous carbon assuming fractal clusters by Rouleau&Martin 91
   E(eV)       Re(m)-1    Im(m)    Re(eps)-1  Im(eps)
 4.12700E-03  4.846E+00 8.124E+00 -3.282E+01 9.499E+01
 4.36900E-03  4.515E+00 7.294E+00 -2.379E+01 8.045E+01
 4.62400E-03  4.561E+00 6.681E+00 -1.471E+01 7.431E+01
 4.89500E-03  4.542E+00 6.214E+00 -8.900E+00 6.888E+01
 5.18100E-03  4.563E+00 5.802E+00 -3.716E+00 6.455E+01
 5.48500E-03  4.573E+00 5.469E+00  1.484E-01 6.096E+01
 5.80600E-03  4.572E+00 5.175E+00  3.267E+00 5.767E+01
 6.14500E-03  4.565E+00 4.913E+00  5.832E+00 5.468E+01
 6.50500E-03  4.552E+00 4.679E+00  7.932E+00 5.196E+01
 6.88600E-03  4.533E+00 4.468E+00  9.651E+00 4.944E+01
 7.28900E-03  4.507E+00 4.276E+00  1.104E+01 4.710E+01
 7.71600E-03  4.473E+00 4.099E+00  1.215E+01 4.487E+01
 8.16700E-03  4.432E+00 3.932E+00  1.305E+01 4.272E+01
 8.64500E-03  4.388E+00 3.771E+00  1.381E+01 4.064E+01
 9.15100E-03  4.346E+00 3.618E+00  1.449E+01 3.868E+01
 9.68700E-03  4.306E+00 3.473E+00  1.509E+01 3.686E+01
 1.02500E-02  4.266E+00 3.338E+00  1.559E+01 3.516E+01
 1.08500E-02  4.226E+00 3.213E+00  1.599E+01 3.358E+01
 1.14900E-02  4.182E+00 3.096E+00  1.627E+01 3.209E+01
 1.21600E-02  4.131E+00 2.983E+00  1.643E+01 3.061E+01
 1.28700E-02  4.088E+00 2.857E+00  1.673E+01 2.907E+01
 1.36300E-02  4.065E+00 2.753E+00  1.708E+01 2.789E+01
 1.44200E-02  4.027E+00 2.663E+00  1.718E+01 2.677E+01
 1.52700E-02  3.994E+00 2.569E+00  1.734E+01 2.566E+01
 1.61600E-02  3.966E+00 2.495E+00  1.744E+01 2.478E+01
 1.71100E-02  3.917E+00 2.429E+00  1.728E+01 2.389E+01
 1.81100E-02  3.880E+00 2.349E+00  1.730E+01 2.293E+01
 1.91700E-02  3.837E+00 2.292E+00  1.714E+01 2.217E+01
 2.02900E-02  3.789E+00 2.222E+00  1.700E+01 2.128E+01
 2.14800E-02  3.753E+00 2.154E+00  1.695E+01 2.048E+01
 2.27400E-02  3.724E+00 2.103E+00  1.689E+01 1.987E+01
 2.40700E-02  3.679E+00 2.071E+00  1.660E+01 1.938E+01
 2.54700E-02  3.612E+00 2.031E+00  1.615E+01 1.873E+01
 2.69700E-02  3.544E+00 1.968E+00  1.577E+01 1.789E+01
 2.85400E-02  3.497E+00 1.894E+00  1.564E+01 1.703E+01
 3.02100E-02  3.469E+00 1.833E+00  1.561E+01 1.638E+01
 3.19800E-02  3.438E+00 1.795E+00  1.547E+01 1.593E+01
 3.38500E-02  3.391E+00 1.759E+00  1.519E+01 1.545E+01
 3.58400E-02  3.350E+00 1.706E+00  1.501E+01 1.484E+01
 3.79300E-02  3.322E+00 1.702E+00  1.478E+01 1.471E+01
 4.01500E-02  3.256E+00 1.639E+00  1.443E+01 1.395E+01
 4.25000E-02  3.207E+00 1.613E+00  1.410E+01 1.357E+01
 4.49900E-02  3.165E+00 1.559E+00  1.392E+01 1.299E+01
 4.76200E-02  3.133E+00 1.531E+00  1.374E+01 1.266E+01
 5.04100E-02  2.993E+00 1.461E+00  1.281E+01 1.167E+01
 5.33600E-02  2.966E+00 1.422E+00  1.271E+01 1.128E+01
 5.64800E-02  2.925E+00 1.414E+00  1.241E+01 1.110E+01
 5.97900E-02  2.879E+00 1.352E+00  1.222E+01 1.049E+01
 6.32900E-02  2.868E+00 1.302E+00  1.227E+01 1.007E+01
 6.69900E-02  2.842E+00 1.295E+00  1.208E+01 9.951E+00
 7.09100E-02  2.814E+00 1.248E+00  1.199E+01 9.520E+00
 7.50600E-02  2.794E+00 1.243E+00  1.185E+01 9.432E+00
 7.94600E-02  2.759E+00 1.209E+00  1.167E+01 9.089E+00
 8.41100E-02  2.744E+00 1.189E+00  1.160E+01 8.903E+00
 8.90300E-02  2.716E+00 1.183E+00  1.141E+01 8.792E+00
 9.42400E-02  2.679E+00 1.169E+00  1.117E+01 8.602E+00
 9.97600E-02  2.649E+00 1.149E+00  1.099E+01 8.385E+00
 1.05600E-01  2.624E+00 1.141E+00  1.083E+01 8.270E+00
 1.11800E-01  2.580E+00 1.133E+00  1.053E+01 8.112E+00
 1.18300E-01  2.560E+00 1.107E+00  1.045E+01 7.882E+00
 1.25200E-01  2.532E+00 1.119E+00  1.022E+01 7.905E+00
 1.32600E-01  2.492E+00 1.123E+00  9.933E+00 7.843E+00
 1.40300E-01  2.432E+00 1.135E+00  9.490E+00 7.791E+00
 1.48500E-01  2.356E+00 1.119E+00  9.011E+00 7.511E+00
 1.57200E-01  2.296E+00 1.083E+00  8.691E+00 7.139E+00
 1.66400E-01  2.241E+00 1.037E+00  8.429E+00 6.722E+00
 1.76200E-01  2.209E+00 9.938E-01  8.310E+00 6.378E+00
 1.86500E-01  2.177E+00 9.471E-01  8.196E+00 6.018E+00
 1.97400E-01  2.156E+00 9.046E-01  8.142E+00 5.710E+00
 2.09000E-01  2.153E+00 8.614E-01  8.199E+00 5.432E+00
 2.21200E-01  2.160E+00 8.414E-01  8.278E+00 5.318E+00
 2.34100E-01  2.156E+00 8.407E-01  8.254E+00 5.306E+00
 2.47800E-01  2.140E+00 8.408E-01  8.153E+00 5.280E+00
 2.62300E-01  2.118E+00 8.383E-01  8.019E+00 5.228E+00
 2.77700E-01  2.095E+00 8.320E-01  7.887E+00 5.150E+00
 2.94000E-01  2.073E+00 8.251E-01  7.763E+00 5.071E+00
 3.11200E-01  2.052E+00 8.178E-01  7.646E+00 4.992E+00
 3.29400E-01  2.034E+00 8.094E-01  7.550E+00 4.911E+00
 3.48600E-01  2.026E+00 8.062E-01  7.507E+00 4.879E+00
 3.69000E-01  2.003E+00 8.271E-01  7.334E+00 4.968E+00
 3.90600E-01  1.965E+00 8.269E-01  7.107E+00 4.904E+00
 4.13500E-01  1.939E+00 8.238E-01  6.959E+00 4.842E+00
 4.37700E-01  1.911E+00 8.250E-01  6.793E+00 4.803E+00
 4.63300E-01  1.881E+00 8.251E-01  6.619E+00 4.754E+00
 4.90400E-01  1.851E+00 8.248E-01  6.448E+00 4.703E+00
 5.19200E-01  1.819E+00 8.246E-01  6.267E+00 4.649E+00
 5.49500E-01  1.785E+00 8.214E-01  6.082E+00 4.575E+00
 5.81700E-01  1.753E+00 8.148E-01  5.915E+00 4.486E+00
 6.15700E-01  1.724E+00 8.085E-01  5.767E+00 4.405E+00
 6.51800E-01  1.695E+00 8.032E-01  5.618E+00 4.329E+00
 6.89900E-01  1.667E+00 7.953E-01  5.480E+00 4.242E+00
 7.30300E-01  1.640E+00 7.900E-01  5.346E+00 4.171E+00
 7.73000E-01  1.613E+00 7.823E-01  5.216E+00 4.088E+00
 8.18300E-01  1.592E+00 7.744E-01  5.119E+00 4.014E+00
 8.66200E-01  1.571E+00 7.749E-01  5.010E+00 3.985E+00
 9.16900E-01  1.545E+00 7.742E-01  4.878E+00 3.941E+00
 9.70500E-01  1.521E+00 7.722E-01  4.759E+00 3.893E+00
 1.02700E+00  1.498E+00 7.739E-01  4.641E+00 3.866E+00
 1.08700E+00  1.471E+00 7.766E-01  4.503E+00 3.838E+00
 1.15100E+00  1.442E+00 7.777E-01  4.359E+00 3.798E+00
 1.21800E+00  1.414E+00 7.764E-01  4.225E+00 3.748E+00
 1.29000E+00  1.388E+00 7.752E-01  4.102E+00 3.702E+00
 1.36500E+00  1.362E+00 7.749E-01  3.979E+00 3.661E+00
 1.44500E+00  1.337E+00 7.760E-01  3.859E+00 3.627E+00
 1.53000E+00  1.313E+00 7.812E-01  3.740E+00 3.614E+00
 1.61900E+00  1.281E+00 7.901E-01  3.579E+00 3.604E+00
 1.71400E+00  1.247E+00 7.870E-01  3.430E+00 3.537E+00
 1.81400E+00  1.226E+00 7.904E-01  3.330E+00 3.519E+00
 1.92100E+00  1.192E+00 8.055E-01  3.156E+00 3.531E+00
 2.03300E+00  1.149E+00 8.094E-01  2.963E+00 3.479E+00
 2.15200E+00  1.109E+00 8.071E-01  2.796E+00 3.404E+00
 2.27800E+00  1.071E+00 8.036E-01  2.643E+00 3.329E+00
 2.41100E+00  1.034E+00 8.003E-01  2.497E+00 3.256E+00
 2.55200E+00  9.960E-01 7.952E-01  2.352E+00 3.174E+00
 2.70200E+00  9.580E-01 7.886E-01  2.212E+00 3.088E+00
 2.86000E+00  9.210E-01 7.825E-01  2.078E+00 3.006E+00
 3.02700E+00  8.800E-01 7.742E-01  1.935E+00 2.911E+00
 3.20400E+00  8.380E-01 7.598E-01  1.801E+00 2.793E+00
 3.39200E+00  8.020E-01 7.411E-01  1.698E+00 2.671E+00
 3.59000E+00  7.690E-01 7.235E-01  1.606E+00 2.560E+00
 3.80100E+00  7.330E-01 7.065E-01  1.504E+00 2.449E+00
 4.02300E+00  6.960E-01 6.821E-01  1.411E+00 2.314E+00
 4.25900E+00  6.670E-01 6.465E-01  1.361E+00 2.155E+00
 4.50800E+00  6.480E-01 6.190E-01  1.333E+00 2.040E+00
 4.77200E+00  6.290E-01 5.845E-01  1.312E+00 1.904E+00
 5.05100E+00  6.220E-01 5.490E-01  1.329E+00 1.781E+00
 5.34600E+00  6.370E-01 5.163E-01  1.413E+00 1.690E+00
 5.65900E+00  6.460E-01 5.182E-01  1.441E+00 1.706E+00
 5.99100E+00  6.370E-01 5.143E-01  1.415E+00 1.684E+00
 6.34100E+00  6.670E-01 5.080E-01  1.521E+00 1.694E+00
 6.71200E+00  6.030E-01 4.928E-01  1.327E+00 1.580E+00
 7.10500E+00  6.390E-01 4.801E-01  1.456E+00 1.574E+00
 7.52100E+00  6.390E-01 4.614E-01  1.473E+00 1.512E+00
 7.96100E+00  6.770E-01 4.817E-01  1.580E+00 1.616E+00
 8.42700E+00  6.810E-01 5.007E-01  1.575E+00 1.683E+00
 8.92000E+00  7.020E-01 5.342E-01  1.611E+00 1.818E+00
 9.44200E+00  7.080E-01 5.777E-01  1.584E+00 1.973E+00
 9.99500E+00  7.050E-01 6.353E-01  1.503E+00 2.166E+00
 1.05800E+01  6.860E-01 7.009E-01  1.351E+00 2.363E+00
 1.12000E+01  6.410E-01 7.660E-01  1.106E+00 2.514E+00
 1.18500E+01  5.820E-01 8.304E-01  8.132E-01 2.627E+00
 1.25500E+01  4.950E-01 8.766E-01  4.666E-01 2.621E+00
 1.32800E+01  4.040E-01 9.081E-01  1.466E-01 2.550E+00
 1.40600E+01  3.100E-01 9.158E-01 -1.226E-01 2.399E+00
 1.48800E+01  2.160E-01 9.087E-01 -3.471E-01 2.210E+00
 1.57500E+01  1.250E-01 8.929E-01 -5.316E-01 2.009E+00
 1.66800E+01  3.300E-02 8.580E-01 -6.691E-01 1.773E+00
 1.76500E+01 -5.000E-02 8.048E-01 -7.452E-01 1.529E+00
 1.86900E+01 -1.125E-01 7.410E-01 -7.614E-01 1.315E+00
 1.97800E+01 -1.584E-01 6.755E-01 -7.480E-01 1.137E+00
 2.09400E+01 -1.948E-01 6.178E-01 -7.333E-01 9.949E-01
 2.21600E+01 -2.307E-01 5.606E-01 -7.224E-01 8.625E-01
 2.34600E+01 -2.620E-01 4.948E-01 -7.002E-01 7.303E-01
 2.48300E+01 -2.778E-01 4.219E-01 -6.564E-01 6.094E-01
 2.62900E+01 -2.750E-01 3.547E-01 -6.002E-01 5.143E-01
 2.78200E+01 -2.633E-01 3.015E-01 -5.482E-01 4.442E-01
 2.94500E+01 -2.535E-01 2.608E-01 -5.108E-01 3.894E-01
 3.11800E+01 -2.461E-01 2.201E-01 -4.801E-01 3.319E-01
 3.30000E+01 -2.339E-01 1.783E-01 -4.449E-01 2.732E-01
 3.49300E+01 -2.135E-01 1.440E-01 -4.022E-01 2.265E-01
 3.69800E+01 -1.993E-01 1.171E-01 -3.726E-01 1.875E-01
 3.91400E+01 -1.682E-01 9.644E-02 -3.174E-01 1.604E-01
 4.14300E+01 -1.619E-01 7.809E-02 -3.037E-01 1.309E-01
 4.38600E+01 -1.429E-01 6.397E-02 -2.695E-01 1.097E-01
 4.64200E+01 -1.276E-01 5.238E-02 -2.417E-01 9.139E-02
 4.91400E+01 -1.139E-01 4.300E-02 -2.167E-01 7.620E-02
 5.20200E+01 -1.017E-01 3.535E-02 -1.943E-01 6.351E-02
 5.50600E+01 -9.050E-02 2.912E-02 -1.737E-01 5.297E-02
 5.82800E+01 -8.060E-02 2.402E-02 -1.553E-01 4.417E-02
 6.16900E+01 -7.170E-02 1.984E-02 -1.387E-01 3.683E-02
 6.53000E+01 -6.410E-02 1.637E-02 -1.244E-01 3.064E-02
 6.91300E+01 -5.680E-02 1.352E-02 -1.106E-01 2.550E-02
 7.31700E+01 -4.930E-02 1.125E-02 -9.630E-02 2.139E-02
 7.74600E+01 -4.500E-02 9.441E-03 -8.806E-02 1.803E-02
 8.19900E+01 -4.060E-02 7.961E-03 -7.961E-02 1.528E-02
 8.67900E+01 -3.500E-02 6.716E-03 -6.882E-02 1.296E-02
 9.18700E+01 -3.170E-02 5.614E-03 -6.243E-02 1.087E-02
 9.72400E+01 -2.800E-02 4.648E-03 -5.524E-02 9.036E-03
 1.02900E+02 -2.500E-02 3.836E-03 -4.939E-02 7.480E-03
 1.09000E+02 -2.210E-02 3.192E-03 -4.372E-02 6.243E-03
 1.15300E+02 -1.960E-02 2.691E-03 -3.882E-02 5.277E-03
 1.22100E+02 -1.740E-02 2.287E-03 -3.450E-02 4.494E-03
 1.29200E+02 -1.540E-02 1.941E-03 -3.057E-02 3.822E-03
 1.36800E+02 -1.370E-02 1.630E-03 -2.722E-02 3.215E-03
 1.44800E+02 -1.210E-02 1.353E-03 -2.406E-02 2.673E-03
 1.53300E+02 -1.070E-02 1.123E-03 -2.129E-02 2.222E-03
 1.62200E+02 -9.500E-03 9.317E-04 -1.891E-02 1.846E-03
 1.71700E+02 -8.300E-03 7.732E-04 -1.653E-02 1.534E-03
 1.81800E+02 -7.300E-03 6.407E-04 -1.455E-02 1.272E-03
 1.92400E+02 -6.400E-03 5.311E-04 -1.276E-02 1.055E-03
 2.03700E+02 -5.500E-03 4.382E-04 -1.097E-02 8.716E-04
 2.15600E+02 -4.800E-03 3.606E-04 -9.577E-03 7.177E-04
 2.28200E+02 -4.000E-03 2.964E-04 -7.984E-03 5.904E-04
 2.41600E+02 -3.300E-03 2.436E-04 -6.589E-03 4.856E-04
 2.55700E+02 -2.600E-03 2.001E-04 -5.193E-03 3.992E-04
 2.70700E+02 -1.600E-03 1.644E-04 -3.197E-03 3.283E-04
 2.86500E+02  1.000E-03 3.451E-03  1.989E-03 6.909E-03
 3.03300E+02 -1.900E-03 2.840E-03 -3.804E-03 5.669E-03
 3.21100E+02 -2.400E-03 2.338E-03 -4.800E-03 4.665E-03
 3.39900E+02 -2.400E-03 1.928E-03 -4.798E-03 3.847E-03
 3.59700E+02 -2.400E-03 1.587E-03 -4.797E-03 3.166E-03
 3.80800E+02 -2.300E-03 1.299E-03 -4.596E-03 2.592E-03
 4.03100E+02 -2.100E-03 1.055E-03 -4.197E-03 2.106E-03
 4.26700E+02 -2.000E-03 8.679E-04 -3.997E-03 1.732E-03
 4.51700E+02 -1.800E-03 7.157E-04 -3.597E-03 1.429E-03
 4.78100E+02 -1.600E-03 5.853E-04 -3.198E-03 1.169E-03
 5.06100E+02 -1.500E-03 4.787E-04 -2.998E-03 9.560E-04
 5.35700E+02 -1.300E-03 3.941E-04 -2.598E-03 7.872E-04
 5.67000E+02 -1.200E-03 3.209E-04 -2.399E-03 6.410E-04
 6.00200E+02 -1.100E-03 2.617E-04 -2.199E-03 5.228E-04
 6.35400E+02 -1.000E-03 2.131E-04 -1.999E-03 4.258E-04
 6.72500E+02 -9.000E-04 1.721E-04 -1.799E-03 3.439E-04
 7.11900E+02 -8.000E-04 1.420E-04 -1.599E-03 2.838E-04
 7.53600E+02 -7.000E-04 1.149E-04 -1.400E-03 2.296E-04
 7.97700E+02 -5.999E-04 9.254E-05 -1.199E-03 1.850E-04
 8.44400E+02 -5.999E-04 7.498E-05 -1.199E-03 1.499E-04
 8.93800E+02  0.000E+00 6.049E-05  0.000E+00 1.210E-04
 9.46100E+02  0.000E+00 4.883E-05  0.000E+00 9.766E-05
 1.00100E+03  0.000E+00 3.950E-05  0.000E+00 7.900E-05
 1.06000E+03  0.000E+00 3.171E-05  0.000E+00 6.342E-05
 1.12200E+03  0.000E+00 2.560E-05  0.000E+00 5.120E-05
 1.18800E+03  0.000E+00 2.063E-05  0.000E+00 4.126E-05
 1.25700E+03  0.000E+00 1.649E-05  0.000E+00 3.298E-05
 1.33100E+03  0.000E+00 1.322E-05  0.000E+00 2.644E-05
 1.40900E+03  0.000E+00 1.062E-05  0.000E+00 2.124E-05
 1.49100E+03  0.000E+00 8.533E-06  0.000E+00 1.707E-05
 1.57800E+03  0.000E+00 6.844E-06  0.000E+00 1.369E-05
 1.67100E+03  0.000E+00 5.481E-06  0.000E+00 1.096E-05
 1.76900E+03  0.000E+00 4.383E-06  0.000E+00 8.766E-06
 1.87200E+03  0.000E+00 3.503E-06  0.000E+00 7.006E-06
 1.98200E+03  0.000E+00 2.799E-06  0.000E+00 5.598E-06
 2.09800E+03  0.000E+00 2.237E-06  0.000E+00 4.474E-06
 2.22100E+03  0.000E+00 1.788E-06  0.000E+00 3.576E-06
 2.35000E+03  0.000E+00 1.427E-06  0.000E+00 2.854E-06
 2.48800E+03  0.000E+00 1.136E-06  0.000E+00 2.272E-06
 2.63400E+03  0.000E+00 9.045E-07  0.000E+00 1.809E-06
 2.78800E+03  0.000E+00 7.214E-07  0.000E+00 1.443E-06
 2.95100E+03  0.000E+00 5.756E-07  0.000E+00 1.151E-06
 3.12400E+03  0.000E+00 4.587E-07  0.000E+00 9.174E-07
 3.30600E+03  0.000E+00 3.649E-07  0.000E+00 7.298E-07
 3.50000E+03  0.000E+00 2.899E-07  0.000E+00 5.798E-07
