17 =ICOMP: Hensley+Draine astrosilicate, fit to Compiegne                       
    E(eV)      Re(n)-1    Im(n)    Re(eps)-1   Im(eps)
1.000000E-05  2.572E+00 2.851E-03  1.176E+01  2.037E-02
1.240000E-05  2.572E+00 3.535E-03  1.176E+01  2.525E-02
1.771000E-05  2.572E+00 5.049E-03  1.176E+01  3.607E-02
2.000000E-05  2.572E+00 5.702E-03  1.176E+01  4.074E-02
2.480000E-05  2.572E+00 7.072E-03  1.176E+01  5.052E-02
4.133000E-05  2.571E+00 1.179E-02  1.175E+01  8.419E-02
5.000000E-05  2.571E+00 1.426E-02  1.175E+01  1.018E-01
6.199000E-05  2.570E+00 1.769E-02  1.174E+01  1.263E-01
8.266000E-05  2.567E+00 2.360E-02  1.172E+01  1.684E-01
1.000000E-04  2.564E+00 2.857E-02  1.170E+01  2.037E-01
1.127000E-04  2.561E+00 3.234E-02  1.168E+01  2.303E-01
1.240000E-04  2.554E+00 3.126E-02  1.163E+01  2.222E-01
1.378000E-04  2.556E+00 3.186E-02  1.164E+01  2.266E-01
1.771000E-04  2.550E+00 3.541E-02  1.160E+01  2.514E-01
2.000000E-04  2.548E+00 3.716E-02  1.159E+01  2.637E-01
2.480000E-04  2.543E+00 4.046E-02  1.155E+01  2.868E-01
3.100000E-04  2.539E+00 4.418E-02  1.152E+01  3.127E-01
4.133000E-04  2.532E+00 4.967E-02  1.147E+01  3.509E-01
5.000000E-04  2.527E+00 5.381E-02  1.144E+01  3.796E-01
6.199000E-04  2.522E+00 5.898E-02  1.140E+01  4.154E-01
8.266000E-04  2.515E+00 6.735E-02  1.135E+01  4.734E-01
1.000000E-03  2.510E+00 7.398E-02  1.131E+01  5.193E-01
1.033000E-03  2.509E+00 7.513E-02  1.131E+01  5.273E-01
1.240000E-03  2.505E+00 8.265E-02  1.128E+01  5.793E-01
1.378000E-03  2.502E+00 8.752E-02  1.126E+01  6.130E-01
1.555000E-03  2.499E+00 9.373E-02  1.124E+01  6.560E-01
1.653000E-03  2.498E+00 9.712E-02  1.123E+01  6.794E-01
1.771000E-03  2.497E+00 1.013E-01  1.122E+01  7.083E-01
1.829000E-03  2.496E+00 1.033E-01  1.121E+01  7.226E-01
1.885000E-03  2.496E+00 1.053E-01  1.121E+01  7.364E-01
1.944000E-03  2.495E+00 1.074E-01  1.120E+01  7.509E-01
2.000000E-03  2.495E+00 1.094E-01  1.120E+01  7.646E-01
2.073000E-03  2.494E+00 1.119E-01  1.120E+01  7.820E-01
2.262000E-03  2.493E+00 1.188E-01  1.119E+01  8.300E-01
2.480000E-03  2.492E+00 1.268E-01  1.118E+01  8.856E-01
2.764000E-03  2.491E+00 1.374E-01  1.117E+01  9.594E-01
3.110000E-03  2.491E+00 1.509E-01  1.116E+01  1.054E+00
3.554000E-03  2.492E+00 1.696E-01  1.116E+01  1.184E+00
4.133000E-03  2.493E+00 1.955E-01  1.116E+01  1.366E+00
4.509000E-03  2.493E+00 2.141E-01  1.116E+01  1.496E+00
4.769000E-03  2.493E+00 2.271E-01  1.115E+01  1.586E+00
4.959000E-03  2.492E+00 2.366E-01  1.114E+01  1.653E+00
5.000000E-03  2.492E+00 2.386E-01  1.114E+01  1.667E+00
5.166000E-03  2.492E+00 2.469E-01  1.113E+01  1.724E+00
5.510000E-03  2.492E+00 2.645E-01  1.113E+01  1.847E+00
6.199000E-03  2.491E+00 3.033E-01  1.109E+01  2.117E+00
7.085000E-03  2.482E+00 3.567E-01  1.100E+01  2.484E+00
8.266000E-03  2.462E+00 4.108E-01  1.081E+01  2.844E+00
9.184000E-03  2.491E+00 4.662E-01  1.097E+01  3.255E+00
1.000000E-02  2.455E+00 5.896E-01  1.059E+01  4.074E+00
1.050000E-02  2.400E+00 6.070E-01  1.019E+01  4.127E+00
1.100000E-02  2.366E+00 6.212E-01  9.947E+00  4.182E+00
1.200000E-02  2.316E+00 6.471E-01  9.579E+00  4.292E+00
1.240000E-02  2.299E+00 6.572E-01  9.452E+00  4.336E+00
1.300000E-02  2.275E+00 6.721E-01  9.275E+00  4.402E+00
1.350000E-02  2.257E+00 6.843E-01  9.137E+00  4.457E+00
1.400000E-02  2.239E+00 6.964E-01  9.004E+00  4.511E+00
1.450000E-02  2.221E+00 7.085E-01  8.876E+00  4.565E+00
1.500000E-02  2.205E+00 7.204E-01  8.750E+00  4.617E+00
1.550000E-02  2.188E+00 7.322E-01  8.627E+00  4.669E+00
1.600000E-02  2.172E+00 7.439E-01  8.505E+00  4.719E+00
1.650000E-02  2.156E+00 7.554E-01  8.387E+00  4.767E+00
1.700000E-02  2.139E+00 7.668E-01  8.268E+00  4.814E+00
1.750000E-02  2.123E+00 7.779E-01  8.151E+00  4.859E+00
1.771000E-02  2.117E+00 7.824E-01  8.102E+00  4.877E+00
1.800000E-02  2.107E+00 7.887E-01  8.034E+00  4.902E+00
1.850000E-02  2.091E+00 7.994E-01  7.917E+00  4.942E+00
1.900000E-02  2.075E+00 8.097E-01  7.802E+00  4.980E+00
1.950000E-02  2.059E+00 8.196E-01  7.688E+00  5.015E+00
2.000000E-02  2.043E+00 8.293E-01  7.574E+00  5.048E+00
2.100000E-02  2.011E+00 8.476E-01  7.350E+00  5.105E+00
2.200000E-02  1.979E+00 8.643E-01  7.130E+00  5.150E+00
2.300000E-02  1.948E+00 8.794E-01  6.915E+00  5.184E+00
2.400000E-02  1.916E+00 8.928E-01  6.708E+00  5.207E+00
2.480000E-02  1.892E+00 9.023E-01  6.547E+00  5.218E+00
2.750000E-02  1.813E+00 9.268E-01  6.056E+00  5.215E+00
3.000000E-02  1.754E+00 9.386E-01  5.702E+00  5.170E+00
3.300000E-02  1.690E+00 9.718E-01  5.292E+00  5.228E+00
3.700000E-02  1.607E+00 1.018E+00  4.762E+00  5.310E+00
4.133000E-02  1.497E+00 1.064E+00  4.104E+00  5.311E+00
4.500000E-02  1.397E+00 1.087E+00  3.563E+00  5.212E+00
4.960000E-02  1.269E+00 1.119E+00  2.894E+00  5.079E+00
5.000000E-02  1.254E+00 1.121E+00  2.826E+00  5.052E+00
5.100000E-02  1.222E+00 1.117E+00  2.689E+00  4.966E+00
5.200000E-02  1.193E+00 1.117E+00  2.562E+00  4.901E+00
5.300000E-02  1.162E+00 1.115E+00  2.430E+00  4.822E+00
5.400000E-02  1.135E+00 1.112E+00  2.322E+00  4.746E+00
5.500000E-02  1.106E+00 1.113E+00  2.197E+00  4.687E+00
5.600000E-02  1.071E+00 1.110E+00  2.058E+00  4.598E+00
5.700000E-02  1.040E+00 1.101E+00  1.949E+00  4.492E+00
5.800000E-02  1.012E+00 1.095E+00  1.851E+00  4.405E+00
5.900000E-02  9.805E-01 1.089E+00  1.737E+00  4.312E+00
6.000000E-02  9.493E-01 1.078E+00  1.637E+00  4.204E+00
6.100000E-02  9.198E-01 1.070E+00  1.541E+00  4.108E+00
6.199000E-02  8.849E-01 1.062E+00  1.425E+00  4.004E+00
6.400000E-02  8.085E-01 1.020E+00  1.230E+00  3.690E+00
6.600000E-02  7.494E-01 9.649E-01  1.129E+00  3.376E+00
6.800000E-02  7.040E-01 8.935E-01  1.105E+00  3.045E+00
7.000000E-02  6.793E-01 8.230E-01  1.143E+00  2.764E+00
7.200000E-02  6.699E-01 7.509E-01  1.225E+00  2.508E+00
7.400000E-02  6.748E-01 6.879E-01  1.332E+00  2.304E+00
7.600000E-02  6.898E-01 6.277E-01  1.461E+00  2.121E+00
7.800000E-02  7.164E-01 5.778E-01  1.612E+00  1.983E+00
8.000000E-02  7.488E-01 5.353E-01  1.772E+00  1.872E+00
8.200000E-02  7.896E-01 5.024E-01  1.950E+00  1.798E+00
8.266000E-02  8.040E-01 4.936E-01  2.011E+00  1.781E+00
8.400000E-02  8.357E-01 4.778E-01  2.142E+00  1.754E+00
8.600000E-02  8.931E-01 4.641E-01  2.369E+00  1.757E+00
8.800000E-02  9.586E-01 4.736E-01  2.612E+00  1.855E+00
9.000000E-02  1.018E+00 5.109E-01  2.810E+00  2.062E+00
9.200000E-02  1.055E+00 5.682E-01  2.900E+00  2.335E+00
9.400000E-02  1.070E+00 6.274E-01  2.892E+00  2.598E+00
9.600000E-02  1.075E+00 6.866E-01  2.833E+00  2.849E+00
9.800000E-02  1.063E+00 7.494E-01  2.695E+00  3.092E+00
1.000000E-01  1.037E+00 8.029E-01  2.504E+00  3.270E+00
1.010000E-01  1.022E+00 8.269E-01  2.407E+00  3.345E+00
1.020000E-01  1.007E+00 8.517E-01  2.303E+00  3.419E+00
1.040000E-01  9.645E-01 9.006E-01  2.048E+00  3.538E+00
1.060000E-01  9.108E-01 9.342E-01  1.779E+00  3.570E+00
1.080000E-01  8.624E-01 9.577E-01  1.551E+00  3.567E+00
1.100000E-01  8.117E-01 9.835E-01  1.315E+00  3.564E+00
1.120000E-01  7.532E-01 1.003E+00  1.069E+00  3.516E+00
1.140000E-01  6.952E-01 1.015E+00  8.432E-01  3.442E+00
1.160000E-01  6.306E-01 1.029E+00  6.012E-01  3.354E+00
1.180000E-01  5.517E-01 1.028E+00  3.503E-01  3.191E+00
1.200000E-01  4.759E-01 1.003E+00  1.719E-01  2.962E+00
1.220000E-01  4.186E-01 9.679E-01  7.573E-02  2.746E+00
1.240000E-01  3.721E-01 9.377E-01  3.309E-03  2.573E+00
1.260000E-01  3.240E-01 9.123E-01 -7.954E-02  2.416E+00
1.280000E-01  2.689E-01 8.841E-01 -1.715E-01  2.244E+00
1.283000E-01  2.602E-01 8.791E-01 -1.847E-01  2.216E+00
1.300000E-01  2.099E-01 8.441E-01 -2.488E-01  2.043E+00
1.320000E-01  1.549E-01 7.889E-01 -2.886E-01  1.822E+00
1.340000E-01  1.115E-01 7.213E-01 -2.848E-01  1.603E+00
1.360000E-01  8.419E-02 6.470E-01 -2.431E-01  1.403E+00
1.380000E-01  7.406E-02 5.734E-01 -1.752E-01  1.232E+00
1.400000E-01  7.774E-02 5.072E-01 -9.571E-02  1.093E+00
1.420000E-01  8.896E-02 4.519E-01 -1.836E-02  9.842E-01
1.440000E-01  1.019E-01 4.069E-01  4.860E-02  8.968E-01
1.460000E-01  1.111E-01 3.680E-01  9.912E-02  8.177E-01
1.480000E-01  1.166E-01 3.283E-01  1.390E-01  7.331E-01
1.500000E-01  1.238E-01 2.841E-01  1.822E-01  6.386E-01
1.550000E-01  1.745E-01 1.757E-01  3.487E-01  4.128E-01
1.600000E-01  2.510E-01 1.081E-01  5.533E-01  2.704E-01
1.650000E-01  3.222E-01 7.355E-02  7.428E-01  1.945E-01
1.700000E-01  3.798E-01 6.118E-02  9.002E-01  1.688E-01
1.750000E-01  4.221E-01 5.749E-02  1.019E+00  1.635E-01
1.794000E-01  4.503E-01 5.662E-02  1.100E+00  1.642E-01
1.850000E-01  4.780E-01 5.607E-02  1.181E+00  1.657E-01
1.900000E-01  4.978E-01 5.537E-02  1.240E+00  1.659E-01
1.950000E-01  5.143E-01 5.444E-02  1.290E+00  1.649E-01
2.000000E-01  5.282E-01 5.327E-02  1.333E+00  1.628E-01
2.100000E-01  5.520E-01 5.058E-02  1.406E+00  1.570E-01
2.200000E-01  5.709E-01 4.838E-02  1.465E+00  1.520E-01
2.250000E-01  5.792E-01 4.749E-02  1.491E+00  1.500E-01
2.400000E-01  5.994E-01 4.548E-02  1.556E+00  1.455E-01
2.480000E-01  6.081E-01 4.475E-02  1.584E+00  1.439E-01
2.600000E-01  6.190E-01 4.391E-02  1.619E+00  1.422E-01
2.800000E-01  6.330E-01 4.295E-02  1.665E+00  1.403E-01
3.000000E-01  6.435E-01 4.226E-02  1.699E+00  1.389E-01
3.200000E-01  6.510E-01 4.143E-02  1.724E+00  1.368E-01
3.400000E-01  6.570E-01 4.066E-02  1.744E+00  1.348E-01
3.645000E-01  6.627E-01 3.976E-02  1.763E+00  1.322E-01
3.800000E-01  6.653E-01 3.915E-02  1.772E+00  1.304E-01
4.000000E-01  6.687E-01 3.826E-02  1.783E+00  1.277E-01
4.500000E-01  6.744E-01 3.677E-02  1.802E+00  1.231E-01
5.000000E-01  6.783E-01 3.559E-02  1.815E+00  1.195E-01
5.115000E-01  6.789E-01 3.538E-02  1.817E+00  1.188E-01
5.500000E-01  6.807E-01 3.470E-02  1.823E+00  1.166E-01
5.636000E-01  6.814E-01 3.447E-02  1.826E+00  1.159E-01
5.843000E-01  6.820E-01 3.416E-02  1.828E+00  1.149E-01
6.000000E-01  6.825E-01 3.395E-02  1.830E+00  1.142E-01
6.500000E-01  6.838E-01 3.333E-02  1.834E+00  1.122E-01
7.000000E-01  6.845E-01 3.282E-02  1.836E+00  1.106E-01
7.514000E-01  6.851E-01 3.246E-02  1.838E+00  1.094E-01
8.000000E-01  6.856E-01 3.218E-02  1.840E+00  1.085E-01
8.500000E-01  6.859E-01 3.189E-02  1.841E+00  1.075E-01
9.000000E-01  6.860E-01 3.164E-02  1.842E+00  1.067E-01
9.500000E-01  6.859E-01 3.140E-02  1.841E+00  1.059E-01
9.919000E-01  6.859E-01 3.123E-02  1.841E+00  1.053E-01
1.000000E+00  6.861E-01 3.120E-02  1.842E+00  1.052E-01
1.100000E+00  6.863E-01 3.101E-02  1.843E+00  1.046E-01
1.240000E+00  6.863E-01 3.077E-02  1.843E+00  1.038E-01
1.378000E+00  6.862E-01 3.060E-02  1.842E+00  1.032E-01
1.550000E+00  6.863E-01 3.040E-02  1.843E+00  1.025E-01
1.771000E+00  6.873E-01 3.016E-02  1.846E+00  1.018E-01
1.889000E+00  6.878E-01 3.006E-02  1.848E+00  1.015E-01
2.254000E+00  6.904E-01 2.986E-02  1.857E+00  1.009E-01
2.551000E+00  6.940E-01 2.973E-02  1.869E+00  1.007E-01
2.818000E+00  6.977E-01 2.964E-02  1.881E+00  1.006E-01
2.857000E+00  6.983E-01 2.962E-02  1.883E+00  1.006E-01
3.100000E+00  7.028E-01 2.954E-02  1.899E+00  1.006E-01
3.250000E+00  7.058E-01 2.946E-02  1.909E+00  1.005E-01
3.397000E+00  7.091E-01 2.938E-02  1.920E+00  1.004E-01
3.604000E+00  7.144E-01 2.928E-02  1.938E+00  1.004E-01
3.800000E+00  7.200E-01 2.916E-02  1.957E+00  1.003E-01
4.000000E+00  7.261E-01 2.906E-02  1.979E+00  1.003E-01
4.250000E+00  7.351E-01 2.888E-02  2.010E+00  1.002E-01
4.350000E+00  7.392E-01 2.881E-02  2.024E+00  1.002E-01
4.525000E+00  7.466E-01 2.869E-02  2.050E+00  1.002E-01
4.800000E+00  7.598E-01 2.844E-02  2.096E+00  1.001E-01
4.959000E+00  7.686E-01 2.827E-02  2.127E+00  1.000E-01
5.166000E+00  7.816E-01 2.744E-02  2.173E+00  9.777E-02
5.200000E+00  7.838E-01 2.736E-02  2.181E+00  9.759E-02
5.300000E+00  7.914E-01 2.724E-02  2.208E+00  9.759E-02
5.391000E+00  7.986E-01 2.732E-02  2.234E+00  9.829E-02
5.500000E+00  8.080E-01 2.765E-02  2.268E+00  1.000E-01
5.600000E+00  8.177E-01 2.850E-02  2.303E+00  1.036E-01
5.661000E+00  8.238E-01 2.931E-02  2.325E+00  1.069E-01
5.700000E+00  8.276E-01 2.993E-02  2.339E+00  1.094E-01
5.800000E+00  8.383E-01 3.193E-02  2.378E+00  1.174E-01
5.904000E+00  8.495E-01 3.463E-02  2.419E+00  1.281E-01
6.199000E+00  8.846E-01 4.622E-02  2.549E+00  1.742E-01
6.526000E+00  9.261E-01 6.677E-02  2.705E+00  2.572E-01
6.888000E+00  9.775E-01 9.962E-02  2.901E+00  3.940E-01
7.293000E+00  1.039E+00 1.571E-01  3.133E+00  6.408E-01
7.500000E+00  1.069E+00 1.976E-01  3.244E+00  8.180E-01
7.749000E+00  1.101E+00 2.601E-01  3.346E+00  1.093E+00
8.000000E+00  1.120E+00 3.368E-01  3.382E+00  1.428E+00
8.321000E+00  1.109E+00 4.489E-01  3.245E+00  1.893E+00
8.500000E+00  1.082E+00 5.044E-01  3.079E+00  2.100E+00
8.600000E+00  1.060E+00 5.297E-01  2.965E+00  2.183E+00
8.700000E+00  1.037E+00 5.483E-01  2.850E+00  2.234E+00
8.800000E+00  1.017E+00 5.609E-01  2.755E+00  2.263E+00
8.920000E+00  9.979E-01 5.734E-01  2.663E+00  2.291E+00
9.100000E+00  9.739E-01 5.912E-01  2.547E+00  2.334E+00
9.300000E+00  9.510E-01 6.105E-01  2.434E+00  2.382E+00
9.500000E+00  9.307E-01 6.293E-01  2.332E+00  2.430E+00
9.700000E+00  9.115E-01 6.482E-01  2.234E+00  2.478E+00
9.919000E+00  8.921E-01 6.688E-01  2.133E+00  2.531E+00
1.020000E+01  8.675E-01 6.956E-01  2.004E+00  2.598E+00
1.050700E+01  8.413E-01 7.256E-01  1.864E+00  2.672E+00
1.080000E+01  8.155E-01 7.552E-01  1.726E+00  2.742E+00
1.117000E+01  7.814E-01 7.946E-01  1.542E+00  2.831E+00
1.150000E+01  7.476E-01 8.326E-01  1.361E+00  2.910E+00
1.180800E+01  7.114E-01 8.735E-01  1.166E+00  2.990E+00
1.210000E+01  6.515E-01 9.122E-01  8.954E-01  3.013E+00
1.239900E+01  5.907E-01 9.263E-01  6.725E-01  2.947E+00
1.270000E+01  5.361E-01 9.332E-01  4.886E-01  2.867E+00
1.300000E+01  4.828E-01 9.361E-01  3.223E-01  2.776E+00
1.330000E+01  4.293E-01 9.326E-01  1.730E-01  2.666E+00
1.360000E+01  3.739E-01 9.175E-01  4.582E-02  2.521E+00
1.400000E+01  3.296E-01 8.694E-01  1.197E-02  2.312E+00
1.500000E+01  3.088E-01 8.905E-01 -8.012E-02  2.331E+00
1.600000E+01  1.560E-01 9.018E-01 -4.770E-01  2.085E+00
1.700000E+01  3.249E-02 8.475E-01 -6.522E-01  1.750E+00
1.800000E+01 -6.111E-02 7.722E-01 -7.148E-01  1.450E+00
1.900000E+01 -1.263E-01 6.868E-01 -7.084E-01  1.200E+00
2.000000E+01 -1.646E-01 5.985E-01 -6.603E-01  1.000E+00
2.100000E+01 -1.747E-01 5.150E-01 -5.840E-01  8.500E-01
2.200000E+01 -1.621E-01 4.535E-01 -5.036E-01  7.600E-01
2.300000E+01 -1.481E-01 4.167E-01 -4.478E-01  7.100E-01
2.400000E+01 -1.427E-01 3.907E-01 -4.176E-01  6.700E-01
2.500000E+01 -1.425E-01 3.673E-01 -3.996E-01  6.300E-01
2.600000E+01 -1.443E-01 3.447E-01 -3.865E-01  5.900E-01
2.700000E+01 -1.465E-01 3.222E-01 -3.754E-01  5.500E-01
2.800000E+01 -1.483E-01 2.994E-01 -3.643E-01  5.100E-01
2.900000E+01 -1.485E-01 2.760E-01 -3.510E-01  4.700E-01
3.000000E+01 -1.429E-01 2.520E-01 -3.289E-01  4.320E-01
3.200000E+01 -1.304E-01 2.239E-01 -2.939E-01  3.894E-01
3.400000E+01 -1.233E-01 2.002E-01 -2.715E-01  3.510E-01
3.600000E+01 -1.170E-01 1.794E-01 -2.524E-01  3.168E-01
3.800000E+01 -1.107E-01 1.611E-01 -2.350E-01  2.865E-01
4.000000E+01 -1.043E-01 1.450E-01 -2.188E-01  2.597E-01
4.200000E+01 -9.778E-02 1.308E-01 -2.031E-01  2.360E-01
4.400000E+01 -9.083E-02 1.183E-01 -1.874E-01  2.151E-01
4.470000E+01 -8.784E-02 1.142E-01 -1.810E-01  2.084E-01
4.500000E+01 -8.648E-02 1.133E-01 -1.783E-01  2.070E-01
4.600000E+01 -8.366E-02 1.090E-01 -1.722E-01  1.998E-01
4.700000E+01 -8.078E-02 1.043E-01 -1.659E-01  1.917E-01
4.800000E+01 -7.734E-02 9.955E-02 -1.586E-01  1.837E-01
4.900000E+01 -7.329E-02 9.539E-02 -1.503E-01  1.768E-01
5.000000E+01 -6.916E-02 9.207E-02 -1.420E-01  1.714E-01
5.100000E+01 -6.409E-02 8.847E-02 -1.319E-01  1.656E-01
5.200000E+01 -5.700E-02 8.696E-02 -1.183E-01  1.640E-01
5.250000E+01 -5.299E-02 8.791E-02 -1.109E-01  1.665E-01
5.290000E+01 -4.987E-02 8.920E-02 -1.052E-01  1.695E-01
5.330000E+01 -4.523E-02 9.154E-02 -9.680E-02  1.748E-01
5.370000E+01 -4.193E-02 9.957E-02 -9.201E-02  1.908E-01
5.410000E+01 -4.597E-02 1.099E-01 -1.019E-01  2.097E-01
5.450000E+01 -5.611E-02 1.137E-01 -1.220E-01  2.147E-01
5.490000E+01 -6.505E-02 1.111E-01 -1.382E-01  2.077E-01
5.530000E+01 -7.037E-02 1.060E-01 -1.470E-01  1.970E-01
5.570000E+01 -7.364E-02 1.007E-01 -1.520E-01  1.866E-01
5.610000E+01 -7.461E-02 9.412E-02 -1.525E-01  1.742E-01
5.650000E+01 -7.313E-02 8.939E-02 -1.489E-01  1.657E-01
5.690000E+01 -7.120E-02 8.592E-02 -1.447E-01  1.596E-01
5.730000E+01 -6.904E-02 8.368E-02 -1.403E-01  1.558E-01
5.770000E+01 -6.732E-02 8.240E-02 -1.369E-01  1.537E-01
5.810000E+01 -6.630E-02 8.129E-02 -1.348E-01  1.518E-01
5.850000E+01 -6.534E-02 7.998E-02 -1.328E-01  1.495E-01
5.890000E+01 -6.436E-02 7.888E-02 -1.308E-01  1.476E-01
5.990000E+01 -6.164E-02 7.636E-02 -1.253E-01  1.433E-01
6.090000E+01 -5.931E-02 7.558E-02 -1.208E-01  1.422E-01
6.190000E+01 -5.869E-02 7.591E-02 -1.197E-01  1.429E-01
6.240000E+01 -5.965E-02 7.588E-02 -1.215E-01  1.427E-01
6.290000E+01 -6.079E-02 7.432E-02 -1.234E-01  1.396E-01
6.390000E+01 -6.111E-02 7.083E-02 -1.235E-01  1.330E-01
6.490000E+01 -6.065E-02 6.765E-02 -1.222E-01  1.271E-01
6.500000E+01 -6.063E-02 6.728E-02 -1.221E-01  1.264E-01
6.600000E+01 -5.942E-02 6.400E-02 -1.194E-01  1.204E-01
6.700000E+01 -5.779E-02 6.129E-02 -1.160E-01  1.155E-01
6.800000E+01 -5.562E-02 5.887E-02 -1.116E-01  1.112E-01
6.900000E+01 -5.345E-02 5.800E-02 -1.074E-01  1.098E-01
7.000000E+01 -5.284E-02 5.765E-02 -1.062E-01  1.092E-01
7.100000E+01 -5.258E-02 5.573E-02 -1.055E-01  1.056E-01
7.200000E+01 -5.146E-02 5.414E-02 -1.032E-01  1.027E-01
7.300000E+01 -5.057E-02 5.319E-02 -1.014E-01  1.010E-01
7.350000E+01 -5.053E-02 5.282E-02 -1.013E-01  1.003E-01
7.400000E+01 -5.069E-02 5.184E-02 -1.015E-01  9.843E-02
7.500000E+01 -4.980E-02 4.953E-02 -9.956E-02  9.413E-02
7.600000E+01 -4.857E-02 4.819E-02 -9.709E-02  9.170E-02
7.700000E+01 -4.767E-02 4.691E-02 -9.526E-02  8.935E-02
7.800000E+01 -4.680E-02 4.566E-02 -9.349E-02  8.705E-02
7.900000E+01 -4.596E-02 4.445E-02 -9.178E-02  8.481E-02
8.000000E+01 -4.514E-02 4.326E-02 -9.011E-02  8.262E-02
8.100000E+01 -4.432E-02 4.209E-02 -8.844E-02  8.045E-02
8.200000E+01 -4.348E-02 4.095E-02 -8.675E-02  7.834E-02
8.300000E+01 -4.264E-02 3.986E-02 -8.504E-02  7.632E-02
8.380000E+01 -4.193E-02 3.901E-02 -8.362E-02  7.474E-02
8.400000E+01 -4.175E-02 3.883E-02 -8.326E-02  7.441E-02
8.500000E+01 -4.095E-02 3.786E-02 -8.165E-02  7.261E-02
8.600000E+01 -4.014E-02 3.684E-02 -8.003E-02  7.073E-02
8.700000E+01 -3.926E-02 3.585E-02 -7.827E-02  6.888E-02
8.800000E+01 -3.833E-02 3.490E-02 -7.640E-02  6.713E-02
8.900000E+01 -3.737E-02 3.405E-02 -7.450E-02  6.555E-02
9.000000E+01 -3.634E-02 3.319E-02 -7.246E-02  6.396E-02
9.100000E+01 -3.515E-02 3.247E-02 -7.012E-02  6.266E-02
9.200000E+01 -3.370E-02 3.208E-02 -6.730E-02  6.200E-02
9.300000E+01 -3.279E-02 3.275E-02 -6.557E-02  6.336E-02
9.360000E+01 -3.314E-02 3.301E-02 -6.627E-02  6.383E-02
9.400000E+01 -3.350E-02 3.255E-02 -6.693E-02  6.292E-02
9.500000E+01 -3.317E-02 3.098E-02 -6.619E-02  5.991E-02
9.580000E+01 -3.203E-02 2.985E-02 -6.393E-02  5.779E-02
9.600000E+01 -3.164E-02 2.989E-02 -6.316E-02  5.788E-02
9.700000E+01 -3.074E-02 2.974E-02 -6.141E-02  5.765E-02
9.800000E+01 -2.998E-02 2.915E-02 -5.990E-02  5.655E-02
9.900000E+01 -2.888E-02 2.848E-02 -5.773E-02  5.531E-02
1.000000E+02 -2.742E-02 2.805E-02 -5.488E-02  5.457E-02
1.010000E+02 -2.609E-02 2.808E-02 -5.229E-02  5.470E-02
1.020000E+02 -2.441E-02 2.770E-02 -4.898E-02  5.405E-02
1.030000E+02 -2.156E-02 2.813E-02 -4.344E-02  5.505E-02
1.040000E+02 -1.704E-02 3.081E-02 -3.473E-02  6.057E-02
1.050000E+02 -1.669E-02 4.120E-02 -3.480E-02  8.103E-02
1.056000E+02 -2.346E-02 4.631E-02 -4.852E-02  9.044E-02
1.060000E+02 -2.915E-02 4.489E-02 -5.946E-02  8.716E-02
1.070000E+02 -3.433E-02 3.769E-02 -6.891E-02  7.280E-02
1.080000E+02 -3.344E-02 3.213E-02 -6.679E-02  6.211E-02
1.090000E+02 -3.143E-02 3.077E-02 -6.281E-02  5.960E-02
1.100000E+02 -3.060E-02 2.977E-02 -6.114E-02  5.771E-02
1.110000E+02 -2.953E-02 2.907E-02 -5.903E-02  5.642E-02
1.120000E+02 -2.865E-02 2.942E-02 -5.734E-02  5.716E-02
1.126000E+02 -2.860E-02 2.993E-02 -5.728E-02  5.814E-02
1.130000E+02 -2.902E-02 3.031E-02 -5.812E-02  5.887E-02
1.140000E+02 -3.050E-02 2.986E-02 -6.095E-02  5.789E-02
1.150000E+02 -3.122E-02 2.820E-02 -6.226E-02  5.463E-02
1.160000E+02 -3.119E-02 2.678E-02 -6.212E-02  5.188E-02
1.170000E+02 -3.062E-02 2.519E-02 -6.094E-02  4.883E-02
1.180000E+02 -2.970E-02 2.435E-02 -5.911E-02  4.726E-02
1.190000E+02 -2.862E-02 2.364E-02 -5.698E-02  4.592E-02
1.200000E+02 -2.779E-02 2.385E-02 -5.537E-02  4.638E-02
1.220000E+02 -2.750E-02 2.407E-02 -5.483E-02  4.681E-02
1.240000E+02 -2.781E-02 2.373E-02 -5.540E-02  4.614E-02
1.246000E+02 -2.807E-02 2.379E-02 -5.591E-02  4.624E-02
1.250000E+02 -2.842E-02 2.354E-02 -5.658E-02  4.574E-02
1.260000E+02 -2.887E-02 2.258E-02 -5.741E-02  4.385E-02
1.270000E+02 -2.887E-02 2.143E-02 -5.736E-02  4.163E-02
1.280000E+02 -2.852E-02 2.049E-02 -5.664E-02  3.982E-02
1.290000E+02 -2.808E-02 1.976E-02 -5.577E-02  3.841E-02
1.300000E+02 -2.766E-02 1.913E-02 -5.492E-02  3.721E-02
1.350000E+02 -2.564E-02 1.685E-02 -5.091E-02  3.284E-02
1.400000E+02 -2.394E-02 1.543E-02 -4.755E-02  3.012E-02
1.450000E+02 -2.260E-02 1.414E-02 -4.488E-02  2.764E-02
1.458000E+02 -2.237E-02 1.395E-02 -4.443E-02  2.727E-02
1.460000E+02 -2.231E-02 1.391E-02 -4.431E-02  2.720E-02
1.470000E+02 -2.206E-02 1.371E-02 -4.383E-02  2.682E-02
1.480000E+02 -2.183E-02 1.348E-02 -4.336E-02  2.638E-02
1.490000E+02 -2.157E-02 1.326E-02 -4.285E-02  2.594E-02
1.500000E+02 -2.130E-02 1.303E-02 -4.231E-02  2.551E-02
1.510000E+02 -2.102E-02 1.284E-02 -4.177E-02  2.514E-02
1.520000E+02 -2.072E-02 1.264E-02 -4.117E-02  2.475E-02
1.530000E+02 -2.034E-02 1.250E-02 -4.043E-02  2.449E-02
1.540000E+02 -1.994E-02 1.251E-02 -3.963E-02  2.452E-02
1.544000E+02 -1.974E-02 1.257E-02 -3.925E-02  2.464E-02
1.548000E+02 -1.959E-02 1.283E-02 -3.896E-02  2.516E-02
1.552000E+02 -1.972E-02 1.315E-02 -3.923E-02  2.578E-02
1.556000E+02 -2.005E-02 1.322E-02 -3.987E-02  2.591E-02
1.560000E+02 -2.032E-02 1.306E-02 -4.039E-02  2.558E-02
1.564000E+02 -2.044E-02 1.282E-02 -4.063E-02  2.511E-02
1.568000E+02 -2.050E-02 1.258E-02 -4.073E-02  2.464E-02
1.572000E+02 -2.046E-02 1.230E-02 -4.066E-02  2.410E-02
1.576000E+02 -2.035E-02 1.209E-02 -4.044E-02  2.369E-02
1.580000E+02 -2.022E-02 1.193E-02 -4.018E-02  2.338E-02
1.590000E+02 -1.995E-02 1.168E-02 -3.964E-02  2.290E-02
1.600000E+02 -1.972E-02 1.147E-02 -3.919E-02  2.249E-02
1.610000E+02 -1.949E-02 1.128E-02 -3.873E-02  2.212E-02
1.620000E+02 -1.928E-02 1.116E-02 -3.831E-02  2.188E-02
1.630000E+02 -1.913E-02 1.106E-02 -3.802E-02  2.170E-02
1.635000E+02 -1.911E-02 1.101E-02 -3.797E-02  2.160E-02
1.640000E+02 -1.909E-02 1.089E-02 -3.793E-02  2.137E-02
1.650000E+02 -1.896E-02 1.065E-02 -3.768E-02  2.090E-02
1.660000E+02 -1.881E-02 1.043E-02 -3.738E-02  2.047E-02
1.670000E+02 -1.863E-02 1.019E-02 -3.701E-02  2.001E-02
1.680000E+02 -1.842E-02 1.001E-02 -3.660E-02  1.966E-02
1.690000E+02 -1.820E-02 9.839E-03 -3.617E-02  1.932E-02
1.700000E+02 -1.799E-02 9.730E-03 -3.575E-02  1.911E-02
1.710000E+02 -1.785E-02 9.647E-03 -3.547E-02  1.895E-02
1.720000E+02 -1.773E-02 9.498E-03 -3.524E-02  1.866E-02
1.730000E+02 -1.759E-02 9.355E-03 -3.495E-02  1.838E-02
1.740000E+02 -1.744E-02 9.241E-03 -3.467E-02  1.816E-02
1.746000E+02 -1.739E-02 9.175E-03 -3.456E-02  1.803E-02
1.750000E+02 -1.736E-02 9.113E-03 -3.450E-02  1.791E-02
1.760000E+02 -1.725E-02 8.934E-03 -3.429E-02  1.756E-02
1.780000E+02 -1.697E-02 8.576E-03 -3.372E-02  1.686E-02
1.800000E+02 -1.665E-02 8.273E-03 -3.310E-02  1.627E-02
1.850000E+02 -1.590E-02 7.621E-03 -3.161E-02  1.500E-02
1.900000E+02 -1.521E-02 7.062E-03 -3.023E-02  1.391E-02
1.950000E+02 -1.456E-02 6.561E-03 -2.895E-02  1.293E-02
2.000000E+02 -1.396E-02 6.095E-03 -2.776E-02  1.202E-02
2.100000E+02 -1.285E-02 5.278E-03 -2.556E-02  1.042E-02
2.200000E+02 -1.184E-02 4.591E-03 -2.357E-02  9.073E-03
2.300000E+02 -1.095E-02 4.011E-03 -2.179E-02  7.934E-03
2.400000E+02 -1.015E-02 3.520E-03 -2.020E-02  6.968E-03
2.500000E+02 -9.400E-03 3.101E-03 -1.872E-02  6.144E-03
2.600000E+02 -8.735E-03 2.743E-03 -1.740E-02  5.439E-03
2.700000E+02 -8.130E-03 2.436E-03 -1.620E-02  4.832E-03
2.800000E+02 -7.587E-03 2.170E-03 -1.512E-02  4.308E-03
2.900000E+02 -7.083E-03 1.940E-03 -1.412E-02  3.853E-03
3.000000E+02 -6.631E-03 1.740E-03 -1.322E-02  3.457E-03
3.200000E+02 -5.831E-03 1.412E-03 -1.163E-02  2.808E-03
3.400000E+02 -5.158E-03 1.159E-03 -1.029E-02  2.306E-03
3.600000E+02 -4.583E-03 9.609E-04 -9.146E-03  1.913E-03
3.800000E+02 -4.089E-03 8.033E-04 -8.162E-03  1.600E-03
4.000000E+02 -3.660E-03 6.775E-04 -7.307E-03  1.350E-03
4.200000E+02 -3.284E-03 5.759E-04 -6.557E-03  1.148E-03
4.400000E+02 -2.949E-03 4.927E-04 -5.890E-03  9.825E-04
4.600000E+02 -2.646E-03 4.243E-04 -5.285E-03  8.463E-04
4.800000E+02 -2.363E-03 3.675E-04 -4.720E-03  7.333E-04
5.000000E+02 -2.079E-03 3.201E-04 -4.154E-03  6.388E-04
5.200000E+02 -1.726E-03 2.801E-04 -3.450E-03  5.593E-04
5.250000E+02 -1.585E-03 2.711E-04 -3.167E-03  5.414E-04
5.278000E+02 -1.443E-03 2.662E-04 -2.883E-03  5.317E-04
5.280000E+02 -1.430E-03 2.837E-04 -2.858E-03  5.665E-04
5.285000E+02 -1.410E-03 3.182E-04 -2.819E-03  6.356E-04
5.290000E+02 -1.405E-03 3.262E-04 -2.808E-03  6.515E-04
5.300000E+02 -1.375E-03 3.332E-04 -2.748E-03  6.655E-04
5.310000E+02 -1.324E-03 3.314E-04 -2.647E-03  6.619E-04
5.320000E+02 -1.247E-03 3.384E-04 -2.492E-03  6.759E-04
5.330000E+02 -1.161E-03 3.717E-04 -2.321E-03  7.426E-04
5.340000E+02 -1.042E-03 3.874E-04 -2.082E-03  7.739E-04
5.344000E+02 -9.674E-04 4.129E-04 -1.934E-03  8.250E-04
5.348000E+02 -8.778E-04 4.471E-04 -1.755E-03  8.934E-04
5.352000E+02 -7.812E-04 5.164E-04 -1.562E-03  1.032E-03
5.356000E+02 -6.851E-04 6.204E-04 -1.370E-03  1.240E-03
5.360000E+02 -5.574E-04 7.414E-04 -1.115E-03  1.482E-03
5.364000E+02 -4.236E-04 9.149E-04 -8.479E-04  1.829E-03
5.368000E+02 -4.078E-04 1.333E-03 -8.172E-04  2.664E-03
5.372000E+02 -6.506E-04 1.820E-03 -1.304E-03  3.637E-03
5.376000E+02 -1.081E-03 1.993E-03 -2.165E-03  3.981E-03
5.380000E+02 -1.493E-03 1.889E-03 -2.988E-03  3.772E-03
5.390000E+02 -1.917E-03 1.378E-03 -3.833E-03  2.751E-03
5.400000E+02 -1.870E-03 9.944E-04 -3.738E-03  1.985E-03
5.410000E+02 -1.737E-03 9.271E-04 -3.471E-03  1.851E-03
5.420000E+02 -1.684E-03 8.935E-04 -3.366E-03  1.784E-03
5.430000E+02 -1.620E-03 8.819E-04 -3.239E-03  1.761E-03
5.440000E+02 -1.573E-03 9.480E-04 -3.144E-03  1.893E-03
5.450000E+02 -1.613E-03 1.057E-03 -3.224E-03  2.111E-03
5.455000E+02 -1.688E-03 1.099E-03 -3.375E-03  2.194E-03
5.460000E+02 -1.765E-03 1.063E-03 -3.528E-03  2.122E-03
5.470000E+02 -1.829E-03 9.743E-04 -3.655E-03  1.945E-03
5.480000E+02 -1.850E-03 9.032E-04 -3.698E-03  1.803E-03
5.490000E+02 -1.827E-03 8.150E-04 -3.651E-03  1.627E-03
5.500000E+02 -1.774E-03 7.869E-04 -3.546E-03  1.571E-03
5.510000E+02 -1.709E-03 7.673E-04 -3.416E-03  1.532E-03
5.520000E+02 -1.648E-03 8.244E-04 -3.294E-03  1.646E-03
5.530000E+02 -1.674E-03 9.150E-04 -3.346E-03  1.827E-03
5.540000E+02 -1.727E-03 9.126E-04 -3.452E-03  1.822E-03
5.550000E+02 -1.740E-03 9.146E-04 -3.477E-03  1.826E-03
5.560000E+02 -1.763E-03 9.497E-04 -3.523E-03  1.896E-03
5.566000E+02 -1.809E-03 9.733E-04 -3.615E-03  1.943E-03
5.570000E+02 -1.845E-03 9.638E-04 -3.688E-03  1.924E-03
5.580000E+02 -1.912E-03 9.107E-04 -3.821E-03  1.818E-03
5.590000E+02 -1.936E-03 8.411E-04 -3.868E-03  1.679E-03
5.600000E+02 -1.929E-03 7.885E-04 -3.855E-03  1.574E-03
5.620000E+02 -1.907E-03 7.254E-04 -3.810E-03  1.448E-03
5.650000E+02 -1.865E-03 6.607E-04 -3.726E-03  1.319E-03
5.700000E+02 -1.797E-03 6.141E-04 -3.592E-03  1.226E-03
5.750000E+02 -1.751E-03 5.970E-04 -3.500E-03  1.192E-03
5.800000E+02 -1.721E-03 5.805E-04 -3.439E-03  1.159E-03
5.900000E+02 -1.668E-03 5.494E-04 -3.333E-03  1.097E-03
6.000000E+02 -1.619E-03 5.203E-04 -3.235E-03  1.039E-03
6.200000E+02 -1.523E-03 4.675E-04 -3.044E-03  9.335E-04
6.400000E+02 -1.427E-03 4.211E-04 -2.853E-03  8.410E-04
6.600000E+02 -1.328E-03 3.803E-04 -2.654E-03  7.595E-04
6.800000E+02 -1.214E-03 3.442E-04 -2.426E-03  6.875E-04
6.850000E+02 -1.179E-03 3.358E-04 -2.356E-03  6.708E-04
6.900000E+02 -1.137E-03 3.277E-04 -2.272E-03  6.547E-04
6.950000E+02 -1.083E-03 3.208E-04 -2.164E-03  6.410E-04
6.960000E+02 -1.069E-03 3.195E-04 -2.137E-03  6.383E-04
6.970000E+02 -1.054E-03 3.181E-04 -2.107E-03  6.356E-04
6.980000E+02 -1.038E-03 3.167E-04 -2.074E-03  6.328E-04
6.990000E+02 -1.018E-03 3.154E-04 -2.035E-03  6.301E-04
7.000000E+02 -9.955E-04 3.140E-04 -1.990E-03  6.274E-04
7.010000E+02 -9.684E-04 3.128E-04 -1.936E-03  6.249E-04
7.020000E+02 -9.339E-04 3.115E-04 -1.867E-03  6.224E-04
7.030000E+02 -8.879E-04 3.104E-04 -1.775E-03  6.202E-04
7.040000E+02 -8.188E-04 3.095E-04 -1.637E-03  6.185E-04
7.045000E+02 -7.658E-04 3.100E-04 -1.531E-03  6.196E-04
7.050000E+02 -6.857E-04 3.163E-04 -1.371E-03  6.322E-04
7.055000E+02 -5.636E-04 3.475E-04 -1.127E-03  6.947E-04
7.060000E+02 -4.150E-04 4.535E-04 -8.299E-04  9.066E-04
7.065000E+02 -3.134E-04 6.997E-04 -6.272E-04  1.399E-03
7.070000E+02 -3.765E-04 1.075E-03 -7.540E-04  2.149E-03
7.074000E+02 -5.943E-04 1.352E-03 -1.190E-03  2.702E-03
7.076000E+02 -7.458E-04 1.437E-03 -1.493E-03  2.871E-03
7.078000E+02 -9.084E-04 1.469E-03 -1.818E-03  2.936E-03
7.080000E+02 -1.068E-03 1.446E-03 -2.137E-03  2.888E-03
7.082000E+02 -1.218E-03 1.373E-03 -2.436E-03  2.742E-03
7.084000E+02 -1.341E-03 1.265E-03 -2.681E-03  2.526E-03
7.086000E+02 -1.429E-03 1.145E-03 -2.857E-03  2.286E-03
7.088000E+02 -1.481E-03 1.025E-03 -2.961E-03  2.046E-03
7.090000E+02 -1.498E-03 9.094E-04 -2.994E-03  1.816E-03
7.095000E+02 -1.455E-03 7.140E-04 -2.908E-03  1.426E-03
7.100000E+02 -1.383E-03 6.639E-04 -2.765E-03  1.326E-03
7.105000E+02 -1.359E-03 6.584E-04 -2.716E-03  1.315E-03
7.110000E+02 -1.371E-03 6.158E-04 -2.740E-03  1.230E-03
7.115000E+02 -1.372E-03 5.402E-04 -2.743E-03  1.079E-03
7.120000E+02 -1.344E-03 4.732E-04 -2.686E-03  9.452E-04
7.125000E+02 -1.297E-03 4.364E-04 -2.593E-03  8.716E-04
7.130000E+02 -1.253E-03 4.225E-04 -2.505E-03  8.439E-04
7.140000E+02 -1.195E-03 4.174E-04 -2.388E-03  8.339E-04
7.150000E+02 -1.157E-03 4.163E-04 -2.312E-03  8.316E-04
7.160000E+02 -1.125E-03 4.152E-04 -2.248E-03  8.295E-04
7.170000E+02 -1.090E-03 4.142E-04 -2.178E-03  8.274E-04
7.180000E+02 -1.033E-03 4.173E-04 -2.066E-03  8.337E-04
7.190000E+02 -9.504E-04 4.740E-04 -1.900E-03  9.470E-04
7.200000E+02 -9.673E-04 6.641E-04 -1.934E-03  1.327E-03
7.202000E+02 -9.993E-04 6.987E-04 -1.998E-03  1.396E-03
7.204000E+02 -1.038E-03 7.217E-04 -2.076E-03  1.442E-03
7.206000E+02 -1.081E-03 7.308E-04 -2.162E-03  1.460E-03
7.208000E+02 -1.124E-03 7.243E-04 -2.247E-03  1.447E-03
7.210000E+02 -1.161E-03 7.043E-04 -2.321E-03  1.407E-03
7.212000E+02 -1.191E-03 6.743E-04 -2.381E-03  1.347E-03
7.215000E+02 -1.220E-03 6.258E-04 -2.439E-03  1.250E-03
7.220000E+02 -1.227E-03 5.652E-04 -2.452E-03  1.129E-03
7.225000E+02 -1.210E-03 5.336E-04 -2.419E-03  1.066E-03
7.230000E+02 -1.199E-03 5.296E-04 -2.397E-03  1.058E-03
7.235000E+02 -1.200E-03 5.256E-04 -2.398E-03  1.050E-03
7.240000E+02 -1.204E-03 5.091E-04 -2.407E-03  1.017E-03
7.245000E+02 -1.202E-03 4.876E-04 -2.403E-03  9.740E-04
7.250000E+02 -1.193E-03 4.720E-04 -2.384E-03  9.428E-04
7.260000E+02 -1.171E-03 4.616E-04 -2.340E-03  9.221E-04
7.270000E+02 -1.157E-03 4.598E-04 -2.313E-03  9.185E-04
7.280000E+02 -1.149E-03 4.584E-04 -2.297E-03  9.158E-04
7.290000E+02 -1.143E-03 4.571E-04 -2.285E-03  9.131E-04
7.300000E+02 -1.139E-03 4.557E-04 -2.276E-03  9.103E-04
7.350000E+02 -1.123E-03 4.486E-04 -2.245E-03  8.961E-04
7.400000E+02 -1.112E-03 4.415E-04 -2.223E-03  8.821E-04
7.450000E+02 -1.103E-03 4.346E-04 -2.204E-03  8.682E-04
7.500000E+02 -1.093E-03 4.277E-04 -2.185E-03  8.545E-04
7.550000E+02 -1.084E-03 4.211E-04 -2.167E-03  8.412E-04
7.600000E+02 -1.076E-03 4.145E-04 -2.150E-03  8.282E-04
7.650000E+02 -1.067E-03 4.082E-04 -2.132E-03  8.155E-04
7.700000E+02 -1.058E-03 4.019E-04 -2.115E-03  8.030E-04
7.750000E+02 -1.049E-03 3.959E-04 -2.097E-03  7.909E-04
7.800000E+02 -1.040E-03 3.900E-04 -2.080E-03  7.791E-04
7.850000E+02 -1.032E-03 3.841E-04 -2.063E-03  7.675E-04
7.900000E+02 -1.024E-03 3.785E-04 -2.047E-03  7.563E-04
7.950000E+02 -1.016E-03 3.730E-04 -2.031E-03  7.452E-04
8.000000E+02 -1.009E-03 3.676E-04 -2.017E-03  7.345E-04
8.050000E+02 -1.002E-03 3.602E-04 -2.003E-03  7.196E-04
8.100000E+02 -9.934E-04 3.530E-04 -1.986E-03  7.052E-04
8.150000E+02 -9.849E-04 3.459E-04 -1.969E-03  6.911E-04
8.200000E+02 -9.759E-04 3.390E-04 -1.951E-03  6.774E-04
8.250000E+02 -9.664E-04 3.323E-04 -1.932E-03  6.639E-04
8.300000E+02 -9.569E-04 3.258E-04 -1.913E-03  6.509E-04
8.350000E+02 -9.464E-04 3.194E-04 -1.892E-03  6.381E-04
8.380000E+02 -9.394E-04 3.155E-04 -1.878E-03  6.305E-04
8.390000E+02 -9.369E-04 3.145E-04 -1.873E-03  6.285E-04
8.400000E+02 -9.344E-04 3.135E-04 -1.868E-03  6.264E-04
8.410000E+02 -9.319E-04 3.126E-04 -1.863E-03  6.247E-04
8.420000E+02 -9.294E-04 3.116E-04 -1.858E-03  6.226E-04
8.430000E+02 -9.269E-04 3.104E-04 -1.853E-03  6.202E-04
8.440000E+02 -9.239E-04 3.092E-04 -1.847E-03  6.178E-04
8.450000E+02 -9.204E-04 3.081E-04 -1.840E-03  6.157E-04
8.460000E+02 -9.164E-04 3.077E-04 -1.832E-03  6.149E-04
8.470000E+02 -9.119E-04 3.085E-04 -1.823E-03  6.164E-04
8.480000E+02 -9.079E-04 3.112E-04 -1.815E-03  6.218E-04
8.490000E+02 -9.064E-04 3.139E-04 -1.812E-03  6.272E-04
8.500000E+02 -9.054E-04 3.166E-04 -1.810E-03  6.326E-04
8.510000E+02 -9.054E-04 3.179E-04 -1.810E-03  6.353E-04
8.520000E+02 -9.049E-04 3.192E-04 -1.809E-03  6.379E-04
8.530000E+02 -9.049E-04 3.204E-04 -1.809E-03  6.402E-04
8.540000E+02 -9.054E-04 3.215E-04 -1.810E-03  6.425E-04
8.550000E+02 -9.064E-04 3.225E-04 -1.812E-03  6.444E-04
8.560000E+02 -9.084E-04 3.226E-04 -1.816E-03  6.447E-04
8.570000E+02 -9.104E-04 3.209E-04 -1.820E-03  6.412E-04
8.580000E+02 -9.114E-04 3.184E-04 -1.822E-03  6.362E-04
8.590000E+02 -9.114E-04 3.155E-04 -1.822E-03  6.304E-04
8.600000E+02 -9.109E-04 3.128E-04 -1.821E-03  6.250E-04
8.610000E+02 -9.099E-04 3.103E-04 -1.819E-03  6.201E-04
8.620000E+02 -9.079E-04 3.080E-04 -1.815E-03  6.155E-04
8.630000E+02 -9.064E-04 3.063E-04 -1.812E-03  6.121E-04
8.640000E+02 -9.044E-04 3.049E-04 -1.808E-03  6.092E-04
8.650000E+02 -9.029E-04 3.035E-04 -1.805E-03  6.064E-04
8.660000E+02 -9.014E-04 3.021E-04 -1.802E-03  6.037E-04
8.670000E+02 -9.004E-04 3.009E-04 -1.800E-03  6.012E-04
8.680000E+02 -8.984E-04 2.997E-04 -1.796E-03  5.988E-04
8.690000E+02 -8.974E-04 2.985E-04 -1.794E-03  5.964E-04
8.700000E+02 -8.959E-04 2.973E-04 -1.791E-03  5.941E-04
8.720000E+02 -8.929E-04 2.947E-04 -1.785E-03  5.889E-04
8.740000E+02 -8.904E-04 2.922E-04 -1.780E-03  5.839E-04
8.760000E+02 -8.874E-04 2.896E-04 -1.774E-03  5.787E-04
8.780000E+02 -8.839E-04 2.868E-04 -1.767E-03  5.730E-04
8.800000E+02 -8.804E-04 2.844E-04 -1.760E-03  5.683E-04
8.820000E+02 -8.769E-04 2.824E-04 -1.753E-03  5.644E-04
8.840000E+02 -8.734E-04 2.806E-04 -1.746E-03  5.608E-04
8.860000E+02 -8.699E-04 2.790E-04 -1.739E-03  5.576E-04
8.880000E+02 -8.664E-04 2.775E-04 -1.732E-03  5.546E-04
8.900000E+02 -8.633E-04 2.761E-04 -1.726E-03  5.518E-04
8.950000E+02 -8.568E-04 2.725E-04 -1.713E-03  5.446E-04
9.000000E+02 -8.503E-04 2.684E-04 -1.700E-03  5.363E-04
9.030000E+02 -8.463E-04 2.657E-04 -1.692E-03  5.309E-04
9.050000E+02 -8.443E-04 2.637E-04 -1.688E-03  5.270E-04
9.100000E+02 -8.373E-04 2.586E-04 -1.674E-03  5.167E-04
9.150000E+02 -8.303E-04 2.534E-04 -1.660E-03  5.063E-04
9.200000E+02 -8.233E-04 2.484E-04 -1.646E-03  4.963E-04
9.250000E+02 -8.158E-04 2.437E-04 -1.631E-03  4.871E-04
9.300000E+02 -8.083E-04 2.396E-04 -1.616E-03  4.788E-04
9.350000E+02 -8.013E-04 2.355E-04 -1.602E-03  4.707E-04
9.400000E+02 -7.938E-04 2.316E-04 -1.587E-03  4.628E-04
9.450000E+02 -7.868E-04 2.278E-04 -1.573E-03  4.552E-04
9.500000E+02 -7.803E-04 2.241E-04 -1.560E-03  4.479E-04
9.550000E+02 -7.738E-04 2.205E-04 -1.547E-03  4.406E-04
9.600000E+02 -7.673E-04 2.166E-04 -1.534E-03  4.329E-04
9.650000E+02 -7.603E-04 2.129E-04 -1.520E-03  4.254E-04
9.700000E+02 -7.538E-04 2.092E-04 -1.507E-03  4.180E-04
9.750000E+02 -7.473E-04 2.056E-04 -1.494E-03  4.108E-04
9.800000E+02 -7.408E-04 2.020E-04 -1.481E-03  4.038E-04
9.850000E+02 -7.343E-04 1.986E-04 -1.468E-03  3.969E-04
9.900000E+02 -7.278E-04 1.952E-04 -1.455E-03  3.902E-04
9.950000E+02 -7.218E-04 1.919E-04 -1.443E-03  3.836E-04
1.000000E+03 -7.152E-04 1.887E-04 -1.430E-03  3.771E-04
1.050000E+03 -6.557E-04 1.598E-04 -1.311E-03  3.193E-04
1.100000E+03 -6.012E-04 1.361E-04 -1.202E-03  2.720E-04
1.150000E+03 -5.517E-04 1.166E-04 -1.103E-03  2.331E-04
1.200000E+03 -5.066E-04 1.005E-04 -1.013E-03  2.009E-04
1.250000E+03 -4.641E-04 8.704E-05 -9.280E-04  1.740E-04
1.300000E+03 -4.098E-04 7.578E-05 -8.195E-04  1.515E-04
1.300800E+03 -4.077E-04 7.558E-05 -8.153E-04  1.511E-04
1.301000E+03 -4.073E-04 7.638E-05 -8.144E-04  1.527E-04
1.302000E+03 -4.050E-04 7.818E-05 -8.098E-04  1.563E-04
1.303000E+03 -4.034E-04 7.838E-05 -8.066E-04  1.567E-04
1.304000E+03 -4.008E-04 7.818E-05 -8.014E-04  1.563E-04
1.305000E+03 -3.973E-04 7.838E-05 -7.944E-04  1.567E-04
1.306000E+03 -3.928E-04 7.978E-05 -7.855E-04  1.595E-04
1.307000E+03 -3.862E-04 8.038E-05 -7.722E-04  1.607E-04
1.308000E+03 -3.764E-04 8.438E-05 -7.527E-04  1.687E-04
1.309000E+03 -3.616E-04 9.638E-05 -7.230E-04  1.927E-04
1.309400E+03 -3.638E-04 1.043E-04 -7.274E-04  2.086E-04
1.309800E+03 -3.703E-04 1.234E-04 -7.405E-04  2.468E-04
1.310200E+03 -3.786E-04 1.458E-04 -7.571E-04  2.915E-04
1.310600E+03 -3.865E-04 1.537E-04 -7.728E-04  3.073E-04
1.311000E+03 -3.978E-04 1.488E-04 -7.955E-04  2.975E-04
1.311400E+03 -4.111E-04 1.399E-04 -8.220E-04  2.797E-04
1.311800E+03 -4.209E-04 1.310E-04 -8.416E-04  2.619E-04
1.312200E+03 -4.248E-04 1.197E-04 -8.494E-04  2.393E-04
1.312600E+03 -4.252E-04 1.124E-04 -8.503E-04  2.247E-04
1.313000E+03 -4.243E-04 1.075E-04 -8.485E-04  2.149E-04
1.314000E+03 -4.179E-04 1.043E-04 -8.357E-04  2.086E-04
1.315000E+03 -4.140E-04 1.027E-04 -8.279E-04  2.053E-04
1.316000E+03 -4.108E-04 1.020E-04 -8.214E-04  2.040E-04
1.317000E+03 -4.091E-04 1.050E-04 -8.181E-04  2.100E-04
1.318000E+03 -4.112E-04 1.100E-04 -8.222E-04  2.199E-04
1.319000E+03 -4.156E-04 1.101E-04 -8.310E-04  2.202E-04
1.320000E+03 -4.192E-04 1.059E-04 -8.382E-04  2.118E-04
1.321000E+03 -4.199E-04 1.025E-04 -8.397E-04  2.050E-04
1.322000E+03 -4.186E-04 9.839E-05 -8.370E-04  1.967E-04
1.323000E+03 -4.159E-04 9.699E-05 -8.316E-04  1.939E-04
1.324000E+03 -4.124E-04 9.599E-05 -8.246E-04  1.919E-04
1.325000E+03 -4.103E-04 9.854E-05 -8.204E-04  1.970E-04
1.326000E+03 -4.105E-04 1.027E-04 -8.208E-04  2.053E-04
1.327000E+03 -4.119E-04 1.024E-04 -8.237E-04  2.048E-04
1.328000E+03 -4.129E-04 1.024E-04 -8.256E-04  2.048E-04
1.329000E+03 -4.144E-04 1.040E-04 -8.286E-04  2.080E-04
1.329600E+03 -4.158E-04 1.051E-04 -8.315E-04  2.101E-04
1.330000E+03 -4.170E-04 1.046E-04 -8.338E-04  2.091E-04
1.331000E+03 -4.198E-04 1.020E-04 -8.394E-04  2.039E-04
1.332000E+03 -4.207E-04 9.864E-05 -8.413E-04  1.972E-04
1.333000E+03 -4.203E-04 9.609E-05 -8.404E-04  1.921E-04
1.335000E+03 -4.184E-04 9.294E-05 -8.366E-04  1.858E-04
1.340000E+03 -4.141E-04 8.879E-05 -8.281E-04  1.775E-04
1.350000E+03 -4.068E-04 8.468E-05 -8.134E-04  1.693E-04
1.360000E+03 -4.007E-04 8.248E-05 -8.013E-04  1.649E-04
1.380000E+03 -3.903E-04 7.838E-05 -7.805E-04  1.567E-04
1.400000E+03 -3.804E-04 7.448E-05 -7.607E-04  1.489E-04
1.450000E+03 -3.569E-04 6.577E-05 -7.136E-04  1.315E-04
1.500000E+03 -3.349E-04 5.832E-05 -6.696E-04  1.166E-04
1.600000E+03 -2.955E-04 4.631E-05 -5.909E-04  9.260E-05
1.700000E+03 -2.613E-04 3.723E-05 -5.225E-04  7.445E-05
1.800000E+03 -2.296E-04 3.028E-05 -4.591E-04  6.054E-05
1.835000E+03 -2.129E-04 2.823E-05 -4.257E-04  5.645E-05
1.835800E+03 -2.121E-04 2.819E-05 -4.242E-04  5.636E-05
1.836000E+03 -2.120E-04 2.853E-05 -4.239E-04  5.705E-05
1.837000E+03 -2.110E-04 2.937E-05 -4.220E-04  5.873E-05
1.838000E+03 -2.101E-04 2.949E-05 -4.201E-04  5.897E-05
1.839000E+03 -2.090E-04 2.944E-05 -4.179E-04  5.886E-05
1.840000E+03 -2.076E-04 2.956E-05 -4.151E-04  5.910E-05
1.841000E+03 -2.054E-04 3.022E-05 -4.108E-04  6.042E-05
1.842000E+03 -2.022E-04 3.052E-05 -4.043E-04  6.102E-05
1.843000E+03 -1.965E-04 3.233E-05 -3.930E-04  6.464E-05
1.844000E+03 -1.947E-04 3.769E-05 -3.893E-04  7.537E-05
1.844400E+03 -1.969E-04 4.122E-05 -3.938E-04  8.243E-05
1.844800E+03 -1.993E-04 4.973E-05 -3.986E-04  9.945E-05
1.845200E+03 -2.021E-04 5.966E-05 -4.041E-04  1.193E-04
1.845600E+03 -2.046E-04 6.316E-05 -4.092E-04  1.263E-04
1.846000E+03 -2.069E-04 6.101E-05 -4.138E-04  1.220E-04
1.846400E+03 -2.096E-04 5.706E-05 -4.192E-04  1.141E-04
1.846800E+03 -2.138E-04 5.316E-05 -4.276E-04  1.063E-04
1.847200E+03 -2.178E-04 4.816E-05 -4.355E-04  9.629E-05
1.847600E+03 -2.197E-04 4.493E-05 -4.393E-04  8.985E-05
1.848000E+03 -2.199E-04 4.278E-05 -4.398E-04  8.554E-05
1.848400E+03 -2.195E-04 4.169E-05 -4.389E-04  8.336E-05
1.848800E+03 -2.185E-04 4.148E-05 -4.370E-04  8.295E-05
1.849200E+03 -2.172E-04 4.128E-05 -4.343E-04  8.255E-05
1.849600E+03 -2.160E-04 4.090E-05 -4.320E-04  8.179E-05
1.850000E+03 -2.151E-04 4.070E-05 -4.302E-04  8.139E-05
1.851000E+03 -2.139E-04 4.046E-05 -4.277E-04  8.091E-05
1.852000E+03 -2.137E-04 4.182E-05 -4.273E-04  8.362E-05
1.853000E+03 -2.145E-04 4.406E-05 -4.289E-04  8.810E-05
1.854000E+03 -2.158E-04 4.417E-05 -4.316E-04  8.833E-05
1.855000E+03 -2.175E-04 4.234E-05 -4.349E-04  8.467E-05
1.856000E+03 -2.180E-04 4.087E-05 -4.359E-04  8.172E-05
1.857000E+03 -2.175E-04 3.904E-05 -4.349E-04  7.807E-05
1.858000E+03 -2.163E-04 3.845E-05 -4.326E-04  7.689E-05
1.859000E+03 -2.148E-04 3.804E-05 -4.296E-04  7.607E-05
1.860000E+03 -2.144E-04 3.922E-05 -4.287E-04  7.842E-05
1.861000E+03 -2.141E-04 4.110E-05 -4.282E-04  8.218E-05
1.862000E+03 -2.144E-04 4.104E-05 -4.287E-04  8.206E-05
1.863000E+03 -2.152E-04 4.107E-05 -4.304E-04  8.212E-05
1.864000E+03 -2.161E-04 4.180E-05 -4.321E-04  8.358E-05
1.864600E+03 -2.166E-04 4.229E-05 -4.332E-04  8.456E-05
1.865000E+03 -2.170E-04 4.209E-05 -4.340E-04  8.416E-05
1.866000E+03 -2.180E-04 4.097E-05 -4.359E-04  8.193E-05
1.867000E+03 -2.186E-04 3.951E-05 -4.371E-04  7.900E-05
1.868000E+03 -2.185E-04 3.840E-05 -4.370E-04  7.678E-05
1.869000E+03 -2.181E-04 3.764E-05 -4.362E-04  7.526E-05
1.870000E+03 -2.176E-04 3.705E-05 -4.351E-04  7.409E-05
1.871000E+03 -2.170E-04 3.647E-05 -4.340E-04  7.293E-05
1.872000E+03 -2.166E-04 3.641E-05 -4.331E-04  7.281E-05
1.873000E+03 -2.161E-04 3.636E-05 -4.322E-04  7.270E-05
1.874000E+03 -2.159E-04 3.630E-05 -4.318E-04  7.259E-05
1.875000E+03 -2.158E-04 3.625E-05 -4.315E-04  7.248E-05
1.880000E+03 -2.145E-04 3.495E-05 -4.290E-04  6.988E-05
1.900000E+03 -2.101E-04 3.367E-05 -4.202E-04  6.732E-05
2.000000E+03 -1.920E-04 2.807E-05 -3.840E-04  5.612E-05
2.200000E+03 -1.607E-04 1.995E-05 -3.213E-04  3.989E-05
2.400000E+03 -1.357E-04 1.456E-05 -2.714E-04  2.912E-05
2.600000E+03 -1.159E-04 1.087E-05 -2.317E-04  2.174E-05
2.800000E+03 -1.000E-04 8.281E-06 -2.000E-04  1.656E-05
3.000000E+03 -8.710E-05 6.421E-06 -1.742E-04  1.284E-05
3.500000E+03 -6.395E-05 3.615E-06 -1.279E-04  7.229E-06
4.000000E+03 -4.880E-05 2.188E-06 -9.759E-05  4.376E-06
4.500000E+03 -3.844E-05 1.401E-06 -7.687E-05  2.802E-06
5.000000E+03 -3.091E-05 9.380E-07 -6.181E-05  1.876E-06
5.500000E+03 -2.552E-05 6.515E-07 -5.104E-05  1.303E-06
6.000000E+03 -2.135E-05 4.667E-07 -4.270E-05  9.333E-07
6.500000E+03 -1.801E-05 3.429E-07 -3.602E-05  6.858E-07
7.000000E+03 -1.521E-05 2.576E-07 -3.041E-05  5.152E-07
7.100000E+03 -1.432E-05 2.439E-07 -2.864E-05  4.877E-07
7.105000E+03 -1.421E-05 2.432E-07 -2.841E-05  4.864E-07
7.106000E+03 -1.417E-05 2.499E-07 -2.834E-05  4.997E-07
7.107000E+03 -1.412E-05 2.565E-07 -2.824E-05  5.130E-07
7.108000E+03 -1.405E-05 2.700E-07 -2.810E-05  5.399E-07
7.109000E+03 -1.399E-05 2.766E-07 -2.798E-05  5.532E-07
7.110000E+03 -1.394E-05 2.765E-07 -2.787E-05  5.529E-07
7.111000E+03 -1.390E-05 2.763E-07 -2.779E-05  5.526E-07
7.112000E+03 -1.386E-05 2.830E-07 -2.772E-05  5.659E-07
7.113000E+03 -1.383E-05 3.100E-07 -2.766E-05  6.199E-07
7.114000E+03 -1.381E-05 3.776E-07 -2.761E-05  7.552E-07
7.115000E+03 -1.379E-05 5.130E-07 -2.758E-05  1.026E-06
7.116000E+03 -1.379E-05 6.485E-07 -2.758E-05  1.297E-06
7.117000E+03 -1.381E-05 7.840E-07 -2.761E-05  1.568E-06
7.118000E+03 -1.383E-05 8.715E-07 -2.765E-05  1.743E-06
7.119000E+03 -1.386E-05 9.595E-07 -2.771E-05  1.919E-06
7.120000E+03 -1.388E-05 1.041E-06 -2.776E-05  2.081E-06
7.121000E+03 -1.392E-05 1.122E-06 -2.784E-05  2.243E-06
7.122000E+03 -1.398E-05 1.196E-06 -2.796E-05  2.392E-06
7.123000E+03 -1.404E-05 1.243E-06 -2.808E-05  2.486E-06
7.124000E+03 -1.410E-05 1.223E-06 -2.820E-05  2.445E-06
7.125000E+03 -1.415E-05 1.175E-06 -2.830E-05  2.350E-06
7.126000E+03 -1.420E-05 1.114E-06 -2.840E-05  2.227E-06
7.127000E+03 -1.425E-05 1.060E-06 -2.850E-05  2.119E-06
7.128000E+03 -1.430E-05 1.012E-06 -2.860E-05  2.023E-06
7.129000E+03 -1.435E-05 9.710E-07 -2.870E-05  1.942E-06
7.130000E+03 -1.440E-05 9.505E-07 -2.879E-05  1.901E-06
7.135000E+03 -1.442E-05 9.115E-07 -2.883E-05  1.823E-06
7.140000E+03 -1.442E-05 8.805E-07 -2.883E-05  1.761E-06
7.145000E+03 -1.439E-05 8.335E-07 -2.878E-05  1.667E-06
7.150000E+03 -1.435E-05 8.310E-07 -2.869E-05  1.662E-06
7.155000E+03 -1.431E-05 8.705E-07 -2.862E-05  1.741E-06
7.160000E+03 -1.431E-05 9.230E-07 -2.862E-05  1.846E-06
7.165000E+03 -1.433E-05 9.555E-07 -2.866E-05  1.911E-06
7.170000E+03 -1.437E-05 9.680E-07 -2.874E-05  1.936E-06
7.175000E+03 -1.440E-05 9.535E-07 -2.879E-05  1.907E-06
7.180000E+03 -1.441E-05 9.255E-07 -2.882E-05  1.851E-06
7.185000E+03 -1.441E-05 9.040E-07 -2.881E-05  1.808E-06
7.190000E+03 -1.439E-05 8.830E-07 -2.878E-05  1.766E-06
7.195000E+03 -1.438E-05 8.820E-07 -2.876E-05  1.764E-06
7.200000E+03 -1.437E-05 8.840E-07 -2.873E-05  1.768E-06
7.210000E+03 -1.435E-05 8.885E-07 -2.869E-05  1.777E-06
7.220000E+03 -1.435E-05 9.035E-07 -2.869E-05  1.807E-06
7.300000E+03 -1.417E-05 7.880E-07 -2.833E-05  1.576E-06
7.400000E+03 -1.384E-05 7.500E-07 -2.768E-05  1.500E-06
7.500000E+03 -1.353E-05 7.140E-07 -2.705E-05  1.428E-06
7.600000E+03 -1.321E-05 6.805E-07 -2.642E-05  1.361E-06
7.700000E+03 -1.290E-05 6.490E-07 -2.580E-05  1.298E-06
7.800000E+03 -1.260E-05 6.190E-07 -2.520E-05  1.238E-06
7.900000E+03 -1.230E-05 5.910E-07 -2.460E-05  1.182E-06
8.000000E+03 -1.202E-05 5.640E-07 -2.403E-05  1.128E-06
8.200000E+03 -1.147E-05 5.155E-07 -2.293E-05  1.031E-06
8.400000E+03 -1.095E-05 4.717E-07 -2.190E-05  9.434E-07
8.600000E+03 -1.047E-05 4.326E-07 -2.093E-05  8.652E-07
8.800000E+03 -1.000E-05 3.975E-07 -2.000E-05  7.949E-07
9.000000E+03 -9.570E-06 3.658E-07 -1.914E-05  7.316E-07
9.500000E+03 -8.605E-06 2.995E-07 -1.721E-05  5.989E-07
1.000000E+04 -7.780E-06 2.475E-07 -1.556E-05  4.950E-07
1.100000E+04 -6.440E-06 1.734E-07 -1.288E-05  3.468E-07
1.200000E+04 -5.410E-06 1.251E-07 -1.082E-05  2.502E-07
1.300000E+04 -4.614E-06 9.250E-08 -9.227E-06  1.850E-07
1.400000E+04 -3.977E-06 6.985E-08 -7.953E-06  1.397E-07
1.500000E+04 -3.463E-06 5.375E-08 -6.926E-06  1.075E-07
1.600000E+04 -3.043E-06 4.202E-08 -6.086E-06  8.403E-08
1.700000E+04 -2.695E-06 3.332E-08 -5.389E-06  6.664E-08
1.800000E+04 -2.403E-06 2.676E-08 -4.806E-06  5.351E-08
1.900000E+04 -2.156E-06 2.173E-08 -4.312E-06  4.346E-08
2.000000E+04 -1.945E-06 1.784E-08 -3.890E-06  3.567E-08
