3 =ICOMP: astronomical silicate with smoothed UV                                
    E(eV)     Re(n)-1    Im(n)    Re(eps)-1  Im(eps)
1.00000E-04  2.409E+00 4.002E-03  1.062E+01 2.728E-02
6.19900E-04  2.409E+00 2.481E-02  1.062E+01 1.691E-01
8.26600E-04  2.409E+00 3.308E-02  1.062E+01 2.255E-01
1.03300E-03  2.409E+00 4.134E-02  1.062E+01 2.819E-01
1.24000E-03  2.408E+00 4.963E-02  1.061E+01 3.383E-01
1.77100E-03  2.408E+00 7.091E-02  1.061E+01 4.833E-01
2.48000E-03  2.406E+00 9.935E-02  1.059E+01 6.768E-01
3.00000E-03  2.405E+00 1.202E-01  1.058E+01 8.188E-01
3.50000E-03  2.403E+00 1.404E-01  1.056E+01 9.554E-01
4.13300E-03  2.401E+00 1.659E-01  1.054E+01 1.128E+00
4.95900E-03  2.397E+00 1.993E-01  1.050E+01 1.354E+00
6.19900E-03  2.390E+00 2.496E-01  1.043E+01 1.692E+00
7.08500E-03  2.384E+00 2.857E-01  1.037E+01 1.934E+00
8.26600E-03  2.374E+00 3.341E-01  1.027E+01 2.254E+00
9.18400E-03  2.365E+00 3.718E-01  1.018E+01 2.502E+00
1.00000E-02  2.356E+00 4.053E-01  1.010E+01 2.720E+00
1.05000E-02  2.350E+00 4.258E-01  1.004E+01 2.853E+00
1.10000E-02  2.343E+00 4.464E-01  9.977E+00 2.984E+00
1.20000E-02  2.329E+00 4.873E-01  9.843E+00 3.244E+00
1.24000E-02  2.322E+00 5.037E-01  9.785E+00 3.347E+00
1.30000E-02  2.313E+00 5.281E-01  9.694E+00 3.498E+00
1.35000E-02  2.304E+00 5.483E-01  9.614E+00 3.623E+00
1.40000E-02  2.295E+00 5.684E-01  9.531E+00 3.745E+00
1.45000E-02  2.285E+00 5.883E-01  9.445E+00 3.865E+00
1.50000E-02  2.275E+00 6.081E-01  9.354E+00 3.983E+00
1.55000E-02  2.264E+00 6.277E-01  9.260E+00 4.098E+00
1.60000E-02  2.253E+00 6.471E-01  9.162E+00 4.210E+00
1.65000E-02  2.241E+00 6.663E-01  9.062E+00 4.319E+00
1.70000E-02  2.229E+00 6.851E-01  8.958E+00 4.425E+00
1.75000E-02  2.216E+00 7.037E-01  8.851E+00 4.527E+00
1.77100E-02  2.211E+00 7.114E-01  8.805E+00 4.569E+00
1.80000E-02  2.203E+00 7.220E-01  8.741E+00 4.625E+00
1.85000E-02  2.190E+00 7.398E-01  8.628E+00 4.720E+00
1.90000E-02  2.176E+00 7.574E-01  8.513E+00 4.811E+00
1.95000E-02  2.162E+00 7.745E-01  8.396E+00 4.897E+00
2.00000E-02  2.147E+00 7.911E-01  8.277E+00 4.979E+00
2.10000E-02  2.116E+00 8.231E-01  8.034E+00 5.130E+00
2.20000E-02  2.085E+00 8.531E-01  7.788E+00 5.263E+00
2.30000E-02  2.052E+00 8.810E-01  7.538E+00 5.378E+00
2.40000E-02  2.019E+00 9.070E-01  7.289E+00 5.475E+00
2.48000E-02  1.991E+00 9.262E-01  7.090E+00 5.541E+00
2.75000E-02  1.899E+00 9.824E-01  6.437E+00 5.695E+00
3.00000E-02  1.812E+00 1.023E+00  5.861E+00 5.754E+00
3.30000E-02  1.710E+00 1.054E+00  5.233E+00 5.712E+00
3.70000E-02  1.600E+00 1.090E+00  4.570E+00 5.667E+00
4.13300E-02  1.470E+00 1.121E+00  3.844E+00 5.540E+00
4.50000E-02  1.360E+00 1.131E+00  3.287E+00 5.339E+00
4.96000E-02  1.227E+00 1.142E+00  2.656E+00 5.089E+00
5.10000E-02  1.185E+00 1.136E+00  2.485E+00 4.963E+00
5.20000E-02  1.158E+00 1.134E+00  2.372E+00 4.896E+00
5.30000E-02  1.129E+00 1.131E+00  2.253E+00 4.814E+00
5.40000E-02  1.103E+00 1.126E+00  2.154E+00 4.736E+00
5.50000E-02  1.075E+00 1.126E+00  2.038E+00 4.675E+00
5.60000E-02  1.041E+00 1.123E+00  1.907E+00 4.584E+00
5.70000E-02  1.011E+00 1.113E+00  1.806E+00 4.477E+00
5.80000E-02  9.842E-01 1.106E+00  1.714E+00 4.389E+00
5.90000E-02  9.534E-01 1.100E+00  1.606E+00 4.296E+00
6.00000E-02  9.228E-01 1.089E+00  1.511E+00 4.188E+00
6.10000E-02  8.943E-01 1.080E+00  1.422E+00 4.092E+00
6.19900E-02  8.600E-01 1.072E+00  1.310E+00 3.989E+00
6.40000E-02  7.847E-01 1.030E+00  1.124E+00 3.676E+00
6.60000E-02  7.266E-01 9.746E-01  1.031E+00 3.366E+00
6.80000E-02  6.819E-01 9.036E-01  1.012E+00 3.039E+00
7.00000E-02  6.571E-01 8.340E-01  1.051E+00 2.764E+00
7.20000E-02  6.466E-01 7.615E-01  1.132E+00 2.508E+00
7.40000E-02  6.515E-01 6.976E-01  1.241E+00 2.304E+00
7.60000E-02  6.663E-01 6.365E-01  1.371E+00 2.121E+00
7.80000E-02  6.930E-01 5.858E-01  1.523E+00 1.983E+00
8.00000E-02  7.260E-01 5.424E-01  1.685E+00 1.872E+00
8.20000E-02  7.672E-01 5.087E-01  1.864E+00 1.798E+00
8.26600E-02  7.817E-01 4.998E-01  1.925E+00 1.781E+00
8.40000E-02  8.139E-01 4.835E-01  2.057E+00 1.754E+00
8.60000E-02  8.721E-01 4.693E-01  2.285E+00 1.757E+00
8.80000E-02  9.385E-01 4.785E-01  2.529E+00 1.855E+00
9.00000E-02  9.982E-01 5.159E-01  2.727E+00 2.062E+00
9.20000E-02  1.037E+00 5.733E-01  2.819E+00 2.335E+00
9.40000E-02  1.052E+00 6.329E-01  2.811E+00 2.598E+00
9.60000E-02  1.057E+00 6.925E-01  2.752E+00 2.849E+00
9.80000E-02  1.046E+00 7.557E-01  2.615E+00 3.092E+00
1.00000E-01  1.020E+00 8.096E-01  2.425E+00 3.270E+00
1.01000E-01  1.006E+00 8.338E-01  2.328E+00 3.345E+00
1.02000E-01  9.904E-01 8.588E-01  2.224E+00 3.419E+00
1.04000E-01  9.479E-01 9.083E-01  1.969E+00 3.538E+00
1.06000E-01  8.948E-01 9.421E-01  1.703E+00 3.570E+00
1.08000E-01  8.458E-01 9.663E-01  1.473E+00 3.567E+00
1.10000E-01  7.955E-01 9.924E-01  1.239E+00 3.564E+00
1.12000E-01  7.369E-01 1.012E+00  9.925E-01 3.516E+00
1.14000E-01  6.788E-01 1.025E+00  7.672E-01 3.442E+00
1.16000E-01  6.140E-01 1.039E+00  5.252E-01 3.354E+00
1.18000E-01  5.349E-01 1.040E+00  2.753E-01 3.191E+00
1.20000E-01  4.586E-01 1.015E+00  9.688E-02 2.962E+00
1.22000E-01  4.006E-01 9.803E-01  7.285E-04 2.746E+00
1.24000E-01  3.535E-01 9.506E-01 -7.169E-02 2.573E+00
1.26000E-01  3.048E-01 9.257E-01 -1.545E-01 2.416E+00
1.28000E-01  2.493E-01 8.980E-01 -2.455E-01 2.244E+00
1.28300E-01  2.405E-01 8.930E-01 -2.587E-01 2.216E+00
1.30000E-01  1.894E-01 8.587E-01 -3.228E-01 2.043E+00
1.32000E-01  1.331E-01 8.041E-01 -3.626E-01 1.822E+00
1.34000E-01  8.814E-02 7.368E-01 -3.588E-01 1.603E+00
1.36000E-01  5.938E-02 6.621E-01 -3.161E-01 1.403E+00
1.38000E-01  4.759E-02 5.879E-01 -2.482E-01 1.232E+00
1.40000E-01  4.992E-02 5.206E-01 -1.687E-01 1.093E+00
1.42000E-01  6.061E-02 4.640E-01 -9.036E-02 9.842E-01
1.44000E-01  7.296E-02 4.179E-01 -2.340E-02 8.968E-01
1.46000E-01  8.167E-02 3.780E-01  2.712E-02 8.177E-01
1.48000E-01  8.624E-02 3.375E-01  6.605E-02 7.331E-01
1.50000E-01  9.339E-02 2.920E-01  1.102E-01 6.386E-01
1.55000E-01  1.442E-01 1.804E-01  2.767E-01 4.128E-01
1.60000E-01  2.221E-01 1.106E-01  4.813E-01 2.704E-01
1.65000E-01  2.948E-01 7.511E-02  6.708E-01 1.945E-01
1.70000E-01  3.539E-01 6.235E-02  8.292E-01 1.688E-01
1.75000E-01  3.969E-01 5.853E-02  9.480E-01 1.635E-01
1.79400E-01  4.256E-01 5.760E-02  1.029E+00 1.642E-01
1.85000E-01  4.542E-01 5.699E-02  1.111E+00 1.657E-01
1.90000E-01  4.743E-01 5.625E-02  1.170E+00 1.659E-01
1.95000E-01  4.911E-01 5.529E-02  1.220E+00 1.649E-01
2.00000E-01  5.052E-01 5.409E-02  1.263E+00 1.628E-01
2.10000E-01  5.293E-01 5.133E-02  1.336E+00 1.570E-01
2.20000E-01  5.485E-01 4.908E-02  1.395E+00 1.520E-01
2.25000E-01  5.569E-01 4.817E-02  1.421E+00 1.500E-01
2.40000E-01  5.774E-01 4.612E-02  1.486E+00 1.455E-01
2.48000E-01  5.865E-01 4.536E-02  1.515E+00 1.439E-01
2.60000E-01  5.976E-01 4.450E-02  1.550E+00 1.422E-01
2.80000E-01  6.121E-01 4.351E-02  1.597E+00 1.403E-01
3.00000E-01  6.224E-01 4.281E-02  1.630E+00 1.389E-01
3.20000E-01  6.303E-01 4.196E-02  1.656E+00 1.368E-01
3.40000E-01  6.364E-01 4.118E-02  1.676E+00 1.348E-01
3.64500E-01  6.421E-01 4.026E-02  1.695E+00 1.322E-01
3.80000E-01  6.448E-01 3.964E-02  1.704E+00 1.304E-01
4.00000E-01  6.482E-01 3.874E-02  1.715E+00 1.277E-01
4.50000E-01  6.540E-01 3.722E-02  1.734E+00 1.231E-01
5.00000E-01  6.579E-01 3.603E-02  1.747E+00 1.195E-01
5.11500E-01  6.585E-01 3.581E-02  1.749E+00 1.188E-01
5.50000E-01  6.606E-01 3.512E-02  1.756E+00 1.166E-01
5.63600E-01  6.611E-01 3.489E-02  1.758E+00 1.159E-01
5.84300E-01  6.617E-01 3.458E-02  1.760E+00 1.149E-01
6.00000E-01  6.622E-01 3.436E-02  1.762E+00 1.142E-01
6.50000E-01  6.635E-01 3.373E-02  1.766E+00 1.122E-01
7.00000E-01  6.645E-01 3.321E-02  1.769E+00 1.106E-01
7.51400E-01  6.651E-01 3.284E-02  1.771E+00 1.094E-01
8.00000E-01  6.653E-01 3.257E-02  1.772E+00 1.085E-01
8.50000E-01  6.656E-01 3.227E-02  1.773E+00 1.075E-01
9.00000E-01  6.657E-01 3.202E-02  1.774E+00 1.067E-01
9.50000E-01  6.659E-01 3.178E-02  1.774E+00 1.059E-01
9.91900E-01  6.660E-01 3.161E-02  1.774E+00 1.053E-01
1.10000E+00  6.660E-01 3.138E-02  1.775E+00 1.046E-01
1.24000E+00  6.660E-01 3.114E-02  1.775E+00 1.038E-01
1.37800E+00  6.662E-01 3.097E-02  1.775E+00 1.032E-01
1.55000E+00  6.664E-01 3.077E-02  1.776E+00 1.025E-01
1.77100E+00  6.673E-01 3.053E-02  1.779E+00 1.018E-01
1.88900E+00  6.679E-01 3.042E-02  1.781E+00 1.015E-01
2.25400E+00  6.708E-01 3.021E-02  1.791E+00 1.009E-01
2.55100E+00  6.741E-01 3.009E-02  1.802E+00 1.007E-01
2.81800E+00  6.781E-01 2.998E-02  1.815E+00 1.006E-01
2.85700E+00  6.787E-01 2.997E-02  1.817E+00 1.006E-01
3.10000E+00  6.833E-01 2.989E-02  1.833E+00 1.006E-01
3.25000E+00  6.867E-01 2.980E-02  1.844E+00 1.005E-01
3.39700E+00  6.900E-01 2.971E-02  1.855E+00 1.004E-01
3.60400E+00  6.956E-01 2.961E-02  1.874E+00 1.004E-01
3.80000E+00  7.013E-01 2.948E-02  1.893E+00 1.003E-01
4.00000E+00  7.081E-01 2.936E-02  1.917E+00 1.003E-01
4.25000E+00  7.174E-01 2.917E-02  1.949E+00 1.002E-01
4.35000E+00  7.215E-01 2.910E-02  1.963E+00 1.002E-01
4.52500E+00  7.297E-01 2.897E-02  1.991E+00 1.002E-01
4.80000E+00  7.438E-01 2.870E-02  2.040E+00 1.001E-01
4.95900E+00  7.535E-01 2.851E-02  2.074E+00 1.000E-01
5.16600E+00  7.680E-01 2.824E-02  2.125E+00 9.985E-02
5.20000E+00  7.706E-01 2.819E-02  2.134E+00 9.983E-02
5.30000E+00  7.788E-01 2.806E-02  2.163E+00 9.983E-02
5.39100E+00  7.872E-01 2.794E-02  2.193E+00 9.988E-02
5.50000E+00  7.992E-01 2.779E-02  2.236E+00 1.000E-01
5.60000E+00  8.122E-01 3.035E-02  2.283E+00 1.100E-01
5.66100E+00  8.203E-01 3.324E-02  2.312E+00 1.210E-01
5.70000E+00  8.253E-01 3.561E-02  2.330E+00 1.300E-01
5.80000E+00  8.355E-01 4.358E-02  2.367E+00 1.600E-01
5.90400E+00  8.455E-01 4.839E-02  2.403E+00 1.786E-01
6.19900E+00  8.784E-01 7.086E-02  2.523E+00 2.662E-01
6.52600E+00  9.089E-01 1.023E-01  2.633E+00 3.906E-01
6.88800E+00  9.389E-01 1.412E-01  2.740E+00 5.477E-01
7.29300E+00  9.690E-01 1.883E-01  2.842E+00 7.416E-01
7.50000E+00  9.841E-01 2.142E-01  2.891E+00 8.500E-01
7.74900E+00  1.002E+00 2.483E-01  2.946E+00 9.939E-01
8.00000E+00  1.018E+00 2.850E-01  2.991E+00 1.150E+00
8.32100E+00  1.043E+00 3.301E-01  3.067E+00 1.349E+00
8.50000E+00  1.065E+00 3.633E-01  3.131E+00 1.500E+00
8.60000E+00  1.077E+00 3.879E-01  3.162E+00 1.611E+00
8.70000E+00  1.086E+00 4.156E-01  3.180E+00 1.734E+00
8.80000E+00  1.093E+00 4.467E-01  3.181E+00 1.870E+00
8.92000E+00  1.095E+00 4.863E-01  3.154E+00 2.038E+00
9.10000E+00  1.087E+00 5.445E-01  3.061E+00 2.273E+00
9.30000E+00  1.073E+00 6.069E-01  2.929E+00 2.516E+00
9.50000E+00  1.043E+00 6.731E-01  2.720E+00 2.750E+00
9.70000E+00  9.983E-01 7.201E-01  2.475E+00 2.878E+00
9.91900E+00  9.510E-01 7.627E-01  2.225E+00 2.976E+00
1.02000E+01  8.851E-01 7.968E-01  1.919E+00 3.004E+00
1.05070E+01  8.304E-01 8.195E-01  1.679E+00 3.000E+00
1.08000E+01  7.852E-01 8.403E-01  1.481E+00 3.000E+00
1.11700E+01  7.329E-01 8.656E-01  1.254E+00 3.000E+00
1.15000E+01  6.880E-01 8.886E-01  1.060E+00 3.000E+00
1.18080E+01  6.463E-01 9.117E-01  8.790E-01 3.002E+00
1.21000E+01  5.993E-01 9.345E-01  6.846E-01 2.989E+00
1.23990E+01  5.476E-01 9.502E-01  4.923E-01 2.941E+00
1.27000E+01  4.945E-01 9.598E-01  3.124E-01 2.869E+00
1.30000E+01  4.412E-01 9.631E-01  1.497E-01 2.776E+00
1.33000E+01  3.882E-01 9.602E-01  5.097E-03 2.666E+00
1.36000E+01  3.328E-01 9.457E-01 -1.179E-01 2.521E+00
1.40000E+01  2.867E-01 8.984E-01 -1.514E-01 2.312E+00
1.50000E+01  2.651E-01 9.213E-01 -2.482E-01 2.331E+00
1.60000E+01  1.085E-01 9.405E-01 -6.558E-01 2.085E+00
1.70000E+01 -2.764E-02 8.999E-01 -8.643E-01 1.750E+00
1.80000E+01 -1.509E-01 8.362E-01 -9.782E-01 1.420E+00
1.90000E+01 -2.675E-01 7.440E-01 -1.017E+00 1.090E+00
2.00000E+01 -3.609E-01 5.946E-01 -9.451E-01 7.600E-01
2.10000E+01 -3.479E-01 4.007E-01 -7.354E-01 5.226E-01
2.20000E+01 -2.514E-01 3.347E-01 -5.515E-01 5.011E-01
2.30000E+01 -2.130E-01 3.051E-01 -4.737E-01 4.802E-01
2.40000E+01 -1.871E-01 2.829E-01 -4.192E-01 4.600E-01
2.50000E+01 -1.690E-01 2.649E-01 -3.796E-01 4.403E-01
2.60000E+01 -1.558E-01 2.495E-01 -3.495E-01 4.213E-01
2.70000E+01 -1.458E-01 2.359E-01 -3.259E-01 4.030E-01
2.80000E+01 -1.379E-01 2.235E-01 -3.067E-01 3.854E-01
2.90000E+01 -1.316E-01 2.122E-01 -2.909E-01 3.685E-01
3.00000E+01 -1.263E-01 2.016E-01 -2.773E-01 3.523E-01
3.20000E+01 -1.180E-01 1.825E-01 -2.554E-01 3.220E-01
3.40000E+01 -1.114E-01 1.655E-01 -2.377E-01 2.942E-01
3.60000E+01 -1.057E-01 1.504E-01 -2.228E-01 2.690E-01
3.80000E+01 -1.006E-01 1.368E-01 -2.098E-01 2.461E-01
4.00000E+01 -9.589E-02 1.246E-01 -1.981E-01 2.253E-01
4.20000E+01 -9.132E-02 1.136E-01 -1.872E-01 2.065E-01
4.40000E+01 -8.696E-02 1.037E-01 -1.771E-01 1.894E-01
4.60000E+01 -8.268E-02 9.484E-02 -1.675E-01 1.740E-01
4.80000E+01 -7.847E-02 8.676E-02 -1.583E-01 1.599E-01
5.00000E+01 -7.420E-02 7.950E-02 -1.492E-01 1.472E-01
5.25000E+01 -6.866E-02 7.140E-02 -1.377E-01 1.330E-01
5.30000E+01 -6.738E-02 6.986E-02 -1.351E-01 1.303E-01
5.38000E+01 -6.462E-02 6.746E-02 -1.296E-01 1.262E-01
5.39800E+01 -6.423E-02 6.695E-02 -1.288E-01 1.253E-01
5.39900E+01 -6.423E-02 6.695E-02 -1.288E-01 1.253E-01
5.40100E+01 -6.401E-02 6.912E-02 -1.287E-01 1.294E-01
5.40200E+01 -6.396E-02 6.907E-02 -1.286E-01 1.293E-01
5.41000E+01 -6.376E-02 6.889E-02 -1.282E-01 1.290E-01
5.42000E+01 -6.362E-02 6.862E-02 -1.279E-01 1.285E-01
5.50000E+01 -6.312E-02 6.671E-02 -1.267E-01 1.250E-01
5.60000E+01 -6.173E-02 6.443E-02 -1.238E-01 1.209E-01
5.75000E+01 -5.944E-02 6.124E-02 -1.191E-01 1.152E-01
6.00000E+01 -5.566E-02 5.639E-02 -1.114E-01 1.065E-01
6.50000E+01 -4.573E-02 4.829E-02 -9.170E-02 9.217E-02
6.51000E+01 -4.565E-02 4.816E-02 -9.154E-02 9.192E-02
6.51500E+01 -4.562E-02 4.809E-02 -9.147E-02 9.179E-02
6.51800E+01 -4.559E-02 4.805E-02 -9.142E-02 9.171E-02
6.51900E+01 -4.558E-02 4.803E-02 -9.140E-02 9.169E-02
6.52100E+01 -4.529E-02 5.253E-02 -9.130E-02 1.003E-01
6.52200E+01 -4.528E-02 5.253E-02 -9.128E-02 1.003E-01
6.52500E+01 -4.527E-02 5.248E-02 -9.124E-02 1.002E-01
6.53000E+01 -4.523E-02 5.237E-02 -9.116E-02 1.000E-01
6.54000E+01 -4.515E-02 5.221E-02 -9.100E-02 9.971E-02
6.60000E+01 -4.642E-02 5.131E-02 -9.332E-02 9.785E-02
7.00000E+01 -4.518E-02 4.557E-02 -9.040E-02 8.702E-02
7.50000E+01 -4.166E-02 3.971E-02 -8.315E-02 7.612E-02
8.00000E+01 -3.821E-02 3.490E-02 -7.617E-02 6.714E-02
8.50000E+01 -3.495E-02 3.082E-02 -6.963E-02 5.949E-02
9.00000E+01 -3.161E-02 2.730E-02 -6.296E-02 5.287E-02
9.20000E+01 -2.971E-02 2.600E-02 -5.921E-02 5.046E-02
9.21000E+01 -2.965E-02 2.594E-02 -5.910E-02 5.034E-02
9.21500E+01 -2.962E-02 2.591E-02 -5.904E-02 5.028E-02
9.21800E+01 -2.961E-02 2.589E-02 -5.901E-02 5.025E-02
9.21900E+01 -2.960E-02 2.589E-02 -5.900E-02 5.024E-02
9.22100E+01 -2.955E-02 2.724E-02 -5.896E-02 5.287E-02
9.22200E+01 -2.954E-02 2.723E-02 -5.895E-02 5.286E-02
9.23000E+01 -2.950E-02 2.718E-02 -5.886E-02 5.276E-02
9.24000E+01 -2.944E-02 2.712E-02 -5.875E-02 5.264E-02
9.25000E+01 -2.939E-02 2.706E-02 -5.864E-02 5.252E-02
9.30000E+01 -2.911E-02 2.674E-02 -5.809E-02 5.193E-02
9.50000E+01 -2.880E-02 2.555E-02 -5.743E-02 4.963E-02
9.60000E+01 -2.798E-02 2.496E-02 -5.580E-02 4.852E-02
9.63000E+01 -2.788E-02 2.479E-02 -5.560E-02 4.820E-02
9.64000E+01 -2.785E-02 2.473E-02 -5.553E-02 4.809E-02
9.64500E+01 -2.783E-02 2.471E-02 -5.550E-02 4.804E-02
9.64800E+01 -2.782E-02 2.469E-02 -5.547E-02 4.800E-02
9.64900E+01 -2.782E-02 2.468E-02 -5.547E-02 4.799E-02
9.65100E+01 -2.777E-02 2.577E-02 -5.543E-02 5.010E-02
9.65200E+01 -2.777E-02 2.576E-02 -5.543E-02 5.009E-02
9.65500E+01 -2.776E-02 2.574E-02 -5.541E-02 5.006E-02
9.66000E+01 -2.774E-02 2.571E-02 -5.537E-02 5.000E-02
9.67000E+01 -2.771E-02 2.566E-02 -5.530E-02 4.989E-02
9.70000E+01 -2.760E-02 2.548E-02 -5.509E-02 4.956E-02
1.00000E+02 -2.724E-02 2.383E-02 -5.431E-02 4.636E-02
1.10000E+02 -2.314E-02 1.910E-02 -4.610E-02 3.732E-02
1.14000E+02 -2.035E-02 1.751E-02 -4.059E-02 3.430E-02
1.15000E+02 -1.755E-02 1.709E-02 -3.508E-02 3.359E-02
1.15500E+02 -1.748E-02 1.692E-02 -3.493E-02 3.324E-02
1.15800E+02 -1.744E-02 1.681E-02 -3.485E-02 3.304E-02
1.15900E+02 -1.742E-02 1.678E-02 -3.482E-02 3.297E-02
1.16100E+02 -1.724E-02 2.197E-02 -3.467E-02 4.318E-02
1.16200E+02 -1.723E-02 2.193E-02 -3.464E-02 4.310E-02
1.16500E+02 -1.719E-02 2.180E-02 -3.455E-02 4.285E-02
1.17000E+02 -1.710E-02 2.159E-02 -3.437E-02 4.244E-02
1.18000E+02 -1.951E-02 2.123E-02 -3.908E-02 4.163E-02
1.20000E+02 -2.024E-02 2.045E-02 -4.049E-02 4.007E-02
1.30000E+02 -2.009E-02 1.694E-02 -4.006E-02 3.320E-02
1.40000E+02 -1.875E-02 1.410E-02 -3.735E-02 2.767E-02
1.50000E+02 -1.722E-02 1.181E-02 -3.428E-02 2.322E-02
1.60000E+02 -1.563E-02 9.971E-03 -3.111E-02 1.963E-02
1.66000E+02 -1.450E-02 9.031E-03 -2.888E-02 1.780E-02
1.67000E+02 -1.409E-02 8.885E-03 -2.805E-02 1.752E-02
1.67500E+02 -1.402E-02 8.814E-03 -2.793E-02 1.738E-02
1.67800E+02 -1.399E-02 8.773E-03 -2.786E-02 1.730E-02
1.67900E+02 -1.398E-02 8.757E-03 -2.784E-02 1.727E-02
1.68100E+02 -1.394E-02 9.543E-03 -2.778E-02 1.882E-02
1.68200E+02 -1.393E-02 9.528E-03 -2.776E-02 1.879E-02
1.68500E+02 -1.390E-02 9.482E-03 -2.769E-02 1.870E-02
1.69000E+02 -1.384E-02 9.405E-03 -2.758E-02 1.855E-02
1.70000E+02 -1.403E-02 9.265E-03 -2.795E-02 1.827E-02
1.75000E+02 -1.376E-02 8.573E-03 -2.740E-02 1.691E-02
1.80000E+02 -1.332E-02 7.951E-03 -2.653E-02 1.569E-02
1.90000E+02 -1.238E-02 6.860E-03 -2.466E-02 1.355E-02
2.00000E+02 -1.148E-02 5.958E-03 -2.286E-02 1.178E-02
2.20000E+02 -9.874E-03 4.564E-03 -1.967E-02 9.038E-03
2.40000E+02 -8.525E-03 3.563E-03 -1.699E-02 7.065E-03
2.60000E+02 -7.409E-03 2.827E-03 -1.477E-02 5.612E-03
2.80000E+02 -6.479E-03 2.275E-03 -1.292E-02 4.520E-03
3.00000E+02 -5.700E-03 1.853E-03 -1.137E-02 3.684E-03
3.20000E+02 -5.042E-03 1.525E-03 -1.006E-02 3.035E-03
3.40000E+02 -4.482E-03 1.267E-03 -8.945E-03 2.523E-03
3.60000E+02 -4.001E-03 1.061E-03 -7.986E-03 2.114E-03
3.80000E+02 -3.584E-03 8.957E-04 -7.155E-03 1.785E-03
4.00000E+02 -3.218E-03 7.609E-04 -6.427E-03 1.517E-03
4.50000E+02 -2.480E-03 5.198E-04 -4.955E-03 1.037E-03
5.00000E+02 -1.865E-03 3.663E-04 -3.727E-03 7.312E-04
5.30000E+02 -1.230E-03 3.007E-04 -2.459E-03 6.006E-04
5.31000E+02 -1.226E-03 2.988E-04 -2.451E-03 5.968E-04
5.32800E+02 -1.219E-03 2.953E-04 -2.437E-03 5.899E-04
5.32900E+02 -1.219E-03 2.952E-04 -2.436E-03 5.896E-04
5.33100E+02 -1.213E-03 7.865E-04 -2.426E-03 1.571E-03
5.33200E+02 -1.213E-03 7.860E-04 -2.425E-03 1.570E-03
5.34000E+02 -1.210E-03 7.824E-04 -2.419E-03 1.563E-03
5.35000E+02 -1.206E-03 7.784E-04 -2.411E-03 1.555E-03
5.40000E+02 -1.383E-03 7.580E-04 -2.764E-03 1.514E-03
5.50000E+02 -1.467E-03 7.191E-04 -2.932E-03 1.436E-03
6.00000E+02 -1.405E-03 5.538E-04 -2.808E-03 1.106E-03
6.50000E+02 -1.236E-03 4.301E-04 -2.470E-03 8.592E-04
7.00000E+02 -1.046E-03 3.372E-04 -2.091E-03 6.737E-04
7.30000E+02 -8.839E-04 2.928E-04 -1.767E-03 5.850E-04
7.39000E+02 -7.683E-04 2.808E-04 -1.536E-03 5.612E-04
7.40000E+02 -7.673E-04 2.795E-04 -1.534E-03 5.586E-04
7.40500E+02 -7.668E-04 2.789E-04 -1.533E-03 5.573E-04
7.40800E+02 -7.663E-04 2.785E-04 -1.532E-03 5.565E-04
7.40900E+02 -7.658E-04 2.784E-04 -1.531E-03 5.563E-04
7.41100E+02 -7.637E-04 5.069E-04 -1.527E-03 1.013E-03
7.41200E+02 -7.637E-04 5.069E-04 -1.527E-03 1.013E-03
7.41500E+02 -7.632E-04 5.064E-04 -1.526E-03 1.012E-03
7.42000E+02 -7.627E-04 5.054E-04 -1.525E-03 1.010E-03
7.43000E+02 -7.612E-04 5.029E-04 -1.522E-03 1.005E-03
7.50000E+02 -8.373E-04 4.881E-04 -1.674E-03 9.754E-04
8.00000E+02 -8.683E-04 3.953E-04 -1.736E-03 7.900E-04
8.30000E+02 -8.118E-04 3.495E-04 -1.623E-03 6.985E-04
8.34000E+02 -8.073E-04 3.439E-04 -1.614E-03 6.873E-04
8.34500E+02 -8.068E-04 3.432E-04 -1.613E-03 6.859E-04
8.35800E+02 -8.058E-04 3.414E-04 -1.611E-03 6.823E-04
8.35900E+02 -8.053E-04 3.413E-04 -1.610E-03 6.820E-04
8.36100E+02 -8.048E-04 3.767E-04 -1.609E-03 7.527E-04
8.36200E+02 -8.048E-04 3.765E-04 -1.609E-03 7.524E-04
8.36500E+02 -8.043E-04 3.761E-04 -1.608E-03 7.516E-04
8.37000E+02 -8.038E-04 3.754E-04 -1.607E-03 7.501E-04
8.38000E+02 -8.028E-04 3.740E-04 -1.605E-03 7.473E-04
8.40000E+02 -8.003E-04 3.711E-04 -1.600E-03 7.416E-04
8.50000E+02 -8.063E-04 3.572E-04 -1.612E-03 7.139E-04
9.00000E+02 -7.613E-04 2.966E-04 -1.522E-03 5.927E-04
9.50000E+02 -7.047E-04 2.478E-04 -1.409E-03 4.952E-04
1.00000E+03 -6.497E-04 2.083E-04 -1.299E-03 4.163E-04
1.10000E+03 -5.511E-04 1.497E-04 -1.102E-03 2.993E-04
1.20000E+03 -4.668E-04 1.099E-04 -9.334E-04 2.196E-04
1.30000E+03 -3.889E-04 8.208E-05 -7.777E-04 1.641E-04
1.31000E+03 -3.730E-04 7.983E-05 -7.459E-04 1.596E-04
1.31500E+03 -3.705E-04 7.868E-05 -7.409E-04 1.573E-04
1.31800E+03 -3.690E-04 7.803E-05 -7.378E-04 1.560E-04
1.31900E+03 -3.685E-04 7.783E-05 -7.369E-04 1.556E-04
1.32100E+03 -3.673E-04 1.012E-04 -7.345E-04 2.024E-04
1.32200E+03 -3.668E-04 1.009E-04 -7.335E-04 2.018E-04
1.32500E+03 -3.653E-04 1.001E-04 -7.305E-04 2.001E-04
1.33000E+03 -3.629E-04 9.874E-05 -7.256E-04 1.974E-04
1.34000E+03 -3.685E-04 9.609E-05 -7.369E-04 1.921E-04
1.35000E+03 -3.664E-04 9.348E-05 -7.327E-04 1.869E-04
1.40000E+03 -3.486E-04 8.178E-05 -6.971E-04 1.635E-04
1.45000E+03 -3.287E-04 7.182E-05 -6.572E-04 1.436E-04
1.50000E+03 -3.092E-04 6.332E-05 -6.183E-04 1.266E-04
1.60000E+03 -2.736E-04 4.971E-05 -5.471E-04 9.939E-05
1.70000E+03 -2.422E-04 3.950E-05 -4.844E-04 7.899E-05
1.80000E+03 -2.138E-04 3.175E-05 -4.275E-04 6.349E-05
1.85000E+03 -1.982E-04 2.858E-05 -3.964E-04 5.714E-05
1.86000E+03 -1.923E-04 2.799E-05 -3.845E-04 5.596E-05
1.86500E+03 -1.913E-04 2.770E-05 -3.826E-04 5.538E-05
1.86800E+03 -1.908E-04 2.753E-05 -3.815E-04 5.504E-05
1.86900E+03 -1.906E-04 2.747E-05 -3.811E-04 5.493E-05
1.87100E+03 -1.901E-04 3.910E-05 -3.801E-04 7.819E-05
1.87200E+03 -1.899E-04 3.902E-05 -3.798E-04 7.803E-05
1.87500E+03 -1.893E-04 3.879E-05 -3.786E-04 7.757E-05
1.88000E+03 -1.884E-04 3.841E-05 -3.768E-04 7.680E-05
1.89000E+03 -1.905E-04 3.766E-05 -3.810E-04 7.530E-05
1.90000E+03 -1.901E-04 3.692E-05 -3.801E-04 7.383E-05
2.00000E+03 -1.769E-04 3.047E-05 -3.538E-04 6.093E-05
2.20000E+03 -1.490E-04 2.125E-05 -2.980E-04 4.250E-05
2.40000E+03 -1.260E-04 1.524E-05 -2.520E-04 3.048E-05
2.60000E+03 -1.076E-04 1.120E-05 -2.152E-04 2.240E-05
2.80000E+03 -9.276E-05 8.401E-06 -1.855E-04 1.680E-05
3.00000E+03 -8.075E-05 6.421E-06 -1.615E-04 1.284E-05
3.50000E+03 -5.915E-05 3.503E-06 -1.183E-04 7.005E-06
4.00000E+03 -4.500E-05 2.064E-06 -9.000E-05 4.128E-06
4.50000E+03 -3.536E-05 1.291E-06 -7.071E-05 2.582E-06
5.00000E+03 -2.848E-05 8.470E-07 -5.696E-05 1.694E-06
5.50000E+03 -2.340E-05 5.780E-07 -4.679E-05 1.156E-06
6.00000E+03 -1.952E-05 4.077E-07 -3.904E-05 8.154E-07
6.50000E+03 -1.646E-05 2.955E-07 -3.291E-05 5.910E-07
7.00000E+03 -1.376E-05 2.193E-07 -2.752E-05 4.386E-07
7.10000E+03 -1.302E-05 2.071E-07 -2.603E-05 4.142E-07
7.10500E+03 -1.300E-05 2.066E-07 -2.599E-05 4.131E-07
7.10900E+03 -1.299E-05 2.061E-07 -2.597E-05 4.121E-07
7.11000E+03 -1.298E-05 2.060E-07 -2.596E-05 4.119E-07
7.11200E+03 -1.296E-05 1.038E-06 -2.592E-05 2.076E-06
7.11300E+03 -1.296E-05 1.038E-06 -2.592E-05 2.075E-06
7.11500E+03 -1.296E-05 1.037E-06 -2.591E-05 2.073E-06
7.12000E+03 -1.294E-05 1.034E-06 -2.588E-05 2.068E-06
7.15000E+03 -1.284E-05 1.019E-06 -2.567E-05 2.037E-06
7.20000E+03 -1.298E-05 9.930E-07 -2.596E-05 1.986E-06
7.30000E+03 -1.283E-05 9.445E-07 -2.566E-05 1.889E-06
7.40000E+03 -1.260E-05 8.990E-07 -2.519E-05 1.798E-06
7.50000E+03 -1.234E-05 8.560E-07 -2.468E-05 1.712E-06
7.60000E+03 -1.208E-05 8.160E-07 -2.415E-05 1.632E-06
7.80000E+03 -1.154E-05 7.425E-07 -2.308E-05 1.485E-06
8.00000E+03 -1.103E-05 6.770E-07 -2.205E-05 1.354E-06
8.20000E+03 -1.053E-05 6.185E-07 -2.106E-05 1.237E-06
8.40000E+03 -1.007E-05 5.665E-07 -2.013E-05 1.133E-06
8.60000E+03 -9.620E-06 5.200E-07 -1.924E-05 1.040E-06
8.80000E+03 -9.210E-06 4.783E-07 -1.842E-05 9.565E-07
9.00000E+03 -8.820E-06 4.405E-07 -1.764E-05 8.810E-07
9.50000E+03 -7.940E-06 3.614E-07 -1.588E-05 7.228E-07
1.00000E+04 -7.180E-06 2.993E-07 -1.436E-05 5.986E-07
1.10000E+04 -5.950E-06 2.106E-07 -1.190E-05 4.211E-07
1.20000E+04 -5.005E-06 1.524E-07 -1.001E-05 3.048E-07
1.40000E+04 -3.681E-06 8.555E-08 -7.362E-06 1.711E-07
1.60000E+04 -2.817E-06 5.160E-08 -5.633E-06 1.032E-07
1.80000E+04 -2.224E-06 3.288E-08 -4.448E-06 6.575E-08
2.00000E+04 -1.800E-06 2.191E-08 -3.600E-06 4.381E-08
