31 =ICOMP: Fe minus free electron contrib.                                      
    E(eV)     Re(n)-1    Im(n)     Re(eps)-1  Im(eps)
1.000000E-05  2.810E+00  2.383E-05  1.351E+01  1.816E-04
1.240000E-05  2.810E+00  2.955E-05  1.351E+01  2.252E-04
1.771000E-05  2.810E+00  4.221E-05  1.351E+01  3.216E-04
2.000000E-05  2.810E+00  4.767E-05  1.351E+01  3.632E-04
2.480000E-05  2.810E+00  5.911E-05  1.351E+01  4.504E-04
4.133000E-05  2.810E+00  9.850E-05  1.352E+01  7.506E-04
5.000000E-05  2.810E+00  1.192E-04  1.351E+01  9.080E-04
6.199000E-05  2.810E+00  1.477E-04  1.351E+01  1.126E-03
8.266000E-05  2.810E+00  1.970E-04  1.351E+01  1.501E-03
1.000000E-04  2.810E+00  2.383E-04  1.351E+01  1.816E-03
1.127000E-04  2.810E+00  2.686E-04  1.351E+01  2.047E-03
1.240000E-04  2.810E+00  2.955E-04  1.351E+01  2.252E-03
1.378000E-04  2.810E+00  3.284E-04  1.351E+01  2.502E-03
1.771000E-04  2.810E+00  4.221E-04  1.351E+01  3.216E-03
2.000000E-04  2.810E+00  4.767E-04  1.351E+01  3.632E-03
2.480000E-04  2.810E+00  5.910E-04  1.352E+01  4.504E-03
3.100000E-04  2.810E+00  7.388E-04  1.351E+01  5.630E-03
4.133000E-04  2.810E+00  9.850E-04  1.351E+01  7.506E-03
5.000000E-04  2.810E+00  1.192E-03  1.351E+01  9.080E-03
6.199000E-04  2.810E+00  1.477E-03  1.351E+01  1.126E-02
8.266000E-04  2.810E+00  1.970E-03  1.351E+01  1.501E-02
1.000000E-03  2.810E+00  2.383E-03  1.351E+01  1.816E-02
1.033000E-03  2.810E+00  2.462E-03  1.351E+01  1.876E-02
1.240000E-03  2.810E+00  2.955E-03  1.351E+01  2.252E-02
1.378000E-03  2.810E+00  3.284E-03  1.351E+01  2.502E-02
1.555000E-03  2.810E+00  3.706E-03  1.351E+01  2.824E-02
1.653000E-03  2.810E+00  3.940E-03  1.351E+01  3.002E-02
1.771000E-03  2.810E+00  4.221E-03  1.352E+01  3.216E-02
1.829000E-03  2.810E+00  4.359E-03  1.351E+01  3.321E-02
1.885000E-03  2.810E+00  4.493E-03  1.351E+01  3.423E-02
1.944000E-03  2.810E+00  4.633E-03  1.351E+01  3.530E-02
2.000000E-03  2.810E+00  4.767E-03  1.351E+01  3.632E-02
2.073000E-03  2.810E+00  4.941E-03  1.351E+01  3.765E-02
2.262000E-03  2.810E+00  5.391E-03  1.351E+01  4.108E-02
2.480000E-03  2.810E+00  5.911E-03  1.351E+01  4.504E-02
2.764000E-03  2.810E+00  6.588E-03  1.351E+01  5.020E-02
3.110000E-03  2.810E+00  7.413E-03  1.351E+01  5.648E-02
3.554000E-03  2.810E+00  8.471E-03  1.351E+01  6.454E-02
4.133000E-03  2.810E+00  9.851E-03  1.351E+01  7.506E-02
4.509000E-03  2.810E+00  1.075E-02  1.351E+01  8.189E-02
4.769000E-03  2.810E+00  1.137E-02  1.351E+01  8.661E-02
4.959000E-03  2.810E+00  1.182E-02  1.351E+01  9.006E-02
5.000000E-03  2.810E+00  1.192E-02  1.351E+01  9.080E-02
5.166000E-03  2.810E+00  1.231E-02  1.351E+01  9.381E-02
5.510000E-03  2.810E+00  1.313E-02  1.351E+01  1.001E-01
6.199000E-03  2.810E+00  1.477E-02  1.351E+01  1.126E-01
7.085000E-03  2.810E+00  1.688E-02  1.351E+01  1.286E-01
8.266000E-03  2.810E+00  1.970E-02  1.351E+01  1.501E-01
9.184000E-03  2.810E+00  2.189E-02  1.351E+01  1.668E-01
1.000000E-02  2.810E+00  2.383E-02  1.351E+01  1.816E-01
1.050000E-02  2.810E+00  2.503E-02  1.351E+01  1.907E-01
1.100000E-02  2.810E+00  2.622E-02  1.351E+01  1.998E-01
1.200000E-02  2.810E+00  2.860E-02  1.351E+01  2.179E-01
1.240000E-02  2.810E+00  2.955E-02  1.351E+01  2.252E-01
1.300000E-02  2.810E+00  3.098E-02  1.351E+01  2.361E-01
1.350000E-02  2.810E+00  3.217E-02  1.351E+01  2.451E-01
1.400000E-02  2.810E+00  3.337E-02  1.351E+01  2.542E-01
1.450000E-02  2.809E+00  3.456E-02  1.351E+01  2.633E-01
1.500000E-02  2.809E+00  3.575E-02  1.351E+01  2.724E-01
1.550000E-02  2.809E+00  3.694E-02  1.351E+01  2.815E-01
1.600000E-02  2.809E+00  3.813E-02  1.351E+01  2.905E-01
1.650000E-02  2.809E+00  3.933E-02  1.351E+01  2.996E-01
1.700000E-02  2.809E+00  4.052E-02  1.351E+01  3.087E-01
1.750000E-02  2.809E+00  4.171E-02  1.351E+01  3.178E-01
1.771000E-02  2.809E+00  4.221E-02  1.351E+01  3.216E-01
1.800000E-02  2.809E+00  4.290E-02  1.351E+01  3.269E-01
1.850000E-02  2.809E+00  4.410E-02  1.351E+01  3.359E-01
1.900000E-02  2.809E+00  4.529E-02  1.351E+01  3.450E-01
1.950000E-02  2.809E+00  4.648E-02  1.351E+01  3.541E-01
2.000000E-02  2.809E+00  4.767E-02  1.351E+01  3.632E-01
2.100000E-02  2.809E+00  5.006E-02  1.351E+01  3.813E-01
2.200000E-02  2.809E+00  5.244E-02  1.351E+01  3.995E-01
2.300000E-02  2.809E+00  5.483E-02  1.350E+01  4.177E-01
2.400000E-02  2.809E+00  5.721E-02  1.350E+01  4.358E-01
2.480000E-02  2.809E+00  5.912E-02  1.350E+01  4.504E-01
2.750000E-02  2.809E+00  6.556E-02  1.350E+01  4.994E-01
3.000000E-02  2.808E+00  7.152E-02  1.350E+01  5.448E-01
3.300000E-02  2.808E+00  7.868E-02  1.349E+01  5.992E-01
3.700000E-02  2.807E+00  8.823E-02  1.349E+01  6.719E-01
4.133000E-02  2.807E+00  9.857E-02  1.348E+01  7.505E-01
4.500000E-02  2.806E+00  1.073E-01  1.348E+01  8.172E-01
4.960000E-02  2.805E+00  1.183E-01  1.347E+01  9.007E-01
5.000000E-02  2.805E+00  1.193E-01  1.347E+01  9.080E-01
5.100000E-02  2.805E+00  1.217E-01  1.346E+01  9.261E-01
5.200000E-02  2.805E+00  1.241E-01  1.346E+01  9.443E-01
5.300000E-02  2.805E+00  1.265E-01  1.346E+01  9.624E-01
5.400000E-02  2.805E+00  1.289E-01  1.346E+01  9.806E-01
5.500000E-02  2.804E+00  1.313E-01  1.346E+01  9.987E-01
5.600000E-02  2.804E+00  1.337E-01  1.345E+01  1.017E+00
5.700000E-02  2.804E+00  1.361E-01  1.345E+01  1.035E+00
5.800000E-02  2.804E+00  1.384E-01  1.345E+01  1.053E+00
5.900000E-02  2.804E+00  1.408E-01  1.345E+01  1.071E+00
6.000000E-02  2.804E+00  1.432E-01  1.345E+01  1.090E+00
6.100000E-02  2.803E+00  1.456E-01  1.344E+01  1.108E+00
6.199000E-02  2.803E+00  1.480E-01  1.344E+01  1.126E+00
6.400000E-02  2.803E+00  1.528E-01  1.344E+01  1.162E+00
6.600000E-02  2.802E+00  1.576E-01  1.343E+01  1.199E+00
6.800000E-02  2.802E+00  1.624E-01  1.343E+01  1.235E+00
7.000000E-02  2.801E+00  1.672E-01  1.342E+01  1.271E+00
7.200000E-02  2.801E+00  1.720E-01  1.341E+01  1.307E+00
7.400000E-02  2.800E+00  1.768E-01  1.341E+01  1.344E+00
7.600000E-02  2.800E+00  1.816E-01  1.340E+01  1.380E+00
7.800000E-02  2.799E+00  1.864E-01  1.340E+01  1.416E+00
8.000000E-02  2.798E+00  1.912E-01  1.339E+01  1.453E+00
8.200000E-02  2.798E+00  1.960E-01  1.338E+01  1.489E+00
8.266000E-02  2.798E+00  1.976E-01  1.338E+01  1.501E+00
8.400000E-02  2.797E+00  2.009E-01  1.338E+01  1.525E+00
8.600000E-02  2.797E+00  2.057E-01  1.337E+01  1.562E+00
8.800000E-02  2.796E+00  2.105E-01  1.336E+01  1.598E+00
9.000000E-02  2.795E+00  2.153E-01  1.336E+01  1.634E+00
9.200000E-02  2.795E+00  2.201E-01  1.335E+01  1.671E+00
9.400000E-02  2.794E+00  2.250E-01  1.334E+01  1.707E+00
9.600000E-02  2.793E+00  2.298E-01  1.334E+01  1.743E+00
9.800000E-02  2.793E+00  2.346E-01  1.333E+01  1.780E+00
1.000000E-01  2.792E+00  2.394E-01  1.332E+01  1.816E+00
1.010000E-01  2.791E+00  2.419E-01  1.332E+01  1.834E+00
1.020000E-01  2.791E+00  2.443E-01  1.331E+01  1.852E+00
1.040000E-01  2.790E+00  2.491E-01  1.330E+01  1.889E+00
1.060000E-01  2.790E+00  2.540E-01  1.330E+01  1.925E+00
1.080000E-01  2.789E+00  2.588E-01  1.329E+01  1.961E+00
1.100000E-01  2.788E+00  2.637E-01  1.328E+01  1.998E+00
1.120000E-01  2.787E+00  2.685E-01  1.327E+01  2.034E+00
1.140000E-01  2.786E+00  2.734E-01  1.326E+01  2.070E+00
1.160000E-01  2.785E+00  2.782E-01  1.325E+01  2.106E+00
1.180000E-01  2.785E+00  2.831E-01  1.324E+01  2.143E+00
1.200000E-01  2.784E+00  2.880E-01  1.323E+01  2.179E+00
1.220000E-01  2.783E+00  2.928E-01  1.322E+01  2.215E+00
1.240000E-01  2.782E+00  2.977E-01  1.321E+01  2.252E+00
1.260000E-01  2.781E+00  3.026E-01  1.320E+01  2.288E+00
1.280000E-01  2.780E+00  3.074E-01  1.319E+01  2.324E+00
1.283000E-01  2.780E+00  3.082E-01  1.319E+01  2.330E+00
1.300000E-01  2.779E+00  3.123E-01  1.318E+01  2.361E+00
1.320000E-01  2.778E+00  3.172E-01  1.317E+01  2.397E+00
1.340000E-01  2.777E+00  3.221E-01  1.316E+01  2.433E+00
1.360000E-01  2.776E+00  3.270E-01  1.315E+01  2.470E+00
1.380000E-01  2.775E+00  3.319E-01  1.314E+01  2.506E+00
1.400000E-01  2.774E+00  3.368E-01  1.313E+01  2.542E+00
1.420000E-01  2.773E+00  3.417E-01  1.312E+01  2.579E+00
1.440000E-01  2.772E+00  3.466E-01  1.311E+01  2.615E+00
1.460000E-01  2.771E+00  3.516E-01  1.309E+01  2.651E+00
1.480000E-01  2.770E+00  3.565E-01  1.308E+01  2.688E+00
1.500000E-01  2.769E+00  3.614E-01  1.307E+01  2.724E+00
1.550000E-01  2.766E+00  3.737E-01  1.304E+01  2.815E+00
1.600000E-01  2.763E+00  3.861E-01  1.301E+01  2.905E+00
1.650000E-01  2.759E+00  3.985E-01  1.297E+01  2.996E+00
1.700000E-01  2.756E+00  4.109E-01  1.294E+01  3.087E+00
1.750000E-01  2.753E+00  4.234E-01  1.290E+01  3.178E+00
1.794000E-01  2.750E+00  4.344E-01  1.287E+01  3.258E+00
1.850000E-01  2.746E+00  4.484E-01  1.283E+01  3.359E+00
1.900000E-01  2.742E+00  4.610E-01  1.279E+01  3.450E+00
1.950000E-01  2.738E+00  4.736E-01  1.275E+01  3.541E+00
2.000000E-01  2.734E+00  4.863E-01  1.271E+01  3.632E+00
2.100000E-01  2.726E+00  5.117E-01  1.262E+01  3.813E+00
2.200000E-01  2.717E+00  5.373E-01  1.253E+01  3.995E+00
2.250000E-01  2.713E+00  5.502E-01  1.248E+01  4.086E+00
2.400000E-01  2.698E+00  5.892E-01  1.233E+01  4.358E+00
2.480000E-01  2.690E+00  6.102E-01  1.225E+01  4.504E+00
2.600000E-01  2.678E+00  6.419E-01  1.211E+01  4.721E+00
2.800000E-01  2.656E+00  6.953E-01  1.188E+01  5.085E+00
3.000000E-01  2.643E+00  7.478E-01  1.171E+01  5.448E+00
3.200000E-01  2.627E+00  8.461E-01  1.144E+01  6.138E+00
3.400000E-01  2.558E+00  9.538E-01  1.075E+01  6.788E+00
3.645000E-01  2.426E+00  1.036E+00  9.660E+00  7.100E+00
3.800000E-01  2.343E+00  1.064E+00  9.041E+00  7.111E+00
4.000000E-01  2.239E+00  1.085E+00  8.313E+00  7.029E+00
4.500000E-01  1.973E+00  1.060E+00  6.715E+00  6.302E+00
5.000000E-01  1.787E+00  9.549E-01  5.855E+00  5.323E+00
5.115000E-01  1.746E+00  9.133E-01  5.708E+00  5.017E+00
5.500000E-01  1.717E+00  7.777E-01  5.778E+00  4.226E+00
5.636000E-01  1.722E+00  7.671E-01  5.821E+00  4.176E+00
5.843000E-01  1.676E+00  7.739E-01  5.560E+00  4.141E+00
6.000000E-01  1.602E+00  7.310E-01  5.237E+00  3.804E+00
6.500000E-01  1.635E+00  4.718E-01  5.719E+00  2.486E+00
7.000000E-01  1.782E+00  4.335E-01  6.554E+00  2.412E+00
7.514000E-01  1.827E+00  4.859E-01  6.754E+00  2.747E+00
8.000000E-01  1.811E+00  4.951E-01  6.657E+00  2.784E+00
8.500000E-01  1.811E+00  4.738E-01  6.679E+00  2.664E+00
9.000000E-01  1.837E+00  4.618E-01  6.833E+00  2.620E+00
9.500000E-01  1.860E+00  4.707E-01  6.960E+00  2.693E+00
9.919000E-01  1.870E+00  4.832E-01  7.004E+00  2.774E+00
1.000000E+00  1.871E+00  4.852E-01  7.008E+00  2.786E+00
1.100000E+00  1.891E+00  4.984E-01  7.109E+00  2.882E+00
1.240000E+00  2.007E+00  5.394E-01  7.754E+00  3.245E+00
1.378000E+00  1.954E+00  6.223E-01  7.336E+00  3.676E+00
1.550000E+00  1.959E+00  7.136E-01  7.248E+00  4.223E+00
1.771000E+00  1.997E+00  8.654E-01  7.235E+00  5.188E+00
1.889000E+00  2.002E+00  9.468E-01  7.116E+00  5.685E+00
2.254000E+00  1.960E+00  1.308E+00  6.049E+00  7.741E+00
2.551000E+00  1.756E+00  1.724E+00  3.622E+00  9.499E+00
2.818000E+00  1.381E+00  1.972E+00  7.787E-01  9.391E+00
2.857000E+00  1.317E+00  2.002E+00  3.600E-01  9.278E+00
3.100000E+00  8.740E-01  2.083E+00 -1.826E+00  7.807E+00
3.250000E+00  6.165E-01  2.048E+00 -2.582E+00  6.622E+00
3.397000E+00  3.946E-01  2.003E+00 -3.067E+00  5.586E+00
3.604000E+00  2.179E-03  1.897E+00 -3.596E+00  3.803E+00
3.800000E+00 -3.404E-01  1.563E+00 -3.009E+00  2.063E+00
4.000000E+00 -4.963E-01  1.170E+00 -2.114E+00  1.178E+00
4.250000E+00 -5.301E-01  5.757E-01 -1.111E+00  5.411E-01
4.350000E+00 -3.634E-01  3.174E-01 -6.955E-01  4.042E-01
4.525000E+00  1.739E-02  1.921E-01 -1.816E-03  3.908E-01
4.800000E+00  3.242E-01  2.758E-01  6.774E-01  7.303E-01
4.959000E+00  4.111E-01  3.434E-01  8.734E-01  9.692E-01
5.166000E+00  4.320E-01  4.169E-01  8.769E-01  1.194E+00
5.200000E+00  4.340E-01  4.218E-01  8.785E-01  1.210E+00
5.300000E+00  4.444E-01  4.269E-01  9.041E-01  1.233E+00
5.391000E+00  4.609E-01  4.307E-01  9.488E-01  1.259E+00
5.500000E+00  4.859E-01  4.492E-01  1.006E+00  1.335E+00
5.600000E+00  4.988E-01  4.732E-01  1.022E+00  1.418E+00
5.661000E+00  5.012E-01  4.871E-01  1.016E+00  1.462E+00
5.700000E+00  5.018E-01  4.955E-01  1.010E+00  1.488E+00
5.800000E+00  4.994E-01  5.160E-01  9.820E-01  1.548E+00
5.904000E+00  4.927E-01  5.321E-01  9.450E-01  1.588E+00
6.199000E+00  4.543E-01  5.756E-01  7.838E-01  1.674E+00
6.526000E+00  4.094E-01  5.500E-01  6.840E-01  1.550E+00
6.888000E+00  3.655E-01  5.067E-01  6.079E-01  1.384E+00
7.293000E+00  4.202E-01  4.586E-01  8.068E-01  1.303E+00
7.500000E+00  4.321E-01  4.743E-01  8.259E-01  1.359E+00
7.749000E+00  4.281E-01  4.757E-01  8.132E-01  1.359E+00
8.000000E+00  4.372E-01  4.844E-01  8.308E-01  1.392E+00
8.321000E+00  4.407E-01  4.876E-01  8.379E-01  1.405E+00
8.500000E+00  4.408E-01  4.982E-01  8.276E-01  1.436E+00
8.600000E+00  4.389E-01  5.036E-01  8.168E-01  1.449E+00
8.700000E+00  4.360E-01  5.095E-01  8.024E-01  1.463E+00
8.800000E+00  4.306E-01  5.149E-01  7.814E-01  1.473E+00
8.920000E+00  4.242E-01  5.160E-01  7.621E-01  1.470E+00
9.100000E+00  4.220E-01  5.239E-01  7.475E-01  1.490E+00
9.300000E+00  4.005E-01  5.331E-01  6.772E-01  1.493E+00
9.500000E+00  3.878E-01  5.277E-01  6.476E-01  1.465E+00
9.700000E+00  3.751E-01  5.297E-01  6.103E-01  1.457E+00
9.919000E+00  3.474E-01  5.120E-01  5.534E-01  1.380E+00
1.020000E+01  3.612E-01  4.926E-01  6.102E-01  1.341E+00
1.050700E+01  3.619E-01  4.784E-01  6.259E-01  1.303E+00
1.080000E+01  3.835E-01  4.777E-01  6.858E-01  1.322E+00
1.117000E+01  3.961E-01  4.976E-01  7.013E-01  1.389E+00
1.150000E+01  4.014E-01  5.265E-01  6.866E-01  1.476E+00
1.180800E+01  3.765E-01  5.505E-01  5.917E-01  1.516E+00
1.210000E+01  3.641E-01  5.653E-01  5.413E-01  1.542E+00
1.239900E+01  3.387E-01  5.804E-01  4.554E-01  1.554E+00
1.270000E+01  3.059E-01  5.937E-01  3.530E-01  1.551E+00
1.300000E+01  2.748E-01  5.902E-01  2.769E-01  1.505E+00
1.330000E+01  2.533E-01  5.749E-01  2.403E-01  1.441E+00
1.360000E+01  2.355E-01  5.676E-01  2.044E-01  1.403E+00
1.400000E+01  2.227E-01  5.613E-01  1.799E-01  1.373E+00
1.500000E+01  1.580E-01  5.104E-01  8.044E-02  1.182E+00
1.600000E+01  1.550E-01  4.877E-01  9.610E-02  1.127E+00
1.700000E+01  1.349E-01  4.847E-01  5.311E-02  1.100E+00
1.800000E+01  1.176E-01  4.670E-01  3.087E-02  1.044E+00
1.900000E+01  1.017E-01  4.739E-01 -1.081E-02  1.044E+00
2.000000E+01  6.113E-02  4.700E-01 -9.485E-02  9.974E-01
2.100000E+01  1.499E-02  4.471E-01 -1.697E-01  9.075E-01
2.200000E+01 -4.526E-03  4.284E-01 -1.925E-01  8.529E-01
2.300000E+01 -2.038E-02  3.915E-01 -1.936E-01  7.670E-01
2.400000E+01 -3.920E-02  3.586E-01 -2.055E-01  6.892E-01
2.500000E+01 -4.187E-02  3.339E-01 -1.935E-01  6.398E-01
2.600000E+01 -5.420E-02  3.155E-01 -2.050E-01  5.969E-01
2.700000E+01 -6.129E-02  2.898E-01 -2.028E-01  5.441E-01
2.800000E+01 -6.369E-02  2.657E-01 -1.939E-01  4.976E-01
2.900000E+01 -6.342E-02  2.437E-01 -1.822E-01  4.566E-01
3.000000E+01 -6.119E-02  2.238E-01 -1.687E-01  4.201E-01
3.200000E+01 -5.274E-02  1.893E-01 -1.385E-01  3.586E-01
3.400000E+01 -4.063E-02  1.610E-01 -1.056E-01  3.090E-01
3.600000E+01 -2.588E-02  1.378E-01 -7.009E-02  2.686E-01
3.800000E+01 -8.437E-03  1.186E-01 -3.087E-02  2.352E-01
4.000000E+01  1.445E-02  1.022E-01  1.865E-02  2.074E-01
4.200000E+01  3.978E-02  9.818E-02  7.150E-02  2.042E-01
4.400000E+01  6.396E-02  9.703E-02  1.226E-01  2.065E-01
4.470000E+01  7.334E-02  9.732E-02  1.426E-01  2.089E-01
4.500000E+01  7.748E-02  9.767E-02  1.514E-01  2.105E-01
4.600000E+01  9.300E-02  9.944E-02  1.848E-01  2.174E-01
4.700000E+01  1.111E-01  1.027E-01  2.240E-01  2.282E-01
4.800000E+01  1.336E-01  1.085E-01  2.733E-01  2.460E-01
4.900000E+01  1.635E-01  1.189E-01  3.396E-01  2.767E-01
5.000000E+01  2.049E-01  1.396E-01  4.322E-01  3.364E-01
5.100000E+01  2.660E-01  1.864E-01  5.679E-01  4.720E-01
5.200000E+01  3.438E-01  3.158E-01  7.062E-01  8.488E-01
5.250000E+01  3.485E-01  4.518E-01  6.144E-01  1.219E+00
5.290000E+01  2.782E-01  5.880E-01  2.880E-01  1.503E+00
5.330000E+01  1.215E-01  6.692E-01 -1.901E-01  1.501E+00
5.370000E+01 -4.808E-02  6.518E-01 -5.187E-01  1.241E+00
5.410000E+01 -1.654E-01  5.596E-01 -6.166E-01  9.341E-01
5.450000E+01 -2.135E-01  4.576E-01 -5.908E-01  7.197E-01
5.490000E+01 -2.208E-01  3.728E-01 -5.319E-01  5.809E-01
5.530000E+01 -2.076E-01  3.112E-01 -4.690E-01  4.931E-01
5.570000E+01 -1.881E-01  2.692E-01 -4.133E-01  4.372E-01
5.610000E+01 -1.682E-01  2.408E-01 -3.661E-01  4.006E-01
5.650000E+01 -1.501E-01  2.215E-01 -3.267E-01  3.766E-01
5.690000E+01 -1.344E-01  2.084E-01 -2.941E-01  3.608E-01
5.730000E+01 -1.211E-01  1.994E-01 -2.673E-01  3.506E-01
5.770000E+01 -1.099E-01  1.933E-01 -2.451E-01  3.441E-01
5.810000E+01 -1.005E-01  1.893E-01 -2.268E-01  3.406E-01
5.850000E+01 -9.315E-02  1.871E-01 -2.126E-01  3.393E-01
5.890000E+01 -8.716E-02  1.854E-01 -2.011E-01  3.384E-01
5.990000E+01 -7.768E-02  1.852E-01 -1.836E-01  3.416E-01
6.090000E+01 -7.437E-02  1.868E-01 -1.781E-01  3.458E-01
6.190000E+01 -7.630E-02  1.875E-01 -1.819E-01  3.464E-01
6.240000E+01 -7.873E-02  1.877E-01 -1.865E-01  3.459E-01
6.290000E+01 -8.198E-02  1.870E-01 -1.922E-01  3.433E-01
6.390000E+01 -8.950E-02  1.835E-01 -2.047E-01  3.341E-01
6.490000E+01 -9.748E-02  1.777E-01 -2.170E-01  3.208E-01
6.500000E+01 -9.829E-02  1.769E-01 -2.182E-01  3.191E-01
6.600000E+01 -1.055E-01  1.679E-01 -2.280E-01  3.003E-01
6.700000E+01 -1.105E-01  1.577E-01 -2.337E-01  2.805E-01
6.800000E+01 -1.145E-01  1.467E-01 -2.373E-01  2.597E-01
6.900000E+01 -1.164E-01  1.358E-01 -2.377E-01  2.399E-01
7.000000E+01 -1.170E-01  1.252E-01 -2.359E-01  2.211E-01
7.100000E+01 -1.179E-01  1.138E-01 -2.348E-01  2.007E-01
7.200000E+01 -1.155E-01  1.018E-01 -2.280E-01  1.801E-01
7.300000E+01 -1.111E-01  9.105E-02 -2.182E-01  1.619E-01
7.350000E+01 -1.083E-01  8.609E-02 -2.122E-01  1.535E-01
7.400000E+01 -1.049E-01  8.137E-02 -2.054E-01  1.457E-01
7.500000E+01 -9.541E-02  7.560E-02 -1.874E-01  1.368E-01
7.600000E+01 -8.933E-02  7.330E-02 -1.760E-01  1.335E-01
7.700000E+01 -8.473E-02  7.123E-02 -1.674E-01  1.304E-01
7.800000E+01 -8.094E-02  6.931E-02 -1.601E-01  1.274E-01
7.900000E+01 -7.768E-02  6.755E-02 -1.539E-01  1.246E-01
8.000000E+01 -7.484E-02  6.589E-02 -1.484E-01  1.219E-01
8.100000E+01 -7.231E-02  6.432E-02 -1.435E-01  1.193E-01
8.200000E+01 -7.004E-02  6.284E-02 -1.391E-01  1.169E-01
8.300000E+01 -6.798E-02  6.143E-02 -1.351E-01  1.145E-01
8.380000E+01 -6.645E-02  6.034E-02 -1.321E-01  1.127E-01
8.400000E+01 -6.609E-02  6.008E-02 -1.314E-01  1.122E-01
8.500000E+01 -6.435E-02  5.879E-02 -1.280E-01  1.100E-01
8.600000E+01 -6.277E-02  5.754E-02 -1.249E-01  1.079E-01
8.700000E+01 -6.128E-02  5.631E-02 -1.220E-01  1.057E-01
8.800000E+01 -5.987E-02  5.510E-02 -1.192E-01  1.036E-01
8.900000E+01 -5.851E-02  5.394E-02 -1.165E-01  1.016E-01
9.000000E+01 -5.719E-02  5.286E-02 -1.139E-01  9.967E-02
9.100000E+01 -5.598E-02  5.186E-02 -1.115E-01  9.791E-02
9.200000E+01 -5.486E-02  5.090E-02 -1.093E-01  9.621E-02
9.300000E+01 -5.381E-02  4.994E-02 -1.072E-01  9.450E-02
9.360000E+01 -5.321E-02  4.937E-02 -1.060E-01  9.349E-02
9.400000E+01 -5.281E-02  4.900E-02 -1.052E-01  9.282E-02
9.500000E+01 -5.185E-02  4.810E-02 -1.033E-01  9.121E-02
9.580000E+01 -5.113E-02  4.740E-02 -1.019E-01  8.995E-02
9.600000E+01 -5.095E-02  4.722E-02 -1.015E-01  8.963E-02
9.700000E+01 -5.009E-02  4.634E-02 -9.982E-02  8.804E-02
9.800000E+01 -4.923E-02  4.548E-02 -9.811E-02  8.648E-02
9.900000E+01 -4.838E-02  4.468E-02 -9.641E-02  8.504E-02
1.000000E+02 -4.760E-02  4.393E-02 -9.487E-02  8.368E-02
1.010000E+02 -4.688E-02  4.319E-02 -9.344E-02  8.233E-02
1.020000E+02 -4.619E-02  4.244E-02 -9.205E-02  8.097E-02
1.030000E+02 -4.551E-02  4.171E-02 -9.069E-02  7.963E-02
1.040000E+02 -4.486E-02  4.100E-02 -8.938E-02  7.832E-02
1.050000E+02 -4.422E-02  4.030E-02 -8.811E-02  7.703E-02
1.056000E+02 -4.385E-02  3.989E-02 -8.736E-02  7.627E-02
1.060000E+02 -4.360E-02  3.961E-02 -8.687E-02  7.578E-02
1.070000E+02 -4.300E-02  3.895E-02 -8.566E-02  7.455E-02
1.080000E+02 -4.241E-02  3.830E-02 -8.449E-02  7.335E-02
1.090000E+02 -4.184E-02  3.767E-02 -8.335E-02  7.219E-02
1.100000E+02 -4.128E-02  3.705E-02 -8.223E-02  7.105E-02
1.110000E+02 -4.074E-02  3.646E-02 -8.114E-02  6.996E-02
1.120000E+02 -4.021E-02  3.589E-02 -8.010E-02  6.890E-02
1.126000E+02 -3.991E-02  3.556E-02 -7.950E-02  6.828E-02
1.130000E+02 -3.971E-02  3.534E-02 -7.910E-02  6.787E-02
1.140000E+02 -3.923E-02  3.479E-02 -7.813E-02  6.686E-02
1.150000E+02 -3.876E-02  3.426E-02 -7.719E-02  6.587E-02
1.160000E+02 -3.832E-02  3.374E-02 -7.630E-02  6.489E-02
1.170000E+02 -3.788E-02  3.322E-02 -7.543E-02  6.391E-02
1.180000E+02 -3.745E-02  3.270E-02 -7.457E-02  6.296E-02
1.190000E+02 -3.703E-02  3.220E-02 -7.373E-02  6.202E-02
1.200000E+02 -3.662E-02  3.171E-02 -7.291E-02  6.109E-02
1.220000E+02 -3.582E-02  3.077E-02 -7.130E-02  5.934E-02
1.240000E+02 -3.508E-02  2.989E-02 -6.983E-02  5.768E-02
1.246000E+02 -3.487E-02  2.963E-02 -6.941E-02  5.719E-02
1.250000E+02 -3.474E-02  2.946E-02 -6.914E-02  5.687E-02
1.260000E+02 -3.441E-02  2.903E-02 -6.847E-02  5.606E-02
1.270000E+02 -3.410E-02  2.860E-02 -6.786E-02  5.525E-02
1.280000E+02 -3.380E-02  2.815E-02 -6.724E-02  5.440E-02
1.290000E+02 -3.348E-02  2.770E-02 -6.661E-02  5.355E-02
1.300000E+02 -3.317E-02  2.726E-02 -6.598E-02  5.271E-02
1.350000E+02 -3.156E-02  2.519E-02 -6.275E-02  4.879E-02
1.400000E+02 -3.007E-02  2.338E-02 -5.978E-02  4.536E-02
1.450000E+02 -2.871E-02  2.173E-02 -5.707E-02  4.221E-02
1.458000E+02 -2.850E-02  2.148E-02 -5.665E-02  4.173E-02
1.460000E+02 -2.845E-02  2.142E-02 -5.655E-02  4.161E-02
1.470000E+02 -2.820E-02  2.110E-02 -5.604E-02  4.102E-02
1.480000E+02 -2.794E-02  2.080E-02 -5.554E-02  4.043E-02
1.490000E+02 -2.769E-02  2.049E-02 -5.503E-02  3.985E-02
1.500000E+02 -2.744E-02  2.020E-02 -5.453E-02  3.928E-02
1.510000E+02 -2.719E-02  1.991E-02 -5.403E-02  3.873E-02
1.520000E+02 -2.694E-02  1.962E-02 -5.354E-02  3.818E-02
1.530000E+02 -2.669E-02  1.934E-02 -5.305E-02  3.765E-02
1.540000E+02 -2.646E-02  1.907E-02 -5.258E-02  3.713E-02
1.544000E+02 -2.636E-02  1.897E-02 -5.238E-02  3.693E-02
1.548000E+02 -2.626E-02  1.886E-02 -5.219E-02  3.673E-02
1.552000E+02 -2.617E-02  1.875E-02 -5.200E-02  3.653E-02
1.556000E+02 -2.607E-02  1.865E-02 -5.181E-02  3.633E-02
1.560000E+02 -2.598E-02  1.855E-02 -5.163E-02  3.613E-02
1.564000E+02 -2.589E-02  1.845E-02 -5.144E-02  3.594E-02
1.568000E+02 -2.579E-02  1.834E-02 -5.126E-02  3.574E-02
1.572000E+02 -2.570E-02  1.824E-02 -5.107E-02  3.555E-02
1.576000E+02 -2.561E-02  1.814E-02 -5.089E-02  3.536E-02
1.580000E+02 -2.552E-02  1.804E-02 -5.071E-02  3.517E-02
1.590000E+02 -2.529E-02  1.780E-02 -5.027E-02  3.470E-02
1.600000E+02 -2.507E-02  1.756E-02 -4.983E-02  3.424E-02
1.610000E+02 -2.486E-02  1.733E-02 -4.940E-02  3.379E-02
1.620000E+02 -2.464E-02  1.710E-02 -4.897E-02  3.335E-02
1.630000E+02 -2.443E-02  1.687E-02 -4.855E-02  3.291E-02
1.635000E+02 -2.433E-02  1.676E-02 -4.834E-02  3.270E-02
1.640000E+02 -2.422E-02  1.665E-02 -4.814E-02  3.248E-02
1.650000E+02 -2.402E-02  1.643E-02 -4.773E-02  3.206E-02
1.660000E+02 -2.369E-02  1.621E-02 -4.707E-02  3.165E-02
1.670000E+02 -2.362E-02  1.600E-02 -4.694E-02  3.124E-02
1.680000E+02 -2.343E-02  1.579E-02 -4.655E-02  3.084E-02
1.690000E+02 -2.323E-02  1.558E-02 -4.617E-02  3.044E-02
1.700000E+02 -2.304E-02  1.538E-02 -4.579E-02  3.005E-02
1.710000E+02 -2.285E-02  1.518E-02 -4.541E-02  2.967E-02
1.720000E+02 -2.267E-02  1.498E-02 -4.504E-02  2.929E-02
1.730000E+02 -2.248E-02  1.479E-02 -4.467E-02  2.892E-02
1.740000E+02 -2.230E-02  1.460E-02 -4.431E-02  2.855E-02
1.746000E+02 -2.219E-02  1.449E-02 -4.409E-02  2.834E-02
1.750000E+02 -2.212E-02  1.442E-02 -4.395E-02  2.819E-02
1.760000E+02 -2.194E-02  1.423E-02 -4.359E-02  2.784E-02
1.780000E+02 -2.159E-02  1.388E-02 -4.290E-02  2.717E-02
1.800000E+02 -2.125E-02  1.354E-02 -4.223E-02  2.651E-02
1.850000E+02 -2.045E-02  1.276E-02 -4.064E-02  2.499E-02
1.900000E+02 -1.976E-02  1.202E-02 -3.927E-02  2.357E-02
1.950000E+02 -1.916E-02  1.123E-02 -3.807E-02  2.203E-02
2.000000E+02 -1.848E-02  1.042E-02 -3.672E-02  2.046E-02
2.100000E+02 -1.705E-02  9.118E-03 -3.389E-02  1.793E-02
2.200000E+02 -1.578E-02  8.026E-03 -3.137E-02  1.580E-02
2.300000E+02 -1.458E-02  7.154E-03 -2.900E-02  1.410E-02
2.400000E+02 -1.354E-02  6.447E-03 -2.693E-02  1.272E-02
2.500000E+02 -1.262E-02  5.843E-03 -2.512E-02  1.154E-02
2.600000E+02 -1.182E-02  5.311E-03 -2.352E-02  1.050E-02
2.700000E+02 -1.110E-02  4.840E-03 -2.210E-02  9.572E-03
2.800000E+02 -1.047E-02  4.404E-03 -2.085E-02  8.716E-03
2.900000E+02 -9.876E-03  3.976E-03 -1.967E-02  7.873E-03
3.000000E+02 -9.303E-03  3.598E-03 -1.853E-02  7.129E-03
3.200000E+02 -8.275E-03  2.983E-03 -1.649E-02  5.916E-03
3.400000E+02 -7.423E-03  2.485E-03 -1.480E-02  4.933E-03
3.600000E+02 -6.650E-03  2.050E-03 -1.326E-02  4.072E-03
3.800000E+02 -5.960E-03  1.707E-03 -1.189E-02  3.394E-03
4.000000E+02 -5.345E-03  1.451E-03 -1.066E-02  2.886E-03
4.200000E+02 -4.821E-03  1.240E-03 -9.620E-03  2.468E-03
4.400000E+02 -4.353E-03  1.067E-03 -8.689E-03  2.125E-03
4.600000E+02 -3.940E-03  9.246E-04 -7.865E-03  1.842E-03
4.800000E+02 -3.571E-03  8.047E-04 -7.129E-03  1.604E-03
5.000000E+02 -3.237E-03  7.040E-04 -6.463E-03  1.404E-03
5.200000E+02 -2.933E-03  6.190E-04 -5.857E-03  1.234E-03
5.250000E+02 -2.862E-03  5.998E-04 -5.716E-03  1.196E-03
5.278000E+02 -2.822E-03  5.894E-04 -5.637E-03  1.175E-03
5.280000E+02 -2.819E-03  5.887E-04 -5.631E-03  1.174E-03
5.285000E+02 -2.812E-03  5.868E-04 -5.617E-03  1.170E-03
5.290000E+02 -2.805E-03  5.850E-04 -5.603E-03  1.167E-03
5.300000E+02 -2.792E-03  5.814E-04 -5.576E-03  1.160E-03
5.310000E+02 -2.778E-03  5.778E-04 -5.548E-03  1.152E-03
5.320000E+02 -2.764E-03  5.743E-04 -5.520E-03  1.145E-03
5.330000E+02 -2.748E-03  5.708E-04 -5.488E-03  1.138E-03
5.340000E+02 -2.736E-03  5.673E-04 -5.465E-03  1.132E-03
5.344000E+02 -2.730E-03  5.660E-04 -5.454E-03  1.129E-03
5.348000E+02 -2.725E-03  5.646E-04 -5.443E-03  1.126E-03
5.352000E+02 -2.719E-03  5.632E-04 -5.432E-03  1.123E-03
5.356000E+02 -2.714E-03  5.619E-04 -5.421E-03  1.121E-03
5.360000E+02 -2.709E-03  5.605E-04 -5.410E-03  1.118E-03
5.364000E+02 -2.703E-03  5.591E-04 -5.399E-03  1.115E-03
5.368000E+02 -2.698E-03  5.578E-04 -5.389E-03  1.113E-03
5.372000E+02 -2.692E-03  5.564E-04 -5.378E-03  1.110E-03
5.376000E+02 -2.687E-03  5.551E-04 -5.367E-03  1.107E-03
5.380000E+02 -2.682E-03  5.537E-04 -5.356E-03  1.105E-03
5.390000E+02 -2.668E-03  5.504E-04 -5.330E-03  1.098E-03
5.400000E+02 -2.655E-03  5.471E-04 -5.303E-03  1.091E-03
5.410000E+02 -2.642E-03  5.438E-04 -5.276E-03  1.085E-03
5.420000E+02 -2.628E-03  5.406E-04 -5.250E-03  1.078E-03
5.430000E+02 -2.615E-03  5.373E-04 -5.223E-03  1.072E-03
5.440000E+02 -2.602E-03  5.341E-04 -5.197E-03  1.065E-03
5.450000E+02 -2.589E-03  5.309E-04 -5.171E-03  1.059E-03
5.455000E+02 -2.582E-03  5.293E-04 -5.158E-03  1.056E-03
5.460000E+02 -2.576E-03  5.278E-04 -5.145E-03  1.053E-03
5.470000E+02 -2.562E-03  5.246E-04 -5.119E-03  1.047E-03
5.480000E+02 -2.549E-03  5.215E-04 -5.093E-03  1.040E-03
5.490000E+02 -2.536E-03  5.184E-04 -5.067E-03  1.034E-03
5.500000E+02 -2.524E-03  5.154E-04 -5.041E-03  1.028E-03
5.510000E+02 -2.511E-03  5.123E-04 -5.015E-03  1.022E-03
5.520000E+02 -2.498E-03  5.093E-04 -4.990E-03  1.016E-03
5.530000E+02 -2.485E-03  5.063E-04 -4.964E-03  1.010E-03
5.540000E+02 -2.472E-03  5.034E-04 -4.939E-03  1.004E-03
5.550000E+02 -2.460E-03  5.004E-04 -4.914E-03  9.984E-04
5.560000E+02 -2.447E-03  4.975E-04 -4.888E-03  9.926E-04
5.566000E+02 -2.440E-03  4.958E-04 -4.873E-03  9.892E-04
5.570000E+02 -2.435E-03  4.947E-04 -4.863E-03  9.869E-04
5.580000E+02 -2.422E-03  4.917E-04 -4.838E-03  9.811E-04
5.590000E+02 -2.409E-03  4.889E-04 -4.813E-03  9.754E-04
5.600000E+02 -2.397E-03  4.860E-04 -4.788E-03  9.697E-04
5.620000E+02 -2.372E-03  4.803E-04 -4.739E-03  9.584E-04
5.650000E+02 -2.335E-03  4.720E-04 -4.665E-03  9.418E-04
5.700000E+02 -2.274E-03  4.585E-04 -4.543E-03  9.150E-04
5.750000E+02 -2.214E-03  4.456E-04 -4.422E-03  8.892E-04
5.800000E+02 -2.154E-03  4.331E-04 -4.303E-03  8.644E-04
5.900000E+02 -2.036E-03  4.101E-04 -4.068E-03  8.185E-04
6.000000E+02 -1.920E-03  3.889E-04 -3.837E-03  7.763E-04
6.200000E+02 -1.691E-03  3.513E-04 -3.379E-03  7.014E-04
6.400000E+02 -1.457E-03  3.188E-04 -2.912E-03  6.367E-04
6.600000E+02 -1.198E-03  2.874E-04 -2.395E-03  5.742E-04
6.800000E+02 -8.759E-04  2.612E-04 -1.751E-03  5.220E-04
6.850000E+02 -7.890E-04  2.555E-04 -1.577E-03  5.106E-04
6.900000E+02 -6.572E-04  1.660E-04 -1.314E-03  3.317E-04
6.950000E+02 -4.000E-04  1.406E-04 -7.999E-04  2.812E-04
6.960000E+02 -3.402E-04  1.456E-04 -6.803E-04  2.911E-04
6.970000E+02 -2.775E-04  1.539E-04 -5.549E-04  3.078E-04
6.980000E+02 -2.113E-04  1.656E-04 -4.225E-04  3.311E-04
6.990000E+02 -1.407E-04  1.806E-04 -2.813E-04  3.612E-04
7.000000E+02 -6.353E-05  1.990E-04 -1.271E-04  3.979E-04
7.010000E+02  2.560E-05  2.206E-04  5.114E-05  4.413E-04
7.020000E+02  1.473E-04  2.695E-04  2.946E-04  5.390E-04
7.030000E+02  2.423E-04  3.745E-04  4.845E-04  7.492E-04
7.040000E+02  3.036E-04  4.790E-04  6.070E-04  9.582E-04
7.045000E+02  3.280E-04  5.310E-04  6.558E-04  1.062E-03
7.050000E+02  3.490E-04  5.828E-04  6.978E-04  1.166E-03
7.055000E+02  3.671E-04  6.345E-04  7.339E-04  1.269E-03
7.060000E+02  3.826E-04  6.860E-04  7.648E-04  1.373E-03
7.065000E+02  3.952E-04  7.374E-04  7.901E-04  1.475E-03
7.070000E+02  4.060E-04  7.886E-04  8.116E-04  1.578E-03
7.074000E+02  4.128E-04  8.295E-04  8.252E-04  1.660E-03
7.076000E+02  4.158E-04  8.499E-04  8.311E-04  1.701E-03
7.078000E+02  4.184E-04  8.703E-04  8.362E-04  1.741E-03
7.080000E+02  4.206E-04  8.906E-04  8.407E-04  1.782E-03
7.082000E+02  4.226E-04  9.110E-04  8.445E-04  1.823E-03
7.084000E+02  4.242E-04  9.313E-04  8.476E-04  1.863E-03
7.086000E+02  4.254E-04  9.515E-04  8.502E-04  1.904E-03
7.088000E+02  4.264E-04  9.718E-04  8.520E-04  1.944E-03
7.090000E+02  4.270E-04  9.920E-04  8.532E-04  1.985E-03
7.095000E+02  4.273E-04  1.042E-03  8.537E-04  2.086E-03
7.100000E+02  4.256E-04  1.093E-03  8.501E-04  2.187E-03
7.105000E+02  4.220E-04  1.143E-03  8.429E-04  2.287E-03
7.110000E+02  4.165E-04  1.193E-03  8.317E-04  2.387E-03
7.115000E+02  4.090E-04  1.243E-03  8.166E-04  2.487E-03
7.120000E+02  3.996E-04  1.293E-03  7.977E-04  2.586E-03
7.125000E+02  3.881E-04  1.342E-03  7.746E-04  2.685E-03
7.130000E+02  3.746E-04  1.392E-03  7.474E-04  2.784E-03
7.140000E+02  3.409E-04  1.490E-03  6.797E-04  2.981E-03
7.150000E+02  2.975E-04  1.588E-03  5.926E-04  3.176E-03
7.160000E+02  2.423E-04  1.685E-03  4.819E-04  3.371E-03
7.170000E+02  1.712E-04  1.781E-03  3.392E-04  3.564E-03
7.180000E+02  6.312E-05  1.878E-03  1.227E-04  3.755E-03
7.190000E+02 -5.639E-05  1.901E-03 -1.164E-04  3.803E-03
7.200000E+02 -1.437E-04  1.914E-03 -2.910E-04  3.828E-03
7.202000E+02 -1.596E-04  1.917E-03 -3.228E-04  3.833E-03
7.204000E+02 -1.751E-04  1.919E-03 -3.539E-04  3.837E-03
7.206000E+02 -1.903E-04  1.921E-03 -3.843E-04  3.841E-03
7.208000E+02 -2.052E-04  1.923E-03 -4.141E-04  3.844E-03
7.210000E+02 -2.199E-04  1.924E-03 -4.434E-04  3.848E-03
7.212000E+02 -2.343E-04  1.926E-03 -4.722E-04  3.851E-03
7.215000E+02 -2.554E-04  1.928E-03 -5.144E-04  3.855E-03
7.220000E+02 -2.896E-04  1.931E-03 -5.828E-04  3.861E-03
7.225000E+02 -3.226E-04  1.933E-03 -6.488E-04  3.866E-03
7.230000E+02 -3.546E-04  1.935E-03 -7.128E-04  3.869E-03
7.235000E+02 -3.857E-04  1.936E-03 -7.750E-04  3.870E-03
7.240000E+02 -4.159E-04  1.936E-03 -8.354E-04  3.870E-03
7.245000E+02 -4.454E-04  1.935E-03 -8.943E-04  3.868E-03
7.250000E+02 -4.741E-04  1.934E-03 -9.517E-04  3.865E-03
7.260000E+02 -5.294E-04  1.928E-03 -1.062E-03  3.854E-03
7.270000E+02 -5.817E-04  1.920E-03 -1.167E-03  3.838E-03
7.280000E+02 -6.313E-04  1.909E-03 -1.266E-03  3.815E-03
7.290000E+02 -6.778E-04  1.894E-03 -1.359E-03  3.786E-03
7.300000E+02 -7.210E-04  1.877E-03 -1.445E-03  3.751E-03
7.350000E+02 -8.558E-04  1.747E-03 -1.714E-03  3.491E-03
7.400000E+02 -9.134E-04  1.708E-03 -1.829E-03  3.413E-03
7.450000E+02 -9.785E-04  1.670E-03 -1.959E-03  3.337E-03
7.500000E+02 -1.034E-03  1.633E-03 -2.070E-03  3.263E-03
7.550000E+02 -1.081E-03  1.598E-03 -2.164E-03  3.192E-03
7.600000E+02 -1.122E-03  1.563E-03 -2.245E-03  3.123E-03
7.650000E+02 -1.156E-03  1.529E-03 -2.313E-03  3.055E-03
7.700000E+02 -1.186E-03  1.496E-03 -2.373E-03  2.988E-03
7.750000E+02 -1.211E-03  1.462E-03 -2.422E-03  2.920E-03
7.800000E+02 -1.230E-03  1.428E-03 -2.461E-03  2.852E-03
7.850000E+02 -1.245E-03  1.395E-03 -2.491E-03  2.787E-03
7.900000E+02 -1.256E-03  1.365E-03 -2.512E-03  2.726E-03
7.950000E+02 -1.265E-03  1.336E-03 -2.529E-03  2.669E-03
8.000000E+02 -1.271E-03  1.309E-03 -2.542E-03  2.615E-03
8.050000E+02 -1.276E-03  1.283E-03 -2.551E-03  2.564E-03
8.100000E+02 -1.279E-03  1.259E-03 -2.558E-03  2.514E-03
8.150000E+02 -1.281E-03  1.235E-03 -2.562E-03  2.466E-03
8.200000E+02 -1.282E-03  1.211E-03 -2.564E-03  2.419E-03
8.250000E+02 -1.284E-03  1.188E-03 -2.567E-03  2.373E-03
8.300000E+02 -1.279E-03  1.158E-03 -2.558E-03  2.312E-03
8.350000E+02 -1.267E-03  1.132E-03 -2.533E-03  2.262E-03
8.380000E+02 -1.257E-03  1.119E-03 -2.513E-03  2.236E-03
8.390000E+02 -1.253E-03  1.116E-03 -2.505E-03  2.228E-03
8.400000E+02 -1.249E-03  1.112E-03 -2.498E-03  2.221E-03
8.410000E+02 -1.245E-03  1.108E-03 -2.489E-03  2.214E-03
8.420000E+02 -1.240E-03  1.105E-03 -2.479E-03  2.208E-03
8.430000E+02 -1.235E-03  1.102E-03 -2.469E-03  2.201E-03
8.440000E+02 -1.227E-03  1.099E-03 -2.454E-03  2.196E-03
8.450000E+02 -1.220E-03  1.101E-03 -2.439E-03  2.199E-03
8.460000E+02 -1.214E-03  1.103E-03 -2.429E-03  2.204E-03
8.470000E+02 -1.211E-03  1.106E-03 -2.421E-03  2.210E-03
8.480000E+02 -1.208E-03  1.109E-03 -2.415E-03  2.215E-03
8.490000E+02 -1.206E-03  1.111E-03 -2.411E-03  2.220E-03
8.500000E+02 -1.204E-03  1.114E-03 -2.408E-03  2.225E-03
8.510000E+02 -1.203E-03  1.117E-03 -2.405E-03  2.230E-03
8.520000E+02 -1.202E-03  1.119E-03 -2.404E-03  2.236E-03
8.530000E+02 -1.202E-03  1.122E-03 -2.403E-03  2.241E-03
8.540000E+02 -1.202E-03  1.124E-03 -2.403E-03  2.246E-03
8.550000E+02 -1.202E-03  1.127E-03 -2.404E-03  2.251E-03
8.560000E+02 -1.203E-03  1.129E-03 -2.406E-03  2.256E-03
8.570000E+02 -1.204E-03  1.132E-03 -2.408E-03  2.261E-03
8.580000E+02 -1.206E-03  1.134E-03 -2.412E-03  2.266E-03
8.590000E+02 -1.208E-03  1.137E-03 -2.416E-03  2.271E-03
8.600000E+02 -1.211E-03  1.139E-03 -2.422E-03  2.276E-03
8.610000E+02 -1.214E-03  1.142E-03 -2.428E-03  2.281E-03
8.620000E+02 -1.218E-03  1.144E-03 -2.437E-03  2.285E-03
8.630000E+02 -1.224E-03  1.147E-03 -2.447E-03  2.290E-03
8.640000E+02 -1.231E-03  1.148E-03 -2.463E-03  2.294E-03
8.650000E+02 -1.239E-03  1.145E-03 -2.478E-03  2.288E-03
8.660000E+02 -1.245E-03  1.142E-03 -2.489E-03  2.281E-03
8.670000E+02 -1.250E-03  1.139E-03 -2.499E-03  2.275E-03
8.680000E+02 -1.254E-03  1.135E-03 -2.508E-03  2.268E-03
8.690000E+02 -1.258E-03  1.132E-03 -2.516E-03  2.261E-03
8.700000E+02 -1.262E-03  1.128E-03 -2.524E-03  2.253E-03
8.720000E+02 -1.269E-03  1.120E-03 -2.538E-03  2.237E-03
8.740000E+02 -1.275E-03  1.111E-03 -2.550E-03  2.220E-03
8.760000E+02 -1.281E-03  1.102E-03 -2.561E-03  2.201E-03
8.780000E+02 -1.286E-03  1.092E-03 -2.571E-03  2.182E-03
8.800000E+02 -1.290E-03  1.082E-03 -2.579E-03  2.161E-03
8.820000E+02 -1.292E-03  1.071E-03 -2.584E-03  2.139E-03
8.840000E+02 -1.292E-03  1.059E-03 -2.584E-03  2.116E-03
8.860000E+02 -1.292E-03  1.051E-03 -2.582E-03  2.099E-03
8.880000E+02 -1.292E-03  1.043E-03 -2.583E-03  2.083E-03
8.900000E+02 -1.292E-03  1.035E-03 -2.583E-03  2.067E-03
8.950000E+02 -1.292E-03  1.015E-03 -2.583E-03  2.028E-03
9.000000E+02 -1.291E-03  9.964E-04 -2.581E-03  1.990E-03
9.030000E+02 -1.290E-03  9.852E-04 -2.579E-03  1.968E-03
9.050000E+02 -1.289E-03  9.778E-04 -2.578E-03  1.953E-03
9.100000E+02 -1.287E-03  9.598E-04 -2.573E-03  1.917E-03
9.150000E+02 -1.284E-03  9.422E-04 -2.568E-03  1.882E-03
9.200000E+02 -1.281E-03  9.249E-04 -2.561E-03  1.848E-03
9.250000E+02 -1.277E-03  9.081E-04 -2.553E-03  1.814E-03
9.300000E+02 -1.273E-03  8.916E-04 -2.545E-03  1.781E-03
9.350000E+02 -1.268E-03  8.756E-04 -2.536E-03  1.749E-03
9.400000E+02 -1.263E-03  8.599E-04 -2.526E-03  1.718E-03
9.450000E+02 -1.258E-03  8.446E-04 -2.515E-03  1.687E-03
9.500000E+02 -1.252E-03  8.298E-04 -2.504E-03  1.658E-03
9.550000E+02 -1.247E-03  8.155E-04 -2.493E-03  1.629E-03
9.600000E+02 -1.241E-03  8.015E-04 -2.481E-03  1.601E-03
9.650000E+02 -1.235E-03  7.878E-04 -2.469E-03  1.574E-03
9.700000E+02 -1.229E-03  7.744E-04 -2.457E-03  1.547E-03
9.750000E+02 -1.223E-03  7.613E-04 -2.444E-03  1.521E-03
9.800000E+02 -1.216E-03  7.484E-04 -2.432E-03  1.495E-03
9.850000E+02 -1.210E-03  7.359E-04 -2.419E-03  1.470E-03
9.900000E+02 -1.204E-03  7.237E-04 -2.406E-03  1.446E-03
9.950000E+02 -1.197E-03  7.116E-04 -2.393E-03  1.422E-03
1.000000E+03 -1.191E-03  6.997E-04 -2.380E-03  1.398E-03
1.050000E+03 -1.121E-03  5.928E-04 -2.241E-03  1.184E-03
1.100000E+03 -1.050E-03  5.062E-04 -2.099E-03  1.011E-03
1.150000E+03 -9.811E-04  4.355E-04 -1.961E-03  8.701E-04
1.200000E+03 -9.168E-04  3.771E-04 -1.833E-03  7.534E-04
1.250000E+03 -8.571E-04  3.276E-04 -1.713E-03  6.546E-04
1.300000E+03 -8.011E-04  2.855E-04 -1.602E-03  5.705E-04
1.300800E+03 -8.002E-04  2.849E-04 -1.600E-03  5.693E-04
1.301000E+03 -8.000E-04  2.847E-04 -1.599E-03  5.690E-04
1.302000E+03 -7.989E-04  2.839E-04 -1.597E-03  5.674E-04
1.303000E+03 -7.978E-04  2.832E-04 -1.595E-03  5.659E-04
1.304000E+03 -7.967E-04  2.824E-04 -1.593E-03  5.644E-04
1.305000E+03 -7.956E-04  2.817E-04 -1.591E-03  5.629E-04
1.306000E+03 -7.946E-04  2.809E-04 -1.589E-03  5.614E-04
1.307000E+03 -7.935E-04  2.801E-04 -1.586E-03  5.598E-04
1.308000E+03 -7.924E-04  2.794E-04 -1.584E-03  5.584E-04
1.309000E+03 -7.913E-04  2.787E-04 -1.582E-03  5.569E-04
1.309400E+03 -7.909E-04  2.784E-04 -1.581E-03  5.563E-04
1.309800E+03 -7.904E-04  2.781E-04 -1.580E-03  5.557E-04
1.310200E+03 -7.900E-04  2.778E-04 -1.579E-03  5.551E-04
1.310600E+03 -7.896E-04  2.775E-04 -1.579E-03  5.545E-04
1.311000E+03 -7.891E-04  2.772E-04 -1.578E-03  5.539E-04
1.311400E+03 -7.887E-04  2.769E-04 -1.577E-03  5.534E-04
1.311800E+03 -7.883E-04  2.766E-04 -1.576E-03  5.528E-04
1.312200E+03 -7.879E-04  2.763E-04 -1.575E-03  5.522E-04
1.312600E+03 -7.874E-04  2.760E-04 -1.574E-03  5.516E-04
1.313000E+03 -7.870E-04  2.757E-04 -1.573E-03  5.510E-04
1.314000E+03 -7.859E-04  2.750E-04 -1.571E-03  5.496E-04
1.315000E+03 -7.849E-04  2.743E-04 -1.569E-03  5.482E-04
1.316000E+03 -7.838E-04  2.736E-04 -1.567E-03  5.467E-04
1.317000E+03 -7.828E-04  2.729E-04 -1.565E-03  5.453E-04
1.318000E+03 -7.817E-04  2.722E-04 -1.563E-03  5.439E-04
1.319000E+03 -7.806E-04  2.714E-04 -1.561E-03  5.425E-04
1.320000E+03 -7.796E-04  2.707E-04 -1.559E-03  5.411E-04
1.321000E+03 -7.785E-04  2.700E-04 -1.557E-03  5.396E-04
1.322000E+03 -7.775E-04  2.693E-04 -1.554E-03  5.382E-04
1.323000E+03 -7.765E-04  2.686E-04 -1.552E-03  5.368E-04
1.324000E+03 -7.754E-04  2.679E-04 -1.550E-03  5.354E-04
1.325000E+03 -7.744E-04  2.672E-04 -1.548E-03  5.341E-04
1.326000E+03 -7.733E-04  2.665E-04 -1.546E-03  5.327E-04
1.327000E+03 -7.723E-04  2.659E-04 -1.544E-03  5.313E-04
1.328000E+03 -7.713E-04  2.652E-04 -1.542E-03  5.299E-04
1.329000E+03 -7.702E-04  2.645E-04 -1.540E-03  5.285E-04
1.329600E+03 -7.696E-04  2.641E-04 -1.539E-03  5.277E-04
1.330000E+03 -7.692E-04  2.638E-04 -1.538E-03  5.272E-04
1.331000E+03 -7.682E-04  2.631E-04 -1.536E-03  5.258E-04
1.332000E+03 -7.671E-04  2.624E-04 -1.534E-03  5.245E-04
1.333000E+03 -7.661E-04  2.617E-04 -1.532E-03  5.231E-04
1.335000E+03 -7.640E-04  2.604E-04 -1.528E-03  5.204E-04
1.340000E+03 -7.590E-04  2.571E-04 -1.517E-03  5.137E-04
1.350000E+03 -7.489E-04  2.506E-04 -1.497E-03  5.008E-04
1.360000E+03 -7.390E-04  2.443E-04 -1.478E-03  4.883E-04
1.380000E+03 -7.198E-04  2.325E-04 -1.439E-03  4.646E-04
1.400000E+03 -7.014E-04  2.213E-04 -1.402E-03  4.423E-04
1.450000E+03 -6.583E-04  1.959E-04 -1.316E-03  3.915E-04
1.500000E+03 -6.183E-04  1.734E-04 -1.236E-03  3.466E-04
1.600000E+03 -5.468E-04  1.379E-04 -1.093E-03  2.757E-04
1.700000E+03 -4.864E-04  1.119E-04 -9.726E-04  2.237E-04
1.800000E+03 -4.359E-04  9.096E-05 -8.715E-04  1.818E-04
1.835000E+03 -4.195E-04  8.480E-05 -8.389E-04  1.695E-04
1.835800E+03 -4.192E-04  8.466E-05 -8.381E-04  1.693E-04
1.836000E+03 -4.191E-04  8.463E-05 -8.380E-04  1.692E-04
1.837000E+03 -4.186E-04  8.447E-05 -8.371E-04  1.689E-04
1.838000E+03 -4.182E-04  8.430E-05 -8.362E-04  1.685E-04
1.839000E+03 -4.177E-04  8.414E-05 -8.353E-04  1.682E-04
1.840000E+03 -4.173E-04  8.397E-05 -8.344E-04  1.679E-04
1.841000E+03 -4.168E-04  8.381E-05 -8.335E-04  1.675E-04
1.842000E+03 -4.164E-04  8.364E-05 -8.326E-04  1.672E-04
1.843000E+03 -4.159E-04  8.348E-05 -8.317E-04  1.669E-04
1.844000E+03 -4.155E-04  8.332E-05 -8.308E-04  1.666E-04
1.844400E+03 -4.153E-04  8.325E-05 -8.304E-04  1.664E-04
1.844800E+03 -4.151E-04  8.319E-05 -8.301E-04  1.663E-04
1.845200E+03 -4.149E-04  8.312E-05 -8.297E-04  1.662E-04
1.845600E+03 -4.148E-04  8.306E-05 -8.294E-04  1.660E-04
1.846000E+03 -4.146E-04  8.299E-05 -8.290E-04  1.659E-04
1.846400E+03 -4.144E-04  8.293E-05 -8.286E-04  1.658E-04
1.846800E+03 -4.142E-04  8.286E-05 -8.283E-04  1.657E-04
1.847200E+03 -4.140E-04  8.280E-05 -8.279E-04  1.655E-04
1.847600E+03 -4.139E-04  8.274E-05 -8.276E-04  1.654E-04
1.848000E+03 -4.137E-04  8.267E-05 -8.272E-04  1.653E-04
1.848400E+03 -4.135E-04  8.261E-05 -8.269E-04  1.651E-04
1.848800E+03 -4.133E-04  8.254E-05 -8.265E-04  1.650E-04
1.849200E+03 -4.132E-04  8.248E-05 -8.262E-04  1.649E-04
1.849600E+03 -4.130E-04  8.241E-05 -8.258E-04  1.648E-04
1.850000E+03 -4.128E-04  8.235E-05 -8.255E-04  1.646E-04
1.851000E+03 -4.124E-04  8.219E-05 -8.246E-04  1.643E-04
1.852000E+03 -4.119E-04  8.203E-05 -8.237E-04  1.640E-04
1.853000E+03 -4.115E-04  8.187E-05 -8.228E-04  1.637E-04
1.854000E+03 -4.110E-04  8.171E-05 -8.219E-04  1.634E-04
1.855000E+03 -4.106E-04  8.156E-05 -8.211E-04  1.630E-04
1.856000E+03 -4.102E-04  8.140E-05 -8.202E-04  1.627E-04
1.857000E+03 -4.097E-04  8.124E-05 -8.193E-04  1.624E-04
1.858000E+03 -4.093E-04  8.109E-05 -8.184E-04  1.621E-04
1.859000E+03 -4.089E-04  8.093E-05 -8.176E-04  1.618E-04
1.860000E+03 -4.084E-04  8.077E-05 -8.167E-04  1.615E-04
1.861000E+03 -4.080E-04  8.062E-05 -8.158E-04  1.612E-04
1.862000E+03 -4.076E-04  8.046E-05 -8.149E-04  1.609E-04
1.863000E+03 -4.071E-04  8.031E-05 -8.141E-04  1.606E-04
1.864000E+03 -4.067E-04  8.015E-05 -8.132E-04  1.602E-04
1.864600E+03 -4.064E-04  8.006E-05 -8.127E-04  1.601E-04
1.865000E+03 -4.063E-04  8.000E-05 -8.123E-04  1.599E-04
1.866000E+03 -4.058E-04  7.985E-05 -8.115E-04  1.596E-04
1.867000E+03 -4.054E-04  7.969E-05 -8.106E-04  1.593E-04
1.868000E+03 -4.050E-04  7.954E-05 -8.098E-04  1.590E-04
1.869000E+03 -4.045E-04  7.939E-05 -8.089E-04  1.587E-04
1.870000E+03 -4.041E-04  7.924E-05 -8.080E-04  1.584E-04
1.871000E+03 -4.037E-04  7.909E-05 -8.072E-04  1.581E-04
1.872000E+03 -4.032E-04  7.894E-05 -8.063E-04  1.578E-04
1.873000E+03 -4.028E-04  7.879E-05 -8.055E-04  1.575E-04
1.874000E+03 -4.024E-04  7.864E-05 -8.046E-04  1.572E-04
1.875000E+03 -4.020E-04  7.849E-05 -8.038E-04  1.569E-04
1.880000E+03 -3.998E-04  7.775E-05 -7.995E-04  1.554E-04
1.900000E+03 -3.916E-04  7.488E-05 -7.830E-04  1.497E-04
2.000000E+03 -3.537E-04  6.227E-05 -7.074E-04  1.245E-04
2.200000E+03 -2.922E-04  4.402E-05 -5.843E-04  8.801E-05
2.400000E+03 -2.451E-04  3.200E-05 -4.901E-04  6.399E-05
2.600000E+03 -2.083E-04  2.380E-05 -4.165E-04  4.758E-05
2.800000E+03 -1.790E-04  1.810E-05 -3.580E-04  3.620E-05
3.000000E+03 -1.554E-04  1.401E-05 -3.108E-04  2.801E-05
3.500000E+03 -1.132E-04  7.895E-06 -2.264E-04  1.579E-05
4.000000E+03 -8.593E-05  4.796E-06 -1.719E-04  9.591E-06
4.500000E+03 -6.731E-05  3.079E-06 -1.346E-04  6.158E-06
5.000000E+03 -5.402E-05  2.074E-06 -1.080E-04  4.147E-06
5.500000E+03 -4.416E-05  1.450E-06 -8.832E-05  2.899E-06
6.000000E+03 -3.659E-05  1.046E-06 -7.319E-05  2.093E-06
6.500000E+03 -3.048E-05  7.774E-07 -6.096E-05  1.555E-06
7.000000E+03 -2.454E-05  3.570E-07 -4.907E-05  7.141E-07
7.100000E+03 -2.221E-05  1.228E-06 -4.443E-05  2.456E-06
7.105000E+03 -2.214E-05  1.341E-06 -4.428E-05  2.682E-06
7.106000E+03 -2.212E-05  1.363E-06 -4.425E-05  2.727E-06
7.107000E+03 -2.211E-05  1.386E-06 -4.422E-05  2.772E-06
7.108000E+03 -2.210E-05  1.408E-06 -4.419E-05  2.816E-06
7.109000E+03 -2.208E-05  1.431E-06 -4.416E-05  2.861E-06
7.110000E+03 -2.207E-05  1.453E-06 -4.414E-05  2.906E-06
7.111000E+03 -2.206E-05  1.476E-06 -4.411E-05  2.951E-06
7.112000E+03 -2.204E-05  1.498E-06 -4.408E-05  2.996E-06
7.113000E+03 -2.203E-05  1.520E-06 -4.406E-05  3.041E-06
7.114000E+03 -2.202E-05  1.543E-06 -4.403E-05  3.086E-06
7.115000E+03 -2.201E-05  1.565E-06 -4.401E-05  3.130E-06
7.116000E+03 -2.199E-05  1.588E-06 -4.398E-05  3.175E-06
7.117000E+03 -2.198E-05  1.610E-06 -4.396E-05  3.220E-06
7.118000E+03 -2.197E-05  1.632E-06 -4.393E-05  3.265E-06
7.119000E+03 -2.196E-05  1.655E-06 -4.391E-05  3.309E-06
7.120000E+03 -2.194E-05  1.677E-06 -4.389E-05  3.354E-06
7.121000E+03 -2.193E-05  1.699E-06 -4.386E-05  3.399E-06
7.122000E+03 -2.192E-05  1.722E-06 -4.384E-05  3.443E-06
7.123000E+03 -2.191E-05  1.744E-06 -4.382E-05  3.488E-06
7.124000E+03 -2.190E-05  1.766E-06 -4.380E-05  3.532E-06
7.125000E+03 -2.189E-05  1.788E-06 -4.377E-05  3.577E-06
7.126000E+03 -2.188E-05  1.811E-06 -4.375E-05  3.621E-06
7.127000E+03 -2.187E-05  1.833E-06 -4.373E-05  3.666E-06
7.128000E+03 -2.186E-05  1.855E-06 -4.371E-05  3.710E-06
7.129000E+03 -2.185E-05  1.877E-06 -4.369E-05  3.755E-06
7.130000E+03 -2.184E-05  1.900E-06 -4.367E-05  3.799E-06
7.135000E+03 -2.179E-05  2.010E-06 -4.358E-05  4.020E-06
7.140000E+03 -2.175E-05  2.121E-06 -4.349E-05  4.241E-06
7.145000E+03 -2.171E-05  2.231E-06 -4.342E-05  4.461E-06
7.150000E+03 -2.168E-05  2.341E-06 -4.335E-05  4.681E-06
7.155000E+03 -2.165E-05  2.450E-06 -4.330E-05  4.900E-06
7.160000E+03 -2.162E-05  2.559E-06 -4.325E-05  5.118E-06
7.165000E+03 -2.161E-05  2.668E-06 -4.321E-05  5.336E-06
7.170000E+03 -2.159E-05  2.776E-06 -4.318E-05  5.553E-06
7.175000E+03 -2.158E-05  2.884E-06 -4.316E-05  5.769E-06
7.180000E+03 -2.158E-05  2.992E-06 -4.315E-05  5.984E-06
7.185000E+03 -2.157E-05  3.100E-06 -4.315E-05  6.199E-06
7.190000E+03 -2.158E-05  3.207E-06 -4.315E-05  6.414E-06
7.195000E+03 -2.158E-05  3.314E-06 -4.317E-05  6.627E-06
7.200000E+03 -2.160E-05  3.420E-06 -4.319E-05  6.840E-06
7.210000E+03 -2.164E-05  3.632E-06 -4.328E-05  7.264E-06
7.220000E+03 -2.171E-05  3.843E-06 -4.343E-05  7.685E-06
7.300000E+03 -2.266E-05  4.299E-06 -4.533E-05  8.598E-06
7.400000E+03 -2.300E-05  3.922E-06 -4.599E-05  7.843E-06
7.500000E+03 -2.270E-05  3.712E-06 -4.539E-05  7.424E-06
7.600000E+03 -2.239E-05  3.544E-06 -4.478E-05  7.087E-06
7.700000E+03 -2.204E-05  3.384E-06 -4.409E-05  6.767E-06
7.800000E+03 -2.167E-05  3.232E-06 -4.333E-05  6.464E-06
7.900000E+03 -2.127E-05  3.089E-06 -4.254E-05  6.178E-06
8.000000E+03 -2.087E-05  2.957E-06 -4.174E-05  5.914E-06
8.200000E+03 -2.007E-05  2.714E-06 -4.014E-05  5.429E-06
8.400000E+03 -1.928E-05  2.493E-06 -3.857E-05  4.987E-06
8.600000E+03 -1.852E-05  2.289E-06 -3.704E-05  4.578E-06
8.800000E+03 -1.778E-05  2.107E-06 -3.556E-05  4.214E-06
9.000000E+03 -1.707E-05  1.946E-06 -3.414E-05  3.892E-06
9.500000E+03 -1.545E-05  1.599E-06 -3.090E-05  3.198E-06
1.000000E+04 -1.400E-05  1.319E-06 -2.800E-05  2.638E-06
1.100000E+04 -1.163E-05  9.910E-07 -2.327E-05  1.982E-06
1.200000E+04 -9.822E-06  7.635E-07 -1.964E-05  1.527E-06
1.300000E+04 -8.401E-06  6.005E-07 -1.680E-05  1.201E-06
1.400000E+04 -7.266E-06  4.838E-07 -1.453E-05  9.675E-07
1.500000E+04 -6.344E-06  3.909E-07 -1.269E-05  7.818E-07
1.600000E+04 -5.586E-06  3.232E-07 -1.117E-05  6.463E-07
1.700000E+04 -4.954E-06  2.686E-07 -9.908E-06  5.371E-07
1.800000E+04 -4.425E-06  2.290E-07 -8.850E-06  4.581E-07
1.900000E+04 -3.977E-06  1.945E-07 -7.955E-06  3.890E-07
2.000000E+04 -3.592E-06  1.649E-07 -7.184E-06  3.298E-07
