35 = ICOMP, 600C pyrolyzed cellulose (Jaeger etal 98), extrap to submm
    E(eV)     Re(n)-1    Im(n)    Re(eps)-1  Im(eps)
1.00000E-05  1.007E+00 1.734E-03  3.028E+00 6.960E-03
1.25893E-05  1.007E+00 1.859E-03  3.028E+00 7.460E-03
1.58489E-05  1.007E+00 1.992E-03  3.028E+00 7.996E-03
1.99526E-05  1.007E+00 2.135E-03  3.028E+00 8.571E-03
2.51189E-05  1.007E+00 2.289E-03  3.028E+00 9.188E-03
3.16228E-05  1.007E+00 2.453E-03  3.028E+00 9.848E-03
3.98107E-05  1.007E+00 2.630E-03  3.028E+00 1.056E-02
5.01187E-05  1.007E+00 2.819E-03  3.028E+00 1.132E-02
6.30957E-05  1.007E+00 3.022E-03  3.028E+00 1.213E-02
7.94328E-05  1.007E+00 3.239E-03  3.028E+00 1.300E-02
1.00000E-04  1.007E+00 3.472E-03  3.028E+00 1.394E-02
1.25893E-04  1.007E+00 3.721E-03  3.028E+00 1.494E-02
1.58489E-04  1.007E+00 3.989E-03  3.028E+00 1.601E-02
1.99526E-04  1.007E+00 4.276E-03  3.028E+00 1.716E-02
2.51189E-04  1.007E+00 4.583E-03  3.028E+00 1.840E-02
3.16228E-04  1.007E+00 4.912E-03  3.028E+00 1.972E-02
3.98107E-04  1.007E+00 5.266E-03  3.028E+00 2.114E-02
5.01187E-04  1.007E+00 5.644E-03  3.028E+00 2.266E-02
6.30957E-04  1.007E+00 6.050E-03  3.028E+00 2.428E-02
7.94328E-04  1.007E+00 6.485E-03  3.028E+00 2.603E-02
1.00000E-03  1.007E+00 6.951E-03  3.028E+00 2.790E-02
1.25893E-03  1.007E+00 7.451E-03  3.028E+00 2.991E-02
1.58489E-03  1.007E+00 7.987E-03  3.028E+00 3.206E-02
1.99526E-03  1.007E+00 8.561E-03  3.028E+00 3.436E-02
2.51189E-03  1.007E+00 9.176E-03  3.028E+00 3.683E-02
2.74441E-03  1.007E+00 9.424E-03  3.028E+00 3.783E-02
3.10167E-03  1.007E+00 9.705E-03  3.028E+00 3.896E-02
3.46987E-03  1.007E+00 9.995E-03  3.028E+00 4.012E-02
3.82285E-03  1.007E+00 1.037E-02  3.028E+00 4.162E-02
4.25492E-03  1.007E+00 1.076E-02  3.028E+00 4.318E-02
4.80881E-03  1.007E+00 1.149E-02  3.028E+00 4.613E-02
5.57515E-03  1.007E+00 1.228E-02  3.028E+00 4.928E-02
6.17370E-03  1.007E+00 1.292E-02  3.028E+00 5.188E-02
6.83981E-03  1.007E+00 1.362E-02  3.028E+00 5.469E-02
7.76596E-03  1.007E+00 1.443E-02  3.028E+00 5.792E-02
8.73228E-03  1.007E+00 1.530E-02  3.028E+00 6.143E-02
9.84848E-03  1.007E+00 1.623E-02  3.028E+00 6.515E-02
1.10502E-02  1.007E+00 1.692E-02  3.028E+00 6.790E-02
1.23985E-02  1.007E+00 1.827E-02  3.028E+00 7.333E-02
1.39114E-02  1.007E+00 1.932E-02  3.028E+00 7.756E-02
1.56088E-02  1.007E+00 2.081E-02  3.028E+00 8.355E-02
1.75134E-02  1.007E+00 2.232E-02  3.028E+00 8.959E-02
1.96503E-02  1.006E+00 2.381E-02  3.023E+00 9.554E-02
2.20480E-02  1.006E+00 2.610E-02  3.023E+00 1.047E-01
2.47382E-02  1.005E+00 2.995E-02  3.019E+00 1.201E-01
2.77602E-02  1.004E+00 3.277E-02  3.015E+00 1.313E-01
3.11450E-02  1.003E+00 3.669E-02  3.011E+00 1.470E-01
3.49390E-02  1.001E+00 4.097E-02  3.002E+00 1.639E-01
3.92041E-02  1.000E+00 4.552E-02  2.998E+00 1.821E-01
4.39899E-02  9.970E-01 5.025E-02  2.985E+00 2.007E-01
4.93584E-02  9.940E-01 5.500E-02  2.973E+00 2.194E-01
5.53841E-02  9.910E-01 5.971E-02  2.961E+00 2.378E-01
6.21413E-02  9.880E-01 6.447E-02  2.948E+00 2.563E-01
6.97168E-02  9.850E-01 6.963E-02  2.935E+00 2.764E-01
7.82345E-02  9.830E-01 7.577E-02  2.927E+00 3.005E-01
8.77690E-02  9.800E-01 8.341E-02  2.913E+00 3.303E-01
9.84813E-02  9.750E-01 9.264E-02  2.892E+00 3.659E-01
1.10508E-01  9.680E-01 1.025E-01  2.863E+00 4.034E-01
1.23985E-01  9.570E-01 1.106E-01  2.818E+00 4.329E-01
1.39111E-01  9.450E-01 1.145E-01  2.770E+00 4.454E-01
1.56097E-01  9.370E-01 1.150E-01  2.739E+00 4.455E-01
1.75191E-01  9.330E-01 1.155E-01  2.723E+00 4.465E-01
1.96516E-01  9.320E-01 1.189E-01  2.718E+00 4.594E-01
2.20445E-01  9.330E-01 1.259E-01  2.721E+00 4.867E-01
2.47350E-01  9.330E-01 1.361E-01  2.718E+00 5.262E-01
2.77602E-01  9.330E-01 1.493E-01  2.714E+00 5.772E-01
3.11450E-01  9.320E-01 1.652E-01  2.705E+00 6.383E-01
3.49390E-01  9.300E-01 1.839E-01  2.691E+00 7.099E-01
3.92041E-01  9.270E-01 2.052E-01  2.671E+00 7.908E-01
4.39899E-01  9.230E-01 2.295E-01  2.645E+00 8.827E-01
4.93584E-01  9.160E-01 2.569E-01  2.605E+00 9.844E-01
5.53841E-01  9.080E-01 2.877E-01  2.558E+00 1.098E+00
6.21413E-01  8.970E-01 3.223E-01  2.495E+00 1.223E+00
6.97168E-01  8.820E-01 3.609E-01  2.412E+00 1.358E+00
7.82345E-01  8.630E-01 4.038E-01  2.308E+00 1.505E+00
8.77690E-01  8.380E-01 4.510E-01  2.175E+00 1.658E+00
9.84813E-01  8.060E-01 5.024E-01  2.009E+00 1.815E+00
1.10508E+00  7.640E-01 5.573E-01  1.801E+00 1.966E+00
1.23985E+00  7.100E-01 6.140E-01  1.547E+00 2.100E+00
1.39111E+00  6.420E-01 6.697E-01  1.248E+00 2.199E+00
1.56085E+00  5.580E-01 7.201E-01  9.088E-01 2.244E+00
1.75129E+00  4.580E-01 7.592E-01  5.494E-01 2.214E+00
1.96504E+00  3.450E-01 7.807E-01  1.995E-01 2.100E+00
2.20483E+00  2.240E-01 7.793E-01 -1.091E-01 1.908E+00
2.47387E+00  1.050E-01 7.526E-01 -3.454E-01 1.663E+00
2.77565E+00 -4.600E-03 7.020E-01 -5.020E-01 1.398E+00
3.11438E+00 -9.720E-02 6.323E-01 -5.848E-01 1.142E+00
3.49439E+00 -1.684E-01 5.502E-01 -6.112E-01 9.151E-01
3.92078E+00 -2.164E-01 4.633E-01 -6.006E-01 7.261E-01
4.39911E+00 -2.422E-01 3.791E-01 -5.695E-01 5.746E-01
4.93597E+00 -2.498E-01 3.039E-01 -5.296E-01 4.560E-01
5.53816E+00 -2.448E-01 2.411E-01 -4.878E-01 3.642E-01
6.21400E+00 -2.330E-01 1.914E-01 -4.483E-01 2.936E-01
