32 = IDIEL for magnetite Fe3O4 at T < 100 K                                     
    E(eV)      Re(n)-1    Im(n)    Re(eps)-1   Im(eps)
1.000000E-05  1.724E-01 4.265E-08  3.746E-01  1.000E-07
1.240000E-05  1.724E-01 5.288E-08  3.745E-01  1.240E-07
1.771000E-05  1.724E-01 7.553E-08  3.745E-01  1.771E-07
2.000000E-05  1.724E-01 8.530E-08  3.745E-01  2.000E-07
2.480000E-05  1.724E-01 1.058E-07  3.746E-01  2.480E-07
4.133000E-05  1.724E-01 1.763E-07  3.745E-01  4.133E-07
5.000000E-05  1.724E-01 2.132E-07  3.745E-01  5.000E-07
6.199000E-05  1.724E-01 2.644E-07  3.746E-01  6.199E-07
8.266000E-05  1.724E-01 3.525E-07  3.745E-01  8.266E-07
1.000000E-04  1.724E-01 4.265E-07  3.745E-01  1.000E-06
1.127000E-04  1.724E-01 4.806E-07  3.746E-01  1.127E-06
1.240000E-04  1.724E-01 5.288E-07  3.745E-01  1.240E-06
1.378000E-04  1.724E-01 5.877E-07  3.745E-01  1.378E-06
1.771000E-04  1.724E-01 7.553E-07  3.746E-01  1.771E-06
2.000000E-04  1.724E-01 8.529E-07  3.746E-01  2.000E-06
2.480000E-04  1.724E-01 1.058E-06  3.746E-01  2.480E-06
3.100000E-04  1.724E-01 1.322E-06  3.745E-01  3.100E-06
4.133000E-04  1.724E-01 1.763E-06  3.745E-01  4.133E-06
5.000000E-04  1.724E-01 2.132E-06  3.745E-01  5.000E-06
6.199000E-04  1.724E-01 2.644E-06  3.745E-01  6.199E-06
8.266000E-04  1.724E-01 3.525E-06  3.745E-01  8.266E-06
1.000000E-03  1.724E-01 4.265E-06  3.745E-01  1.000E-05
1.033000E-03  1.724E-01 4.406E-06  3.745E-01  1.033E-05
1.240000E-03  1.724E-01 5.288E-06  3.745E-01  1.240E-05
1.378000E-03  1.724E-01 5.877E-06  3.745E-01  1.378E-05
1.555000E-03  1.724E-01 6.632E-06  3.745E-01  1.555E-05
1.653000E-03  1.724E-01 7.050E-06  3.745E-01  1.653E-05
1.771000E-03  1.724E-01 7.553E-06  3.746E-01  1.771E-05
1.829000E-03  1.724E-01 7.800E-06  3.745E-01  1.829E-05
1.885000E-03  1.724E-01 8.039E-06  3.745E-01  1.885E-05
1.944000E-03  1.724E-01 8.291E-06  3.745E-01  1.944E-05
2.000000E-03  1.724E-01 8.529E-06  3.746E-01  2.000E-05
2.073000E-03  1.724E-01 8.841E-06  3.745E-01  2.073E-05
2.262000E-03  1.724E-01 9.647E-06  3.745E-01  2.262E-05
2.480000E-03  1.724E-01 1.058E-05  3.745E-01  2.480E-05
2.764000E-03  1.724E-01 1.179E-05  3.746E-01  2.764E-05
3.110000E-03  1.724E-01 1.326E-05  3.745E-01  3.110E-05
3.554000E-03  1.724E-01 1.516E-05  3.745E-01  3.554E-05
4.133000E-03  1.724E-01 1.763E-05  3.745E-01  4.133E-05
4.509000E-03  1.724E-01 1.923E-05  3.745E-01  4.509E-05
4.769000E-03  1.724E-01 2.034E-05  3.746E-01  4.769E-05
4.959000E-03  1.724E-01 2.115E-05  3.745E-01  4.959E-05
5.000000E-03  1.724E-01 2.132E-05  3.746E-01  5.000E-05
5.166000E-03  1.724E-01 2.203E-05  3.745E-01  5.166E-05
5.310000E-03  1.724E-01 2.265E-05  3.745E-01  5.310E-05
5.510000E-03  1.724E-01 2.350E-05  3.746E-01  5.510E-05
6.199000E-03  1.724E-01 2.644E-05  3.745E-01  6.199E-05
7.085000E-03  1.724E-01 3.021E-05  3.746E-01  7.085E-05
7.470000E-03  1.724E-01 3.186E-05  3.745E-01  7.470E-05
8.266000E-03  1.724E-01 3.525E-05  3.746E-01  8.266E-05
8.650000E-03  1.724E-01 3.689E-05  3.745E-01  8.650E-05
9.184000E-03  1.724E-01 3.917E-05  3.745E-01  9.184E-05
9.540000E-03  1.724E-01 4.069E-05  3.745E-01  9.540E-05
1.000000E-02  1.724E-01 4.265E-05  3.745E-01  1.000E-04
1.050000E-02  1.724E-01 4.478E-05  3.745E-01  1.050E-04
1.100000E-02  1.724E-01 4.691E-05  3.746E-01  1.100E-04
1.200000E-02  1.724E-01 5.118E-05  3.745E-01  1.200E-04
1.240000E-02  1.724E-01 5.288E-05  3.745E-01  1.240E-04
1.300000E-02  1.724E-01 5.544E-05  3.745E-01  1.300E-04
1.342000E-02  1.724E-01 5.723E-05  3.745E-01  1.342E-04
1.350000E-02  1.724E-01 5.757E-05  3.745E-01  1.350E-04
1.400000E-02  1.724E-01 5.971E-05  3.745E-01  1.400E-04
1.450000E-02  1.724E-01 6.184E-05  3.746E-01  1.450E-04
1.500000E-02  1.724E-01 6.397E-05  3.745E-01  1.500E-04
1.550000E-02  1.724E-01 6.610E-05  3.746E-01  1.550E-04
1.600000E-02  1.724E-01 6.824E-05  3.745E-01  1.600E-04
1.631000E-02  1.724E-01 6.956E-05  3.746E-01  1.631E-04
1.650000E-02  1.724E-01 7.037E-05  3.745E-01  1.650E-04
1.674000E-02  1.724E-01 7.139E-05  3.745E-01  1.674E-04
1.700000E-02  1.724E-01 7.250E-05  3.745E-01  1.700E-04
1.750000E-02  1.724E-01 7.463E-05  3.745E-01  1.750E-04
1.771000E-02  1.724E-01 7.553E-05  3.746E-01  1.771E-04
1.798000E-02  1.724E-01 7.668E-05  3.745E-01  1.798E-04
1.800000E-02  1.724E-01 7.677E-05  3.745E-01  1.800E-04
1.850000E-02  1.724E-01 7.890E-05  3.746E-01  1.850E-04
1.900000E-02  1.724E-01 8.103E-05  3.745E-01  1.900E-04
1.950000E-02  1.724E-01 8.316E-05  3.745E-01  1.950E-04
2.000000E-02  1.724E-01 8.529E-05  3.746E-01  2.000E-04
2.100000E-02  1.724E-01 8.956E-05  3.745E-01  2.100E-04
2.200000E-02  1.724E-01 9.383E-05  3.745E-01  2.200E-04
2.300000E-02  1.724E-01 9.809E-05  3.746E-01  2.300E-04
2.400000E-02  1.724E-01 1.024E-04  3.745E-01  2.400E-04
2.410000E-02  1.724E-01 1.028E-04  3.745E-01  2.410E-04
2.480000E-02  1.724E-01 1.058E-04  3.745E-01  2.480E-04
2.750000E-02  1.724E-01 1.173E-04  3.746E-01  2.750E-04
2.929000E-02  1.724E-01 1.249E-04  3.746E-01  2.929E-04
3.000000E-02  1.724E-01 1.279E-04  3.745E-01  3.000E-04
3.229000E-02  1.724E-01 1.377E-04  3.745E-01  3.229E-04
3.300000E-02  1.724E-01 1.407E-04  3.745E-01  3.300E-04
3.323000E-02  1.724E-01 1.417E-04  3.745E-01  3.323E-04
3.560000E-02  1.724E-01 1.518E-04  3.745E-01  3.560E-04
3.633000E-02  1.724E-01 1.549E-04  3.745E-01  3.633E-04
3.700000E-02  1.724E-01 1.578E-04  3.745E-01  3.700E-04
3.738000E-02  1.724E-01 1.594E-04  3.745E-01  3.738E-04
4.133000E-02  1.724E-01 1.763E-04  3.745E-01  4.133E-04
4.166000E-02  1.724E-01 1.777E-04  3.745E-01  4.166E-04
4.265000E-02  1.724E-01 1.819E-04  3.745E-01  4.265E-04
4.327000E-02  1.724E-01 1.845E-04  3.745E-01  4.327E-04
4.500000E-02  1.724E-01 1.919E-04  3.745E-01  4.500E-04
4.960000E-02  1.724E-01 2.115E-04  3.745E-01  4.960E-04
5.000000E-02  1.724E-01 2.132E-04  3.745E-01  5.000E-04
5.100000E-02  1.724E-01 2.175E-04  3.745E-01  5.100E-04
5.200000E-02  1.724E-01 2.218E-04  3.746E-01  5.200E-04
5.300000E-02  1.724E-01 2.260E-04  3.745E-01  5.300E-04
5.344000E-02  1.724E-01 2.279E-04  3.745E-01  5.344E-04
5.400000E-02  1.724E-01 2.303E-04  3.745E-01  5.400E-04
5.500000E-02  1.724E-01 2.346E-04  3.745E-01  5.500E-04
5.600000E-02  1.724E-01 2.388E-04  3.745E-01  5.600E-04
5.700000E-02  1.724E-01 2.431E-04  3.745E-01  5.700E-04
5.728000E-02  1.724E-01 2.443E-04  3.745E-01  5.728E-04
5.799000E-02  1.724E-01 2.473E-04  3.745E-01  5.799E-04
5.800000E-02  1.724E-01 2.473E-04  3.746E-01  5.800E-04
5.900000E-02  1.724E-01 2.516E-04  3.745E-01  5.900E-04
6.000000E-02  1.724E-01 2.559E-04  3.745E-01  6.000E-04
6.100000E-02  1.724E-01 2.602E-04  3.745E-01  6.100E-04
6.199000E-02  1.724E-01 2.644E-04  3.745E-01  6.199E-04
6.400000E-02  1.724E-01 2.729E-04  3.745E-01  6.400E-04
6.596000E-02  1.724E-01 2.813E-04  3.745E-01  6.596E-04
6.700000E-02  1.724E-01 2.857E-04  3.745E-01  6.700E-04
6.800000E-02  1.724E-01 2.900E-04  3.745E-01  6.800E-04
6.931000E-02  1.724E-01 2.956E-04  3.745E-01  6.931E-04
7.000000E-02  1.724E-01 2.985E-04  3.745E-01  7.000E-04
7.049000E-02  1.724E-01 3.006E-04  3.745E-01  7.049E-04
7.200000E-02  1.724E-01 3.071E-04  3.745E-01  7.200E-04
7.400000E-02  1.724E-01 3.156E-04  3.745E-01  7.400E-04
7.588000E-02  1.724E-01 3.236E-04  3.745E-01  7.588E-04
7.600000E-02  1.724E-01 3.241E-04  3.745E-01  7.600E-04
7.800000E-02  1.724E-01 3.327E-04  3.745E-01  7.800E-04
7.873000E-02  1.724E-01 3.358E-04  3.745E-01  7.873E-04
8.000000E-02  1.724E-01 3.412E-04  3.745E-01  8.000E-04
8.200000E-02  1.724E-01 3.497E-04  3.745E-01  8.200E-04
8.266000E-02  1.724E-01 3.525E-04  3.745E-01  8.266E-04
8.400000E-02  1.724E-01 3.582E-04  3.746E-01  8.400E-04
8.580000E-02  1.724E-01 3.659E-04  3.745E-01  8.580E-04
8.600000E-02  1.724E-01 3.668E-04  3.745E-01  8.600E-04
8.800000E-02  1.724E-01 3.753E-04  3.745E-01  8.800E-04
8.996000E-02  1.724E-01 3.837E-04  3.745E-01  8.996E-04
9.000000E-02  1.724E-01 3.838E-04  3.745E-01  9.000E-04
9.200000E-02  1.724E-01 3.924E-04  3.745E-01  9.200E-04
9.400000E-02  1.724E-01 4.009E-04  3.745E-01  9.400E-04
9.547000E-02  1.724E-01 4.072E-04  3.745E-01  9.547E-04
9.600000E-02  1.724E-01 4.094E-04  3.745E-01  9.600E-04
9.800000E-02  1.724E-01 4.179E-04  3.745E-01  9.800E-04
1.000000E-01  1.724E-01 4.265E-04  3.745E-01  1.000E-03
1.010000E-01  1.724E-01 4.307E-04  3.745E-01  1.010E-03
1.020000E-01  1.724E-01 4.350E-04  3.745E-01  1.020E-03
1.040000E-01  1.724E-01 4.435E-04  3.745E-01  1.040E-03
1.060000E-01  1.724E-01 4.521E-04  3.745E-01  1.060E-03
1.080000E-01  1.724E-01 4.606E-04  3.745E-01  1.080E-03
1.100000E-01  1.724E-01 4.691E-04  3.745E-01  1.100E-03
1.120000E-01  1.724E-01 4.777E-04  3.745E-01  1.120E-03
1.140000E-01  1.724E-01 4.862E-04  3.745E-01  1.140E-03
1.160000E-01  1.724E-01 4.947E-04  3.745E-01  1.160E-03
1.180000E-01  1.724E-01 5.032E-04  3.745E-01  1.180E-03
1.200000E-01  1.724E-01 5.118E-04  3.745E-01  1.200E-03
1.220000E-01  1.724E-01 5.203E-04  3.745E-01  1.220E-03
1.240000E-01  1.724E-01 5.288E-04  3.745E-01  1.240E-03
1.260000E-01  1.724E-01 5.374E-04  3.745E-01  1.260E-03
1.280000E-01  1.724E-01 5.459E-04  3.746E-01  1.280E-03
1.283000E-01  1.724E-01 5.472E-04  3.745E-01  1.283E-03
1.301000E-01  1.724E-01 5.548E-04  3.745E-01  1.301E-03
1.320000E-01  1.724E-01 5.630E-04  3.745E-01  1.320E-03
1.340000E-01  1.724E-01 5.715E-04  3.745E-01  1.340E-03
1.360000E-01  1.724E-01 5.800E-04  3.745E-01  1.360E-03
1.380000E-01  1.724E-01 5.885E-04  3.745E-01  1.380E-03
1.400000E-01  1.724E-01 5.971E-04  3.745E-01  1.400E-03
1.420000E-01  1.724E-01 6.056E-04  3.745E-01  1.420E-03
1.440000E-01  1.724E-01 6.141E-04  3.745E-01  1.440E-03
1.460000E-01  1.724E-01 6.227E-04  3.745E-01  1.460E-03
1.480000E-01  1.724E-01 6.312E-04  3.745E-01  1.480E-03
1.500000E-01  1.724E-01 6.397E-04  3.745E-01  1.500E-03
1.550000E-01  1.724E-01 6.610E-04  3.745E-01  1.550E-03
1.600000E-01  1.724E-01 6.824E-04  3.745E-01  1.600E-03
1.650000E-01  1.724E-01 7.037E-04  3.745E-01  1.650E-03
1.700000E-01  1.724E-01 7.250E-04  3.745E-01  1.700E-03
1.750000E-01  1.724E-01 7.463E-04  3.745E-01  1.750E-03
1.794000E-01  1.724E-01 7.651E-04  3.745E-01  1.794E-03
1.850000E-01  1.724E-01 7.890E-04  3.745E-01  1.850E-03
1.900000E-01  1.724E-01 8.103E-04  3.745E-01  1.900E-03
1.950000E-01  1.724E-01 8.316E-04  3.745E-01  1.950E-03
2.000000E-01  1.724E-01 8.530E-04  3.745E-01  2.000E-03
2.100000E-01  1.724E-01 8.956E-04  3.745E-01  2.100E-03
2.166000E-01  1.724E-01 9.238E-04  3.745E-01  2.166E-03
2.200000E-01  1.724E-01 9.383E-04  3.745E-01  2.200E-03
2.250000E-01  1.724E-01 9.596E-04  3.745E-01  2.250E-03
2.400000E-01  1.724E-01 1.024E-03  3.745E-01  2.400E-03
2.480000E-01  1.724E-01 1.058E-03  3.745E-01  2.480E-03
2.600000E-01  1.724E-01 1.109E-03  3.745E-01  2.600E-03
2.800000E-01  1.724E-01 1.194E-03  3.745E-01  2.800E-03
3.000000E-01  1.724E-01 1.279E-03  3.745E-01  3.000E-03
3.200000E-01  1.724E-01 1.365E-03  3.745E-01  3.200E-03
3.400000E-01  1.724E-01 1.450E-03  3.745E-01  3.400E-03
3.645000E-01  1.724E-01 1.555E-03  3.745E-01  3.645E-03
3.800000E-01  1.724E-01 1.621E-03  3.745E-01  3.800E-03
4.000000E-01  1.724E-01 1.706E-03  3.745E-01  4.000E-03
4.500000E-01  1.724E-01 1.919E-03  3.745E-01  4.500E-03
5.000000E-01  1.724E-01 2.132E-03  3.745E-01  5.000E-03
5.115000E-01  1.724E-01 2.181E-03  3.745E-01  5.115E-03
5.500000E-01  1.724E-01 2.346E-03  3.745E-01  5.500E-03
5.636000E-01  1.724E-01 2.404E-03  3.745E-01  5.636E-03
5.843000E-01  1.724E-01 2.492E-03  3.745E-01  5.843E-03
6.000000E-01  1.724E-01 2.559E-03  3.745E-01  6.000E-03
6.500000E-01  1.724E-01 2.772E-03  3.745E-01  6.500E-03
7.000000E-01  1.724E-01 2.985E-03  3.745E-01  7.000E-03
7.514000E-01  1.724E-01 3.205E-03  3.745E-01  7.514E-03
8.000000E-01  1.724E-01 3.412E-03  3.745E-01  8.000E-03
8.500000E-01  1.724E-01 3.625E-03  3.745E-01  8.500E-03
9.000000E-01  1.724E-01 3.838E-03  3.745E-01  9.000E-03
9.500000E-01  1.724E-01 4.052E-03  3.744E-01  9.500E-03
9.919000E-01  1.724E-01 4.230E-03  3.744E-01  9.919E-03
1.000000E+00  1.724E-01 4.265E-03  3.744E-01  1.000E-02
1.100000E+00  1.724E-01 4.691E-03  3.744E-01  1.100E-02
1.240000E+00  1.724E-01 5.288E-03  3.744E-01  1.240E-02
1.378000E+00  1.723E-01 5.877E-03  3.743E-01  1.378E-02
1.550000E+00  1.723E-01 6.611E-03  3.743E-01  1.550E-02
1.771000E+00  1.723E-01 7.554E-03  3.742E-01  1.771E-02
1.889000E+00  1.722E-01 8.057E-03  3.741E-01  1.889E-02
2.254000E+00  1.722E-01 9.615E-03  3.739E-01  2.254E-02
2.551000E+00  1.721E-01 1.088E-02  3.738E-01  2.551E-02
2.818000E+00  1.721E-01 1.202E-02  3.736E-01  2.818E-02
2.857000E+00  1.721E-01 1.219E-02  3.736E-01  2.857E-02
3.100000E+00  1.720E-01 1.323E-02  3.734E-01  3.100E-02
3.250000E+00  1.720E-01 1.387E-02  3.733E-01  3.250E-02
3.397000E+00  1.719E-01 1.449E-02  3.732E-01  3.397E-02
3.604000E+00  1.719E-01 1.538E-02  3.730E-01  3.604E-02
3.800000E+00  1.718E-01 1.621E-02  3.728E-01  3.800E-02
4.000000E+00  1.717E-01 1.707E-02  3.726E-01  4.000E-02
4.250000E+00  1.716E-01 1.814E-02  3.724E-01  4.250E-02
4.350000E+00  1.716E-01 1.856E-02  3.723E-01  4.350E-02
4.525000E+00  1.715E-01 1.931E-02  3.721E-01  4.525E-02
4.800000E+00  1.714E-01 2.049E-02  3.718E-01  4.800E-02
4.959000E+00  1.713E-01 2.117E-02  3.716E-01  4.959E-02
5.166000E+00  1.712E-01 2.205E-02  3.713E-01  5.166E-02
5.200000E+00  1.712E-01 2.220E-02  3.713E-01  5.200E-02
5.300000E+00  1.712E-01 2.263E-02  3.712E-01  5.300E-02
5.391000E+00  1.712E-01 2.302E-02  3.711E-01  5.391E-02
5.500000E+00  1.711E-01 2.348E-02  3.709E-01  5.500E-02
5.600000E+00  1.711E-01 2.391E-02  3.708E-01  5.600E-02
5.661000E+00  1.710E-01 2.417E-02  3.707E-01  5.661E-02
5.700000E+00  1.710E-01 2.434E-02  3.706E-01  5.700E-02
5.800000E+00  1.709E-01 2.477E-02  3.705E-01  5.800E-02
5.904000E+00  1.709E-01 2.521E-02  3.704E-01  5.904E-02
6.199000E+00  1.707E-01 2.648E-02  3.699E-01  6.199E-02
6.526000E+00  1.705E-01 2.788E-02  3.694E-01  6.526E-02
6.888000E+00  1.703E-01 2.943E-02  3.688E-01  6.888E-02
7.293000E+00  1.701E-01 3.116E-02  3.681E-01  7.293E-02
7.500000E+00  1.700E-01 3.205E-02  3.678E-01  7.500E-02
7.749000E+00  1.698E-01 3.312E-02  3.673E-01  7.749E-02
8.000000E+00  1.696E-01 3.420E-02  3.668E-01  8.000E-02
8.321000E+00  1.694E-01 3.558E-02  3.662E-01  8.321E-02
8.500000E+00  1.692E-01 3.635E-02  3.658E-01  8.500E-02
8.600000E+00  1.692E-01 3.678E-02  3.656E-01  8.600E-02
8.700000E+00  1.691E-01 3.721E-02  3.654E-01  8.700E-02
8.800000E+00  1.690E-01 3.764E-02  3.652E-01  8.800E-02
8.920000E+00  1.689E-01 3.816E-02  3.649E-01  8.920E-02
9.100000E+00  1.688E-01 3.893E-02  3.645E-01  9.100E-02
9.300000E+00  1.686E-01 3.979E-02  3.641E-01  9.300E-02
9.500000E+00  1.684E-01 4.065E-02  3.636E-01  9.500E-02
9.700000E+00  1.683E-01 4.151E-02  3.631E-01  9.700E-02
9.919000E+00  1.681E-01 4.246E-02  3.626E-01  9.919E-02
1.020000E+01  1.678E-01 4.367E-02  3.619E-01  1.020E-01
1.050700E+01  1.675E-01 4.501E-02  3.611E-01  1.051E-01
1.080000E+01  1.673E-01 4.626E-02  3.604E-01  1.080E-01
1.117000E+01  1.669E-01 4.786E-02  3.594E-01  1.117E-01
1.150000E+01  1.665E-01 4.929E-02  3.584E-01  1.150E-01
1.180800E+01  1.662E-01 5.063E-02  3.575E-01  1.181E-01
1.210000E+01  1.659E-01 5.189E-02  3.567E-01  1.210E-01
1.239900E+01  1.656E-01 5.319E-02  3.558E-01  1.240E-01
1.270000E+01  1.652E-01 5.450E-02  3.548E-01  1.270E-01
1.300000E+01  1.649E-01 5.580E-02  3.538E-01  1.300E-01
1.330000E+01  1.645E-01 5.710E-02  3.529E-01  1.330E-01
1.360000E+01  1.641E-01 5.841E-02  3.518E-01  1.360E-01
1.400000E+01  1.637E-01 6.015E-02  3.505E-01  1.400E-01
1.500000E+01  1.623E-01 6.453E-02  3.468E-01  1.500E-01
1.600000E+01  1.608E-01 6.892E-02  3.428E-01  1.600E-01
1.700000E+01  1.593E-01 7.332E-02  3.386E-01  1.700E-01
1.800000E+01  1.576E-01 7.774E-02  3.341E-01  1.800E-01
1.900000E+01  1.558E-01 8.219E-02  3.292E-01  1.900E-01
2.000000E+01  1.540E-01 8.666E-02  3.241E-01  2.000E-01
2.100000E+01  1.519E-01 9.115E-02  3.186E-01  2.100E-01
2.200000E+01  1.498E-01 9.567E-02  3.129E-01  2.200E-01
2.300000E+01  1.475E-01 1.002E-01  3.068E-01  2.300E-01
2.400000E+01  1.452E-01 1.048E-01  3.005E-01  2.400E-01
2.500000E+01  1.427E-01 1.094E-01  2.939E-01  2.500E-01
2.600000E+01  1.403E-01 1.140E-01  2.872E-01  2.599E-01
2.700000E+01  1.379E-01 1.186E-01  2.807E-01  2.699E-01
2.800000E+01  1.358E-01 1.232E-01  2.749E-01  2.799E-01
2.900000E+01  1.355E-01 1.277E-01  2.731E-01  2.900E-01
3.000000E+01  1.354E-01 1.387E-01  2.699E-01  3.150E-01
3.200000E+01  1.207E-01 1.606E-01  2.302E-01  3.600E-01
3.400000E+01  9.730E-02 1.754E-01  1.733E-01  3.850E-01
3.600000E+01  6.796E-02 1.826E-01  1.072E-01  3.900E-01
3.800000E+01  4.162E-02 1.725E-01  5.523E-02  3.593E-01
4.000000E+01  2.551E-02 1.613E-01  2.566E-02  3.308E-01
4.200000E+01  1.397E-02 1.507E-01  5.416E-03  3.056E-01
4.400000E+01  5.306E-03 1.409E-01 -9.200E-03  2.832E-01
4.470000E+01  2.790E-03 1.376E-01 -1.335E-02  2.760E-01
4.500000E+01  1.781E-03 1.363E-01 -1.500E-02  2.730E-01
4.600000E+01 -1.286E-03 1.319E-01 -1.996E-02  2.634E-01
4.700000E+01 -3.994E-03 1.277E-01 -2.427E-02  2.543E-01
4.800000E+01 -6.371E-03 1.237E-01 -2.800E-02  2.458E-01
4.900000E+01 -8.527E-03 1.199E-01 -3.135E-02  2.377E-01
5.000000E+01 -1.034E-02 1.163E-01 -3.409E-02  2.301E-01
5.100000E+01 -1.198E-02 1.128E-01 -3.654E-02  2.229E-01
5.200000E+01 -1.344E-02 1.095E-01 -3.870E-02  2.161E-01
5.250000E+01 -1.411E-02 1.079E-01 -3.966E-02  2.128E-01
5.290000E+01 -1.462E-02 1.067E-01 -4.040E-02  2.102E-01
5.330000E+01 -1.510E-02 1.054E-01 -4.109E-02  2.077E-01
5.370000E+01 -1.556E-02 1.043E-01 -4.175E-02  2.053E-01
5.410000E+01 -1.600E-02 1.031E-01 -4.237E-02  2.029E-01
5.450000E+01 -1.642E-02 1.020E-01 -4.296E-02  2.006E-01
5.490000E+01 -1.682E-02 1.008E-01 -4.352E-02  1.983E-01
5.530000E+01 -1.720E-02 9.972E-02 -4.405E-02  1.960E-01
5.570000E+01 -1.757E-02 9.863E-02 -4.455E-02  1.938E-01
5.610000E+01 -1.791E-02 9.760E-02 -4.502E-02  1.917E-01
5.650000E+01 -1.823E-02 9.656E-02 -4.546E-02  1.896E-01
5.690000E+01 -1.854E-02 9.552E-02 -4.587E-02  1.875E-01
5.730000E+01 -1.884E-02 9.453E-02 -4.627E-02  1.855E-01
5.770000E+01 -1.913E-02 9.354E-02 -4.664E-02  1.835E-01
5.810000E+01 -1.939E-02 9.260E-02 -4.698E-02  1.816E-01
5.850000E+01 -1.964E-02 9.165E-02 -4.730E-02  1.797E-01
5.890000E+01 -1.989E-02 9.070E-02 -4.761E-02  1.778E-01
5.990000E+01 -2.045E-02 8.846E-02 -4.831E-02  1.733E-01
6.090000E+01 -2.088E-02 8.630E-02 -4.877E-02  1.690E-01
6.190000E+01 -2.121E-02 8.429E-02 -4.907E-02  1.650E-01
6.240000E+01 -2.133E-02 8.328E-02 -4.914E-02  1.630E-01
6.290000E+01 -2.142E-02 8.231E-02 -4.916E-02  1.611E-01
6.390000E+01 -2.152E-02 8.002E-02 -4.899E-02  1.566E-01
6.490000E+01 -1.976E-02 7.820E-02 -4.525E-02  1.533E-01
6.500000E+01 -1.948E-02 7.807E-02 -4.468E-02  1.531E-01
6.600000E+01 -1.795E-02 8.106E-02 -4.215E-02  1.592E-01
6.700000E+01 -2.238E-02 8.383E-02 -5.128E-02  1.639E-01
6.800000E+01 -2.703E-02 8.130E-02 -5.993E-02  1.582E-01
6.900000E+01 -2.907E-02 7.776E-02 -6.335E-02  1.510E-01
7.000000E+01 -3.036E-02 7.498E-02 -6.542E-02  1.454E-01
7.100000E+01 -3.132E-02 7.231E-02 -6.688E-02  1.401E-01
7.200000E+01 -3.200E-02 6.983E-02 -6.786E-02  1.352E-01
7.300000E+01 -3.250E-02 6.744E-02 -6.849E-02  1.305E-01
7.350000E+01 -3.268E-02 6.627E-02 -6.869E-02  1.282E-01
7.400000E+01 -3.284E-02 6.514E-02 -6.884E-02  1.260E-01
7.500000E+01 -3.305E-02 6.298E-02 -6.898E-02  1.218E-01
7.600000E+01 -3.317E-02 6.092E-02 -6.896E-02  1.178E-01
7.700000E+01 -3.322E-02 5.896E-02 -6.881E-02  1.140E-01
7.800000E+01 -3.320E-02 5.710E-02 -6.855E-02  1.104E-01
7.900000E+01 -3.312E-02 5.533E-02 -6.821E-02  1.070E-01
8.000000E+01 -3.300E-02 5.367E-02 -6.779E-02  1.038E-01
8.100000E+01 -3.284E-02 5.206E-02 -6.732E-02  1.007E-01
8.200000E+01 -3.266E-02 5.049E-02 -6.680E-02  9.769E-02
8.300000E+01 -3.246E-02 4.902E-02 -6.626E-02  9.486E-02
8.380000E+01 -3.227E-02 4.789E-02 -6.579E-02  9.268E-02
8.400000E+01 -3.222E-02 4.761E-02 -6.567E-02  9.215E-02
8.500000E+01 -3.197E-02 4.626E-02 -6.505E-02  8.956E-02
8.600000E+01 -3.170E-02 4.497E-02 -6.442E-02  8.708E-02
8.700000E+01 -3.143E-02 4.372E-02 -6.378E-02  8.470E-02
8.800000E+01 -3.114E-02 4.253E-02 -6.312E-02  8.241E-02
8.900000E+01 -3.084E-02 4.138E-02 -6.244E-02  8.021E-02
9.000000E+01 -3.053E-02 4.028E-02 -6.175E-02  7.810E-02
9.100000E+01 -3.022E-02 3.922E-02 -6.106E-02  7.607E-02
9.200000E+01 -2.990E-02 3.820E-02 -6.036E-02  7.412E-02
9.300000E+01 -2.957E-02 3.722E-02 -5.966E-02  7.224E-02
9.360000E+01 -2.938E-02 3.665E-02 -5.924E-02  7.114E-02
9.400000E+01 -2.925E-02 3.627E-02 -5.896E-02  7.042E-02
9.500000E+01 -2.891E-02 3.536E-02 -5.824E-02  6.867E-02
9.580000E+01 -2.864E-02 3.465E-02 -5.766E-02  6.731E-02
9.600000E+01 -2.857E-02 3.448E-02 -5.752E-02  6.698E-02
9.700000E+01 -2.822E-02 3.362E-02 -5.678E-02  6.535E-02
9.800000E+01 -2.787E-02 3.280E-02 -5.604E-02  6.378E-02
9.900000E+01 -2.751E-02 3.201E-02 -5.528E-02  6.226E-02
1.000000E+02 -2.712E-02 3.124E-02 -5.449E-02  6.079E-02
1.010000E+02 -2.672E-02 3.050E-02 -5.365E-02  5.937E-02
1.020000E+02 -2.626E-02 2.978E-02 -5.272E-02  5.799E-02
1.030000E+02 -2.569E-02 2.908E-02 -5.156E-02  5.667E-02
1.040000E+02 -2.404E-02 2.967E-02 -4.839E-02  5.791E-02
1.050000E+02 -2.515E-02 2.905E-02 -5.052E-02  5.664E-02
1.056000E+02 -2.518E-02 2.867E-02 -5.055E-02  5.589E-02
1.060000E+02 -2.516E-02 2.842E-02 -5.050E-02  5.541E-02
1.070000E+02 -2.506E-02 2.780E-02 -5.026E-02  5.421E-02
1.080000E+02 -2.491E-02 2.720E-02 -4.993E-02  5.305E-02
1.090000E+02 -2.473E-02 2.662E-02 -4.956E-02  5.192E-02
1.100000E+02 -2.454E-02 2.605E-02 -4.916E-02  5.082E-02
1.110000E+02 -2.434E-02 2.550E-02 -4.874E-02  4.976E-02
1.120000E+02 -2.413E-02 2.496E-02 -4.831E-02  4.872E-02
1.126000E+02 -2.401E-02 2.465E-02 -4.805E-02  4.811E-02
1.130000E+02 -2.393E-02 2.444E-02 -4.788E-02  4.771E-02
1.140000E+02 -2.371E-02 2.393E-02 -4.744E-02  4.673E-02
1.150000E+02 -2.350E-02 2.344E-02 -4.699E-02  4.578E-02
1.160000E+02 -2.328E-02 2.296E-02 -4.654E-02  4.486E-02
1.170000E+02 -2.307E-02 2.250E-02 -4.611E-02  4.396E-02
1.180000E+02 -2.285E-02 2.204E-02 -4.566E-02  4.308E-02
1.190000E+02 -2.263E-02 2.160E-02 -4.522E-02  4.223E-02
1.200000E+02 -2.242E-02 2.117E-02 -4.478E-02  4.140E-02
1.220000E+02 -2.199E-02 2.035E-02 -4.392E-02  3.981E-02
1.240000E+02 -2.158E-02 1.957E-02 -4.307E-02  3.829E-02
1.246000E+02 -2.145E-02 1.934E-02 -4.281E-02  3.785E-02
1.250000E+02 -2.137E-02 1.919E-02 -4.265E-02  3.756E-02
1.260000E+02 -2.116E-02 1.882E-02 -4.223E-02  3.685E-02
1.270000E+02 -2.096E-02 1.846E-02 -4.182E-02  3.615E-02
1.280000E+02 -2.076E-02 1.812E-02 -4.141E-02  3.548E-02
1.290000E+02 -2.055E-02 1.778E-02 -4.100E-02  3.482E-02
1.300000E+02 -2.036E-02 1.744E-02 -4.060E-02  3.417E-02
1.350000E+02 -1.939E-02 1.590E-02 -3.866E-02  3.118E-02
1.400000E+02 -1.848E-02 1.453E-02 -3.682E-02  2.852E-02
1.450000E+02 -1.761E-02 1.330E-02 -3.508E-02  2.614E-02
1.458000E+02 -1.747E-02 1.312E-02 -3.481E-02  2.579E-02
1.460000E+02 -1.744E-02 1.308E-02 -3.475E-02  2.570E-02
1.470000E+02 -1.727E-02 1.285E-02 -3.441E-02  2.526E-02
1.480000E+02 -1.711E-02 1.264E-02 -3.408E-02  2.484E-02
1.490000E+02 -1.695E-02 1.242E-02 -3.376E-02  2.442E-02
1.500000E+02 -1.679E-02 1.222E-02 -3.345E-02  2.402E-02
1.510000E+02 -1.664E-02 1.201E-02 -3.314E-02  2.362E-02
1.520000E+02 -1.647E-02 1.181E-02 -3.281E-02  2.323E-02
1.530000E+02 -1.632E-02 1.161E-02 -3.251E-02  2.285E-02
1.540000E+02 -1.617E-02 1.142E-02 -3.220E-02  2.247E-02
1.544000E+02 -1.611E-02 1.135E-02 -3.208E-02  2.233E-02
1.548000E+02 -1.605E-02 1.127E-02 -3.196E-02  2.218E-02
1.552000E+02 -1.599E-02 1.120E-02 -3.184E-02  2.204E-02
1.556000E+02 -1.592E-02 1.112E-02 -3.172E-02  2.189E-02
1.560000E+02 -1.586E-02 1.105E-02 -3.160E-02  2.175E-02
1.564000E+02 -1.580E-02 1.098E-02 -3.148E-02  2.161E-02
1.568000E+02 -1.574E-02 1.091E-02 -3.136E-02  2.147E-02
1.572000E+02 -1.569E-02 1.083E-02 -3.125E-02  2.133E-02
1.576000E+02 -1.563E-02 1.077E-02 -3.113E-02  2.120E-02
1.580000E+02 -1.557E-02 1.070E-02 -3.101E-02  2.106E-02
1.590000E+02 -1.543E-02 1.053E-02 -3.073E-02  2.073E-02
1.600000E+02 -1.528E-02 1.036E-02 -3.044E-02  2.040E-02
1.610000E+02 -1.514E-02 1.019E-02 -3.016E-02  2.008E-02
1.620000E+02 -1.501E-02 1.003E-02 -2.989E-02  1.976E-02
1.630000E+02 -1.487E-02 9.872E-03 -2.961E-02  1.945E-02
1.635000E+02 -1.480E-02 9.795E-03 -2.948E-02  1.930E-02
1.640000E+02 -1.474E-02 9.718E-03 -2.935E-02  1.915E-02
1.650000E+02 -1.460E-02 9.565E-03 -2.908E-02  1.885E-02
1.660000E+02 -1.447E-02 9.416E-03 -2.881E-02  1.856E-02
1.670000E+02 -1.433E-02 9.273E-03 -2.855E-02  1.828E-02
1.680000E+02 -1.420E-02 9.130E-03 -2.829E-02  1.800E-02
1.690000E+02 -1.408E-02 8.987E-03 -2.804E-02  1.772E-02
1.700000E+02 -1.395E-02 8.848E-03 -2.779E-02  1.745E-02
1.710000E+02 -1.383E-02 8.716E-03 -2.754E-02  1.719E-02
1.720000E+02 -1.370E-02 8.583E-03 -2.729E-02  1.693E-02
1.730000E+02 -1.358E-02 8.450E-03 -2.704E-02  1.667E-02
1.740000E+02 -1.346E-02 8.327E-03 -2.681E-02  1.643E-02
1.746000E+02 -1.339E-02 8.250E-03 -2.667E-02  1.628E-02
1.750000E+02 -1.334E-02 8.199E-03 -2.657E-02  1.618E-02
1.760000E+02 -1.322E-02 8.077E-03 -2.633E-02  1.594E-02
1.780000E+02 -1.299E-02 7.842E-03 -2.587E-02  1.548E-02
1.800000E+02 -1.276E-02 7.612E-03 -2.542E-02  1.503E-02
1.850000E+02 -1.221E-02 7.076E-03 -2.433E-02  1.398E-02
1.900000E+02 -1.170E-02 6.587E-03 -2.331E-02  1.302E-02
1.950000E+02 -1.122E-02 6.144E-03 -2.235E-02  1.215E-02
2.000000E+02 -1.076E-02 5.737E-03 -2.143E-02  1.135E-02
2.100000E+02 -9.912E-03 5.018E-03 -1.975E-02  9.936E-03
2.200000E+02 -9.147E-03 4.413E-03 -1.823E-02  8.745E-03
2.300000E+02 -8.468E-03 3.899E-03 -1.688E-02  7.731E-03
2.400000E+02 -7.850E-03 3.458E-03 -1.565E-02  6.862E-03
2.500000E+02 -7.292E-03 3.079E-03 -1.454E-02  6.113E-03
2.600000E+02 -6.784E-03 2.752E-03 -1.353E-02  5.466E-03
2.700000E+02 -6.327E-03 2.469E-03 -1.262E-02  4.906E-03
2.800000E+02 -5.910E-03 2.220E-03 -1.179E-02  4.414E-03
2.900000E+02 -5.523E-03 2.004E-03 -1.102E-02  3.986E-03
3.000000E+02 -5.172E-03 1.814E-03 -1.032E-02  3.610E-03
3.200000E+02 -4.557E-03 1.499E-03 -9.096E-03  2.984E-03
3.400000E+02 -4.032E-03 1.250E-03 -8.049E-03  2.490E-03
3.600000E+02 -3.582E-03 1.052E-03 -7.152E-03  2.096E-03
3.800000E+02 -3.192E-03 8.918E-04 -6.374E-03  1.778E-03
4.000000E+02 -2.851E-03 7.622E-04 -5.694E-03  1.520E-03
4.200000E+02 -2.550E-03 6.557E-04 -5.093E-03  1.308E-03
4.400000E+02 -2.280E-03 5.673E-04 -4.556E-03  1.132E-03
4.600000E+02 -2.035E-03 4.939E-04 -4.067E-03  9.857E-04
4.800000E+02 -1.808E-03 4.320E-04 -3.612E-03  8.625E-04
5.000000E+02 -1.584E-03 3.799E-04 -3.165E-03  7.585E-04
5.200000E+02 -1.333E-03 3.353E-04 -2.665E-03  6.698E-04
5.250000E+02 -1.253E-03 3.253E-04 -2.504E-03  6.498E-04
5.278000E+02 -1.199E-03 3.198E-04 -2.397E-03  6.389E-04
5.280000E+02 -1.195E-03 3.195E-04 -2.389E-03  6.382E-04
5.285000E+02 -1.185E-03 3.185E-04 -2.368E-03  6.362E-04
5.290000E+02 -1.173E-03 3.175E-04 -2.345E-03  6.343E-04
5.300000E+02 -1.150E-03 3.156E-04 -2.298E-03  6.305E-04
5.310000E+02 -1.124E-03 3.138E-04 -2.246E-03  6.268E-04
5.320000E+02 -1.095E-03 3.118E-04 -2.188E-03  6.230E-04
5.330000E+02 -1.061E-03 3.100E-04 -2.121E-03  6.193E-04
5.340000E+02 -1.021E-03 3.081E-04 -2.041E-03  6.156E-04
5.344000E+02 -1.002E-03 3.074E-04 -2.004E-03  6.142E-04
5.348000E+02 -9.819E-04 3.067E-04 -1.963E-03  6.127E-04
5.352000E+02 -9.589E-04 3.059E-04 -1.917E-03  6.112E-04
5.356000E+02 -9.329E-04 3.052E-04 -1.865E-03  6.098E-04
5.360000E+02 -9.019E-04 3.045E-04 -1.803E-03  6.084E-04
5.364000E+02 -8.648E-04 3.037E-04 -1.729E-03  6.069E-04
5.368000E+02 -8.163E-04 3.030E-04 -1.632E-03  6.055E-04
5.372000E+02 -7.482E-04 3.022E-04 -1.496E-03  6.040E-04
5.376000E+02 -5.386E-04 3.014E-04 -1.077E-03  6.025E-04
5.380000E+02 -5.373E-04 7.934E-04 -1.075E-03  1.586E-03
5.390000E+02 -7.970E-04 7.891E-04 -1.594E-03  1.577E-03
5.400000E+02 -8.981E-04 7.847E-04 -1.796E-03  1.568E-03
5.410000E+02 -9.567E-04 7.802E-04 -1.913E-03  1.559E-03
5.420000E+02 -9.967E-04 7.758E-04 -1.993E-03  1.550E-03
5.430000E+02 -1.027E-03 7.713E-04 -2.054E-03  1.541E-03
5.440000E+02 -1.051E-03 7.668E-04 -2.101E-03  1.532E-03
5.450000E+02 -1.070E-03 7.628E-04 -2.140E-03  1.524E-03
5.455000E+02 -1.078E-03 7.603E-04 -2.156E-03  1.519E-03
5.460000E+02 -1.086E-03 7.583E-04 -2.172E-03  1.515E-03
5.470000E+02 -1.100E-03 7.538E-04 -2.199E-03  1.506E-03
5.480000E+02 -1.111E-03 7.498E-04 -2.221E-03  1.498E-03
5.490000E+02 -1.121E-03 7.458E-04 -2.241E-03  1.490E-03
5.500000E+02 -1.129E-03 7.413E-04 -2.258E-03  1.481E-03
5.510000E+02 -1.136E-03 7.373E-04 -2.272E-03  1.473E-03
5.520000E+02 -1.143E-03 7.333E-04 -2.285E-03  1.465E-03
5.530000E+02 -1.148E-03 7.288E-04 -2.296E-03  1.456E-03
5.540000E+02 -1.153E-03 7.248E-04 -2.306E-03  1.448E-03
5.550000E+02 -1.157E-03 7.208E-04 -2.314E-03  1.440E-03
5.560000E+02 -1.161E-03 7.168E-04 -2.321E-03  1.432E-03
5.566000E+02 -1.163E-03 7.143E-04 -2.325E-03  1.427E-03
5.570000E+02 -1.164E-03 7.128E-04 -2.327E-03  1.424E-03
5.580000E+02 -1.166E-03 7.088E-04 -2.332E-03  1.416E-03
5.590000E+02 -1.169E-03 7.048E-04 -2.337E-03  1.408E-03
5.600000E+02 -1.170E-03 7.008E-04 -2.340E-03  1.400E-03
5.620000E+02 -1.173E-03 6.933E-04 -2.345E-03  1.385E-03
5.650000E+02 -1.175E-03 6.818E-04 -2.349E-03  1.362E-03
5.700000E+02 -1.173E-03 6.633E-04 -2.346E-03  1.325E-03
5.750000E+02 -1.168E-03 6.453E-04 -2.335E-03  1.289E-03
5.800000E+02 -1.159E-03 6.277E-04 -2.317E-03  1.254E-03
5.900000E+02 -1.135E-03 5.947E-04 -2.270E-03  1.188E-03
6.000000E+02 -1.105E-03 5.641E-04 -2.210E-03  1.127E-03
6.200000E+02 -1.034E-03 5.075E-04 -2.067E-03  1.014E-03
6.400000E+02 -9.513E-04 4.583E-04 -1.902E-03  9.157E-04
6.600000E+02 -8.563E-04 4.147E-04 -1.712E-03  8.286E-04
6.800000E+02 -7.432E-04 3.759E-04 -1.486E-03  7.513E-04
6.850000E+02 -7.102E-04 3.670E-04 -1.420E-03  7.334E-04
6.900000E+02 -6.737E-04 3.583E-04 -1.347E-03  7.161E-04
6.950000E+02 -6.331E-04 3.499E-04 -1.266E-03  6.993E-04
6.960000E+02 -6.246E-04 3.482E-04 -1.249E-03  6.960E-04
6.970000E+02 -6.156E-04 3.466E-04 -1.231E-03  6.927E-04
6.980000E+02 -6.061E-04 3.449E-04 -1.212E-03  6.894E-04
6.990000E+02 -5.966E-04 3.433E-04 -1.193E-03  6.862E-04
7.000000E+02 -5.866E-04 3.417E-04 -1.173E-03  6.829E-04
7.010000E+02 -5.766E-04 3.400E-04 -1.153E-03  6.797E-04
7.020000E+02 -5.656E-04 3.384E-04 -1.131E-03  6.765E-04
7.030000E+02 -5.546E-04 3.368E-04 -1.109E-03  6.733E-04
7.040000E+02 -5.431E-04 3.353E-04 -1.086E-03  6.702E-04
7.045000E+02 -5.371E-04 3.345E-04 -1.074E-03  6.686E-04
7.050000E+02 -5.311E-04 3.337E-04 -1.062E-03  6.670E-04
7.055000E+02 -5.251E-04 3.329E-04 -1.050E-03  6.655E-04
7.060000E+02 -5.186E-04 3.321E-04 -1.037E-03  6.639E-04
7.065000E+02 -5.121E-04 3.313E-04 -1.024E-03  6.623E-04
7.070000E+02 -5.051E-04 3.306E-04 -1.010E-03  6.608E-04
7.074000E+02 -4.998E-04 3.300E-04 -9.995E-04  6.596E-04
7.076000E+02 -4.970E-04 3.296E-04 -9.939E-04  6.589E-04
7.078000E+02 -4.942E-04 3.293E-04 -9.883E-04  6.583E-04
7.080000E+02 -4.914E-04 3.290E-04 -9.826E-04  6.577E-04
7.082000E+02 -4.885E-04 3.287E-04 -9.768E-04  6.571E-04
7.084000E+02 -4.856E-04 3.284E-04 -9.710E-04  6.565E-04
7.086000E+02 -4.826E-04 3.281E-04 -9.651E-04  6.559E-04
7.088000E+02 -4.796E-04 3.278E-04 -9.591E-04  6.552E-04
7.090000E+02 -4.766E-04 3.275E-04 -9.530E-04  6.546E-04
7.095000E+02 -4.688E-04 3.267E-04 -9.375E-04  6.531E-04
7.100000E+02 -4.609E-04 3.260E-04 -9.216E-04  6.516E-04
7.105000E+02 -4.526E-04 3.252E-04 -9.051E-04  6.501E-04
7.110000E+02 -4.441E-04 3.244E-04 -8.882E-04  6.486E-04
7.115000E+02 -4.353E-04 3.236E-04 -8.706E-04  6.470E-04
7.120000E+02 -4.261E-04 3.229E-04 -8.522E-04  6.455E-04
7.125000E+02 -4.166E-04 3.221E-04 -8.331E-04  6.440E-04
7.130000E+02 -4.066E-04 3.214E-04 -8.132E-04  6.425E-04
7.140000E+02 -3.853E-04 3.199E-04 -7.706E-04  6.396E-04
7.150000E+02 -3.620E-04 3.184E-04 -7.239E-04  6.366E-04
7.160000E+02 -3.359E-04 3.170E-04 -6.717E-04  6.337E-04
7.170000E+02 -3.064E-04 3.154E-04 -6.128E-04  6.307E-04
7.180000E+02 -2.726E-04 3.140E-04 -5.452E-04  6.278E-04
7.190000E+02 -2.325E-04 3.125E-04 -4.650E-04  6.249E-04
7.200000E+02 -1.834E-04 3.111E-04 -3.669E-04  6.220E-04
7.202000E+02 -1.722E-04 3.108E-04 -3.444E-04  6.215E-04
7.204000E+02 -1.603E-04 3.105E-04 -3.206E-04  6.209E-04
7.206000E+02 -1.477E-04 3.102E-04 -2.954E-04  6.203E-04
7.208000E+02 -1.343E-04 3.099E-04 -2.687E-04  6.197E-04
7.210000E+02 -1.201E-04 3.096E-04 -2.403E-04  6.192E-04
7.212000E+02 -1.049E-04 3.093E-04 -2.098E-04  6.186E-04
7.215000E+02 -7.981E-05 3.089E-04 -1.597E-04  6.177E-04
7.220000E+02 -3.031E-05 3.082E-04 -6.071E-05  6.163E-04
7.225000E+02  3.403E-05 3.074E-04  6.797E-05  6.149E-04
7.230000E+02  1.259E-04 3.067E-04  2.517E-04  6.135E-04
7.235000E+02  4.033E-04 3.059E-04  8.066E-04  6.121E-04
7.240000E+02  4.027E-04 9.936E-04  8.045E-04  1.988E-03
7.245000E+02  4.010E-04 9.916E-04  8.012E-04  1.984E-03
7.250000E+02  9.934E-05 9.899E-04  1.977E-04  1.980E-03
7.260000E+02 -4.852E-05 9.855E-04 -9.800E-05  1.971E-03
7.270000E+02 -1.365E-04 9.816E-04 -2.739E-04  1.963E-03
7.280000E+02 -1.992E-04 9.777E-04 -3.994E-04  1.955E-03
7.290000E+02 -2.479E-04 9.737E-04 -4.967E-04  1.947E-03
7.300000E+02 -2.877E-04 9.698E-04 -5.762E-04  1.939E-03
7.350000E+02 -4.188E-04 9.504E-04 -8.383E-04  1.900E-03
7.400000E+02 -4.974E-04 9.310E-04 -9.955E-04  1.861E-03
7.450000E+02 -5.522E-04 9.125E-04 -1.105E-03  1.824E-03
7.500000E+02 -5.933E-04 8.940E-04 -1.187E-03  1.787E-03
7.550000E+02 -6.253E-04 8.760E-04 -1.251E-03  1.751E-03
7.600000E+02 -6.503E-04 8.586E-04 -1.301E-03  1.716E-03
7.650000E+02 -6.714E-04 8.416E-04 -1.343E-03  1.682E-03
7.700000E+02 -6.879E-04 8.251E-04 -1.376E-03  1.649E-03
7.750000E+02 -7.019E-04 8.086E-04 -1.404E-03  1.616E-03
7.800000E+02 -7.134E-04 7.926E-04 -1.427E-03  1.584E-03
7.850000E+02 -7.230E-04 7.771E-04 -1.446E-03  1.553E-03
7.900000E+02 -7.300E-04 7.621E-04 -1.460E-03  1.523E-03
7.950000E+02 -7.360E-04 7.470E-04 -1.472E-03  1.493E-03
8.000000E+02 -7.405E-04 7.325E-04 -1.481E-03  1.464E-03
8.050000E+02 -7.435E-04 7.180E-04 -1.487E-03  1.435E-03
8.100000E+02 -7.455E-04 7.040E-04 -1.491E-03  1.407E-03
8.150000E+02 -7.465E-04 6.905E-04 -1.493E-03  1.380E-03
8.200000E+02 -7.465E-04 6.775E-04 -1.493E-03  1.354E-03
8.250000E+02 -7.456E-04 6.645E-04 -1.491E-03  1.328E-03
8.300000E+02 -7.436E-04 6.515E-04 -1.487E-03  1.302E-03
8.350000E+02 -7.396E-04 6.390E-04 -1.479E-03  1.277E-03
8.380000E+02 -7.371E-04 6.320E-04 -1.474E-03  1.263E-03
8.390000E+02 -7.361E-04 6.295E-04 -1.472E-03  1.258E-03
8.400000E+02 -7.346E-04 6.270E-04 -1.469E-03  1.253E-03
8.410000E+02 -7.336E-04 6.245E-04 -1.467E-03  1.248E-03
8.420000E+02 -7.321E-04 6.225E-04 -1.464E-03  1.244E-03
8.430000E+02 -7.306E-04 6.200E-04 -1.461E-03  1.239E-03
8.440000E+02 -7.291E-04 6.175E-04 -1.458E-03  1.234E-03
8.450000E+02 -7.271E-04 6.149E-04 -1.454E-03  1.229E-03
8.460000E+02 -7.251E-04 6.129E-04 -1.450E-03  1.225E-03
8.470000E+02 -7.231E-04 6.104E-04 -1.446E-03  1.220E-03
8.480000E+02 -7.211E-04 6.079E-04 -1.442E-03  1.215E-03
8.490000E+02 -7.181E-04 6.059E-04 -1.436E-03  1.211E-03
8.500000E+02 -7.151E-04 6.034E-04 -1.430E-03  1.206E-03
8.510000E+02 -7.116E-04 6.014E-04 -1.423E-03  1.202E-03
8.520000E+02 -7.076E-04 5.989E-04 -1.415E-03  1.197E-03
8.530000E+02 -7.026E-04 5.969E-04 -1.405E-03  1.193E-03
8.540000E+02 -6.961E-04 5.944E-04 -1.392E-03  1.188E-03
8.550000E+02 -6.871E-04 5.924E-04 -1.374E-03  1.184E-03
8.560000E+02 -6.721E-04 5.899E-04 -1.344E-03  1.179E-03
8.570000E+02 -6.465E-04 6.569E-04 -1.293E-03  1.313E-03
8.580000E+02 -6.735E-04 6.549E-04 -1.347E-03  1.309E-03
8.590000E+02 -6.880E-04 6.524E-04 -1.376E-03  1.304E-03
8.600000E+02 -6.970E-04 6.500E-04 -1.394E-03  1.299E-03
8.610000E+02 -7.030E-04 6.475E-04 -1.406E-03  1.294E-03
8.620000E+02 -7.075E-04 6.450E-04 -1.415E-03  1.289E-03
8.630000E+02 -7.115E-04 6.430E-04 -1.423E-03  1.285E-03
8.640000E+02 -7.146E-04 6.405E-04 -1.429E-03  1.280E-03
8.650000E+02 -7.176E-04 6.380E-04 -1.435E-03  1.275E-03
8.660000E+02 -7.196E-04 6.360E-04 -1.439E-03  1.271E-03
8.670000E+02 -7.216E-04 6.335E-04 -1.443E-03  1.266E-03
8.680000E+02 -7.236E-04 6.310E-04 -1.447E-03  1.261E-03
8.690000E+02 -7.251E-04 6.290E-04 -1.450E-03  1.257E-03
8.700000E+02 -7.266E-04 6.265E-04 -1.453E-03  1.252E-03
8.720000E+02 -7.291E-04 6.220E-04 -1.458E-03  1.243E-03
8.740000E+02 -7.311E-04 6.175E-04 -1.462E-03  1.234E-03
8.760000E+02 -7.326E-04 6.129E-04 -1.465E-03  1.225E-03
8.780000E+02 -7.341E-04 6.084E-04 -1.468E-03  1.216E-03
8.800000E+02 -7.351E-04 6.039E-04 -1.470E-03  1.207E-03
8.820000E+02 -7.361E-04 5.999E-04 -1.472E-03  1.199E-03
8.840000E+02 -7.366E-04 5.954E-04 -1.473E-03  1.190E-03
8.860000E+02 -7.376E-04 5.914E-04 -1.475E-03  1.182E-03
8.880000E+02 -7.376E-04 5.869E-04 -1.475E-03  1.173E-03
8.900000E+02 -7.381E-04 5.829E-04 -1.476E-03  1.165E-03
8.950000E+02 -7.386E-04 5.724E-04 -1.477E-03  1.144E-03
9.000000E+02 -7.381E-04 5.624E-04 -1.476E-03  1.124E-03
9.030000E+02 -7.376E-04 5.564E-04 -1.475E-03  1.112E-03
9.050000E+02 -7.371E-04 5.524E-04 -1.474E-03  1.104E-03
9.100000E+02 -7.361E-04 5.429E-04 -1.472E-03  1.085E-03
9.150000E+02 -7.346E-04 5.334E-04 -1.469E-03  1.066E-03
9.200000E+02 -7.331E-04 5.239E-04 -1.466E-03  1.047E-03
9.250000E+02 -7.306E-04 5.149E-04 -1.461E-03  1.029E-03
9.300000E+02 -7.286E-04 5.059E-04 -1.457E-03  1.011E-03
9.350000E+02 -7.261E-04 4.971E-04 -1.452E-03  9.934E-04
9.400000E+02 -7.231E-04 4.885E-04 -1.446E-03  9.763E-04
9.450000E+02 -7.201E-04 4.801E-04 -1.440E-03  9.596E-04
9.500000E+02 -7.176E-04 4.720E-04 -1.435E-03  9.433E-04
9.550000E+02 -7.141E-04 4.639E-04 -1.428E-03  9.272E-04
9.600000E+02 -7.111E-04 4.561E-04 -1.422E-03  9.115E-04
9.650000E+02 -7.076E-04 4.484E-04 -1.415E-03  8.961E-04
9.700000E+02 -7.042E-04 4.409E-04 -1.408E-03  8.811E-04
9.750000E+02 -7.007E-04 4.335E-04 -1.401E-03  8.663E-04
9.800000E+02 -6.972E-04 4.262E-04 -1.394E-03  8.519E-04
9.850000E+02 -6.937E-04 4.191E-04 -1.387E-03  8.377E-04
9.900000E+02 -6.897E-04 4.122E-04 -1.379E-03  8.238E-04
9.950000E+02 -6.862E-04 4.054E-04 -1.372E-03  8.102E-04
1.000000E+03 -6.822E-04 3.987E-04 -1.364E-03  7.969E-04
1.050000E+03 -6.426E-04 3.388E-04 -1.285E-03  6.772E-04
1.100000E+03 -6.021E-04 2.897E-04 -1.204E-03  5.791E-04
1.150000E+03 -5.636E-04 2.490E-04 -1.127E-03  4.977E-04
1.200000E+03 -5.261E-04 2.152E-04 -1.052E-03  4.301E-04
1.250000E+03 -4.918E-04 1.868E-04 -9.834E-04  3.735E-04
1.300000E+03 -4.596E-04 1.630E-04 -9.191E-04  3.258E-04
1.300800E+03 -4.591E-04 1.626E-04 -9.181E-04  3.251E-04
1.301000E+03 -4.590E-04 1.626E-04 -9.178E-04  3.250E-04
1.302000E+03 -4.584E-04 1.621E-04 -9.166E-04  3.241E-04
1.303000E+03 -4.578E-04 1.617E-04 -9.154E-04  3.232E-04
1.304000E+03 -4.571E-04 1.613E-04 -9.141E-04  3.224E-04
1.305000E+03 -4.565E-04 1.608E-04 -9.129E-04  3.215E-04
1.306000E+03 -4.559E-04 1.604E-04 -9.116E-04  3.206E-04
1.307000E+03 -4.553E-04 1.600E-04 -9.105E-04  3.198E-04
1.308000E+03 -4.547E-04 1.595E-04 -9.093E-04  3.189E-04
1.309000E+03 -4.541E-04 1.591E-04 -9.080E-04  3.181E-04
1.309400E+03 -4.538E-04 1.589E-04 -9.075E-04  3.177E-04
1.309800E+03 -4.536E-04 1.588E-04 -9.071E-04  3.174E-04
1.310200E+03 -4.534E-04 1.586E-04 -9.066E-04  3.171E-04
1.310600E+03 -4.531E-04 1.584E-04 -9.060E-04  3.167E-04
1.311000E+03 -4.529E-04 1.583E-04 -9.056E-04  3.164E-04
1.311400E+03 -4.526E-04 1.581E-04 -9.051E-04  3.160E-04
1.311800E+03 -4.524E-04 1.579E-04 -9.046E-04  3.157E-04
1.312200E+03 -4.522E-04 1.578E-04 -9.042E-04  3.154E-04
1.312600E+03 -4.519E-04 1.576E-04 -9.037E-04  3.150E-04
1.313000E+03 -4.517E-04 1.574E-04 -9.032E-04  3.147E-04
1.314000E+03 -4.510E-04 1.570E-04 -9.019E-04  3.139E-04
1.315000E+03 -4.505E-04 1.566E-04 -9.008E-04  3.130E-04
1.316000E+03 -4.499E-04 1.562E-04 -8.996E-04  3.122E-04
1.317000E+03 -4.493E-04 1.558E-04 -8.984E-04  3.114E-04
1.318000E+03 -4.486E-04 1.553E-04 -8.971E-04  3.105E-04
1.319000E+03 -4.481E-04 1.549E-04 -8.960E-04  3.097E-04
1.320000E+03 -4.475E-04 1.545E-04 -8.948E-04  3.089E-04
1.321000E+03 -4.469E-04 1.541E-04 -8.936E-04  3.081E-04
1.322000E+03 -4.463E-04 1.537E-04 -8.924E-04  3.073E-04
1.323000E+03 -4.457E-04 1.533E-04 -8.912E-04  3.065E-04
1.324000E+03 -4.451E-04 1.529E-04 -8.900E-04  3.057E-04
1.325000E+03 -4.445E-04 1.525E-04 -8.888E-04  3.048E-04
1.326000E+03 -4.439E-04 1.521E-04 -8.877E-04  3.040E-04
1.327000E+03 -4.433E-04 1.517E-04 -8.865E-04  3.032E-04
1.328000E+03 -4.427E-04 1.513E-04 -8.852E-04  3.024E-04
1.329000E+03 -4.421E-04 1.509E-04 -8.841E-04  3.016E-04
1.329600E+03 -4.418E-04 1.507E-04 -8.834E-04  3.012E-04
1.330000E+03 -4.415E-04 1.505E-04 -8.829E-04  3.009E-04
1.331000E+03 -4.409E-04 1.501E-04 -8.817E-04  3.001E-04
1.332000E+03 -4.403E-04 1.497E-04 -8.805E-04  2.993E-04
1.333000E+03 -4.398E-04 1.493E-04 -8.794E-04  2.985E-04
1.335000E+03 -4.386E-04 1.485E-04 -8.771E-04  2.969E-04
1.340000E+03 -4.357E-04 1.466E-04 -8.712E-04  2.930E-04
1.350000E+03 -4.299E-04 1.428E-04 -8.597E-04  2.855E-04
1.360000E+03 -4.243E-04 1.392E-04 -8.485E-04  2.782E-04
1.380000E+03 -4.133E-04 1.322E-04 -8.264E-04  2.643E-04
1.400000E+03 -4.026E-04 1.257E-04 -8.051E-04  2.512E-04
1.450000E+03 -3.775E-04 1.109E-04 -7.548E-04  2.218E-04
1.500000E+03 -3.543E-04 9.838E-05 -7.085E-04  1.967E-04
1.600000E+03 -3.135E-04 7.812E-05 -6.269E-04  1.562E-04
1.700000E+03 -2.788E-04 6.282E-05 -5.575E-04  1.256E-04
1.800000E+03 -2.493E-04 5.106E-05 -4.986E-04  1.021E-04
1.835000E+03 -2.400E-04 4.762E-05 -4.799E-04  9.522E-05
1.835800E+03 -2.398E-04 4.755E-05 -4.795E-04  9.507E-05
1.836000E+03 -2.397E-04 4.753E-05 -4.794E-04  9.503E-05
1.837000E+03 -2.395E-04 4.743E-05 -4.789E-04  9.484E-05
1.838000E+03 -2.392E-04 4.734E-05 -4.783E-04  9.466E-05
1.839000E+03 -2.389E-04 4.725E-05 -4.778E-04  9.447E-05
1.840000E+03 -2.387E-04 4.715E-05 -4.773E-04  9.428E-05
1.841000E+03 -2.384E-04 4.706E-05 -4.768E-04  9.410E-05
1.842000E+03 -2.382E-04 4.697E-05 -4.763E-04  9.391E-05
1.843000E+03 -2.379E-04 4.688E-05 -4.758E-04  9.373E-05
1.844000E+03 -2.377E-04 4.678E-05 -4.754E-04  9.354E-05
1.844400E+03 -2.376E-04 4.675E-05 -4.751E-04  9.347E-05
1.844800E+03 -2.375E-04 4.671E-05 -4.749E-04  9.339E-05
1.845200E+03 -2.374E-04 4.667E-05 -4.747E-04  9.332E-05
1.845600E+03 -2.372E-04 4.664E-05 -4.744E-04  9.325E-05
1.846000E+03 -2.372E-04 4.660E-05 -4.743E-04  9.317E-05
1.846400E+03 -2.371E-04 4.656E-05 -4.741E-04  9.310E-05
1.846800E+03 -2.369E-04 4.653E-05 -4.738E-04  9.303E-05
1.847200E+03 -2.369E-04 4.649E-05 -4.737E-04  9.295E-05
1.847600E+03 -2.367E-04 4.645E-05 -4.734E-04  9.288E-05
1.848000E+03 -2.367E-04 4.642E-05 -4.733E-04  9.281E-05
1.848400E+03 -2.366E-04 4.638E-05 -4.731E-04  9.273E-05
1.848800E+03 -2.365E-04 4.634E-05 -4.729E-04  9.266E-05
1.849200E+03 -2.363E-04 4.631E-05 -4.726E-04  9.259E-05
1.849600E+03 -2.362E-04 4.627E-05 -4.724E-04  9.252E-05
1.850000E+03 -2.362E-04 4.623E-05 -4.723E-04  9.244E-05
1.851000E+03 -2.359E-04 4.614E-05 -4.718E-04  9.226E-05
1.852000E+03 -2.357E-04 4.605E-05 -4.713E-04  9.208E-05
1.853000E+03 -2.354E-04 4.596E-05 -4.707E-04  9.190E-05
1.854000E+03 -2.351E-04 4.587E-05 -4.702E-04  9.172E-05
1.855000E+03 -2.349E-04 4.578E-05 -4.698E-04  9.154E-05
1.856000E+03 -2.346E-04 4.569E-05 -4.692E-04  9.136E-05
1.857000E+03 -2.344E-04 4.560E-05 -4.687E-04  9.118E-05
1.858000E+03 -2.341E-04 4.551E-05 -4.682E-04  9.100E-05
1.859000E+03 -2.339E-04 4.542E-05 -4.677E-04  9.082E-05
1.860000E+03 -2.336E-04 4.534E-05 -4.672E-04  9.065E-05
1.861000E+03 -2.334E-04 4.525E-05 -4.667E-04  9.047E-05
1.862000E+03 -2.331E-04 4.516E-05 -4.662E-04  9.029E-05
1.863000E+03 -2.329E-04 4.507E-05 -4.657E-04  9.012E-05
1.864000E+03 -2.327E-04 4.498E-05 -4.653E-04  8.994E-05
1.864600E+03 -2.325E-04 4.493E-05 -4.650E-04  8.983E-05
1.865000E+03 -2.324E-04 4.489E-05 -4.647E-04  8.976E-05
1.866000E+03 -2.321E-04 4.481E-05 -4.642E-04  8.959E-05
1.867000E+03 -2.319E-04 4.472E-05 -4.638E-04  8.942E-05
1.868000E+03 -2.317E-04 4.463E-05 -4.633E-04  8.924E-05
1.869000E+03 -2.314E-04 4.455E-05 -4.627E-04  8.907E-05
1.870000E+03 -2.312E-04 4.446E-05 -4.623E-04  8.889E-05
1.871000E+03 -2.309E-04 4.437E-05 -4.618E-04  8.872E-05
1.872000E+03 -2.307E-04 4.429E-05 -4.613E-04  8.855E-05
1.873000E+03 -2.304E-04 4.420E-05 -4.608E-04  8.838E-05
1.874000E+03 -2.302E-04 4.412E-05 -4.603E-04  8.821E-05
1.875000E+03 -2.299E-04 4.403E-05 -4.598E-04  8.803E-05
1.880000E+03 -2.287E-04 4.360E-05 -4.574E-04  8.719E-05
1.900000E+03 -2.240E-04 4.196E-05 -4.479E-04  8.390E-05
2.000000E+03 -2.022E-04 3.480E-05 -4.043E-04  6.959E-05
2.200000E+03 -1.669E-04 2.454E-05 -3.338E-04  4.908E-05
2.400000E+03 -1.399E-04 1.780E-05 -2.798E-04  3.560E-05
2.600000E+03 -1.188E-04 1.324E-05 -2.376E-04  2.647E-05
2.800000E+03 -1.021E-04 1.005E-05 -2.042E-04  2.010E-05
3.000000E+03 -8.860E-05 7.771E-06 -1.772E-04  1.554E-05
3.500000E+03 -6.455E-05 4.365E-06 -1.291E-04  8.730E-06
4.000000E+03 -4.901E-05 2.643E-06 -9.802E-05  5.286E-06
4.500000E+03 -3.840E-05 1.696E-06 -7.680E-05  3.391E-06
5.000000E+03 -3.086E-05 1.139E-06 -6.171E-05  2.277E-06
5.500000E+03 -2.521E-05 7.940E-07 -5.041E-05  1.588E-06
6.000000E+03 -2.093E-05 5.705E-07 -4.185E-05  1.141E-06
6.500000E+03 -1.749E-05 4.208E-07 -3.498E-05  8.416E-07
7.000000E+03 -1.416E-05 3.174E-07 -2.832E-05  6.347E-07
7.100000E+03 -1.280E-05 3.007E-07 -2.559E-05  6.013E-07
7.105000E+03 -1.264E-05 2.998E-07 -2.527E-05  5.996E-07
7.106000E+03 -1.260E-05 2.997E-07 -2.519E-05  5.993E-07
7.107000E+03 -1.256E-05 2.995E-07 -2.511E-05  5.990E-07
7.108000E+03 -1.254E-05 2.994E-07 -2.507E-05  5.987E-07
7.109000E+03 -1.249E-05 2.992E-07 -2.498E-05  5.984E-07
7.110000E+03 -1.245E-05 2.990E-07 -2.489E-05  5.980E-07
7.111000E+03 -1.240E-05 2.989E-07 -2.479E-05  5.977E-07
7.112000E+03 -1.234E-05 2.987E-07 -2.468E-05  5.974E-07
7.113000E+03 -1.229E-05 2.986E-07 -2.457E-05  5.971E-07
7.114000E+03 -1.222E-05 2.984E-07 -2.444E-05  5.968E-07
7.115000E+03 -1.217E-05 2.982E-07 -2.433E-05  5.964E-07
7.116000E+03 -1.200E-05 2.981E-07 -2.399E-05  5.961E-07
7.117000E+03 -1.142E-05 2.979E-07 -2.284E-05  5.958E-07
7.118000E+03 -1.144E-05 2.978E-07 -2.287E-05  5.955E-07
7.119000E+03 -1.143E-05 2.976E-07 -2.286E-05  5.952E-07
7.120000E+03 -1.143E-05 2.975E-07 -2.286E-05  5.950E-07
7.121000E+03 -1.143E-05 2.973E-07 -2.285E-05  5.946E-07
7.122000E+03 -1.143E-05 2.972E-07 -2.285E-05  5.943E-07
7.123000E+03 -1.142E-05 2.970E-07 -2.284E-05  5.939E-07
7.124000E+03 -1.142E-05 2.178E-06 -2.283E-05  4.356E-06
7.125000E+03 -1.142E-05 2.177E-06 -2.283E-05  4.354E-06
7.126000E+03 -1.141E-05 2.176E-06 -2.282E-05  4.351E-06
7.127000E+03 -1.141E-05 2.175E-06 -2.281E-05  4.349E-06
7.128000E+03 -1.141E-05 2.174E-06 -2.281E-05  4.348E-06
7.129000E+03 -1.140E-05 2.173E-06 -2.280E-05  4.345E-06
7.130000E+03 -1.138E-05 2.172E-06 -2.275E-05  4.343E-06
7.135000E+03 -1.227E-05 2.166E-06 -2.453E-05  4.332E-06
7.140000E+03 -1.246E-05 2.161E-06 -2.492E-05  4.321E-06
7.145000E+03 -1.260E-05 2.156E-06 -2.520E-05  4.311E-06
7.150000E+03 -1.271E-05 2.150E-06 -2.541E-05  4.300E-06
7.155000E+03 -1.279E-05 2.145E-06 -2.558E-05  4.289E-06
7.160000E+03 -1.286E-05 2.139E-06 -2.572E-05  4.278E-06
7.165000E+03 -1.292E-05 2.134E-06 -2.583E-05  4.268E-06
7.170000E+03 -1.297E-05 2.129E-06 -2.594E-05  4.257E-06
7.175000E+03 -1.307E-05 2.124E-06 -2.614E-05  4.247E-06
7.180000E+03 -1.311E-05 2.118E-06 -2.621E-05  4.236E-06
7.185000E+03 -1.314E-05 2.113E-06 -2.627E-05  4.226E-06
7.190000E+03 -1.316E-05 2.108E-06 -2.632E-05  4.215E-06
7.195000E+03 -1.319E-05 2.103E-06 -2.637E-05  4.205E-06
7.200000E+03 -1.320E-05 2.097E-06 -2.640E-05  4.194E-06
7.210000E+03 -1.324E-05 2.087E-06 -2.647E-05  4.173E-06
7.220000E+03 -1.326E-05 2.077E-06 -2.652E-05  4.153E-06
7.300000E+03 -1.334E-05 1.996E-06 -2.667E-05  3.992E-06
7.400000E+03 -1.325E-05 1.901E-06 -2.649E-05  3.801E-06
7.500000E+03 -1.307E-05 1.811E-06 -2.614E-05  3.622E-06
7.600000E+03 -1.287E-05 1.727E-06 -2.573E-05  3.454E-06
7.700000E+03 -1.264E-05 1.648E-06 -2.527E-05  3.296E-06
7.800000E+03 -1.240E-05 1.573E-06 -2.479E-05  3.146E-06
7.900000E+03 -1.215E-05 1.503E-06 -2.430E-05  3.005E-06
8.000000E+03 -1.191E-05 1.436E-06 -2.382E-05  2.871E-06
8.200000E+03 -1.143E-05 1.313E-06 -2.285E-05  2.625E-06
8.400000E+03 -1.096E-05 1.203E-06 -2.191E-05  2.406E-06
8.600000E+03 -1.050E-05 1.105E-06 -2.100E-05  2.209E-06
8.800000E+03 -1.007E-05 1.016E-06 -2.013E-05  2.032E-06
9.000000E+03 -9.650E-06 9.360E-07 -1.930E-05  1.872E-06
9.500000E+03 -8.700E-06 7.680E-07 -1.740E-05  1.536E-06
1.000000E+04 -7.845E-06 6.360E-07 -1.569E-05  1.272E-06
1.100000E+04 -6.495E-06 5.525E-07 -1.299E-05  1.105E-06
1.200000E+04 -5.510E-06 4.742E-07 -1.102E-05  9.483E-07
1.300000E+04 -4.743E-06 4.014E-07 -9.486E-06  8.028E-07
1.400000E+04 -4.133E-06 3.342E-07 -8.266E-06  6.683E-07
1.500000E+04 -3.637E-06 2.725E-07 -7.273E-06  5.449E-07
1.600000E+04 -3.225E-06 2.163E-07 -6.449E-06  4.326E-07
1.700000E+04 -2.877E-06 1.657E-07 -5.753E-06  3.313E-07
1.800000E+04 -2.577E-06 1.206E-07 -5.154E-06  2.411E-07
1.900000E+04 -2.316E-06 8.095E-08 -4.632E-06  1.619E-07
2.000000E+04 -2.079E-06 4.690E-08 -4.158E-06  9.380E-08
