17 =ICOMP: amorphous olivine-like astrosilicate                                 
    E(eV)      Re(n)-1    Im(n)    Re(eps)-1  Im(eps)
1.000000E-05  2.434E+00 1.119E-03  1.079E+01 7.688E-03
1.240000E-05  2.434E+00 1.388E-03  1.079E+01 9.534E-03
1.771000E-05  2.434E+00 1.982E-03  1.079E+01 1.362E-02
2.000000E-05  2.434E+00 2.239E-03  1.079E+01 1.538E-02
2.480000E-05  2.434E+00 2.776E-03  1.079E+01 1.907E-02
4.133000E-05  2.434E+00 4.626E-03  1.079E+01 3.178E-02
5.000000E-05  2.434E+00 5.597E-03  1.079E+01 3.844E-02
6.199000E-05  2.434E+00 6.940E-03  1.079E+01 4.766E-02
8.266000E-05  2.433E+00 9.256E-03  1.079E+01 6.355E-02
1.000000E-04  2.433E+00 1.120E-02  1.078E+01 7.688E-02
1.127000E-04  2.432E+00 1.262E-02  1.078E+01 8.666E-02
1.240000E-04  2.431E+00 1.385E-02  1.077E+01 9.501E-02
1.378000E-04  2.430E+00 1.480E-02  1.077E+01 1.016E-01
1.771000E-04  2.428E+00 1.722E-02  1.075E+01 1.181E-01
2.000000E-04  2.427E+00 1.853E-02  1.075E+01 1.270E-01
2.480000E-04  2.425E+00 2.109E-02  1.073E+01 1.445E-01
3.100000E-04  2.423E+00 2.413E-02  1.072E+01 1.652E-01
4.133000E-04  2.420E+00 2.870E-02  1.070E+01 1.963E-01
5.000000E-04  2.418E+00 3.219E-02  1.068E+01 2.201E-01
6.199000E-04  2.415E+00 3.666E-02  1.066E+01 2.504E-01
8.266000E-04  2.411E+00 4.362E-02  1.063E+01 2.976E-01
1.000000E-03  2.408E+00 4.894E-02  1.061E+01 3.336E-01
1.033000E-03  2.408E+00 4.991E-02  1.061E+01 3.402E-01
1.240000E-03  2.405E+00 5.573E-02  1.059E+01 3.796E-01
1.378000E-03  2.404E+00 5.941E-02  1.058E+01 4.044E-01
1.555000E-03  2.403E+00 6.389E-02  1.057E+01 4.348E-01
1.653000E-03  2.402E+00 6.629E-02  1.057E+01 4.511E-01
1.771000E-03  2.402E+00 6.919E-02  1.057E+01 4.708E-01
1.829000E-03  2.402E+00 7.066E-02  1.057E+01 4.808E-01
1.885000E-03  2.402E+00 7.211E-02  1.057E+01 4.906E-01
1.944000E-03  2.402E+00 7.365E-02  1.057E+01 5.012E-01
2.000000E-03  2.402E+00 7.515E-02  1.057E+01 5.114E-01
2.073000E-03  2.402E+00 7.715E-02  1.057E+01 5.250E-01
2.262000E-03  2.403E+00 8.257E-02  1.058E+01 5.620E-01
2.480000E-03  2.405E+00 8.923E-02  1.058E+01 6.076E-01
2.764000E-03  2.407E+00 9.861E-02  1.059E+01 6.718E-01
3.110000E-03  2.409E+00 1.111E-01  1.061E+01 7.577E-01
3.554000E-03  2.413E+00 1.289E-01  1.063E+01 8.801E-01
4.133000E-03  2.416E+00 1.551E-01  1.064E+01 1.060E+00
4.509000E-03  2.417E+00 1.739E-01  1.064E+01 1.188E+00
4.769000E-03  2.416E+00 1.877E-01  1.063E+01 1.283E+00
4.959000E-03  2.414E+00 1.978E-01  1.061E+01 1.351E+00
5.000000E-03  2.413E+00 1.999E-01  1.061E+01 1.364E+00
5.166000E-03  2.411E+00 2.070E-01  1.059E+01 1.412E+00
5.510000E-03  2.407E+00 2.208E-01  1.056E+01 1.504E+00
6.199000E-03  2.402E+00 2.488E-01  1.051E+01 1.692E+00
7.085000E-03  2.395E+00 2.848E-01  1.044E+01 1.934E+00
8.266000E-03  2.384E+00 3.330E-01  1.034E+01 2.254E+00
9.184000E-03  2.375E+00 3.706E-01  1.025E+01 2.502E+00
1.000000E-02  2.366E+00 4.041E-01  1.017E+01 2.720E+00
1.050000E-02  2.360E+00 4.246E-01  1.011E+01 2.853E+00
1.100000E-02  2.353E+00 4.450E-01  1.004E+01 2.984E+00
1.200000E-02  2.339E+00 4.859E-01  9.911E+00 3.244E+00
1.240000E-02  2.332E+00 5.022E-01  9.852E+00 3.347E+00
1.300000E-02  2.322E+00 5.265E-01  9.761E+00 3.498E+00
1.350000E-02  2.314E+00 5.467E-01  9.681E+00 3.623E+00
1.400000E-02  2.304E+00 5.667E-01  9.598E+00 3.745E+00
1.450000E-02  2.295E+00 5.866E-01  9.511E+00 3.865E+00
1.500000E-02  2.284E+00 6.063E-01  9.420E+00 3.983E+00
1.550000E-02  2.274E+00 6.259E-01  9.326E+00 4.098E+00
1.600000E-02  2.263E+00 6.452E-01  9.228E+00 4.210E+00
1.650000E-02  2.251E+00 6.643E-01  9.128E+00 4.319E+00
1.700000E-02  2.239E+00 6.831E-01  9.024E+00 4.425E+00
1.750000E-02  2.226E+00 7.016E-01  8.916E+00 4.527E+00
1.771000E-02  2.221E+00 7.093E-01  8.871E+00 4.569E+00
1.800000E-02  2.213E+00 7.198E-01  8.806E+00 4.625E+00
1.850000E-02  2.200E+00 7.376E-01  8.693E+00 4.720E+00
1.900000E-02  2.186E+00 7.550E-01  8.579E+00 4.811E+00
1.950000E-02  2.171E+00 7.721E-01  8.461E+00 4.897E+00
2.000000E-02  2.157E+00 7.887E-01  8.343E+00 4.979E+00
2.100000E-02  2.126E+00 8.205E-01  8.100E+00 5.130E+00
2.200000E-02  2.095E+00 8.504E-01  7.853E+00 5.263E+00
2.300000E-02  2.062E+00 8.782E-01  7.603E+00 5.378E+00
2.400000E-02  2.028E+00 9.040E-01  7.354E+00 5.475E+00
2.480000E-02  2.001E+00 9.232E-01  7.155E+00 5.541E+00
2.750000E-02  1.909E+00 9.790E-01  6.502E+00 5.695E+00
3.000000E-02  1.822E+00 1.019E+00  5.926E+00 5.754E+00
3.300000E-02  1.720E+00 1.050E+00  5.298E+00 5.712E+00
3.700000E-02  1.610E+00 1.085E+00  4.635E+00 5.667E+00
4.133000E-02  1.481E+00 1.116E+00  3.909E+00 5.540E+00
4.500000E-02  1.371E+00 1.126E+00  3.351E+00 5.339E+00
4.960000E-02  1.239E+00 1.137E+00  2.720E+00 5.089E+00
5.000000E-02  1.225E+00 1.135E+00  2.663E+00 5.052E+00
5.100000E-02  1.197E+00 1.130E+00  2.550E+00 4.963E+00
5.200000E-02  1.170E+00 1.128E+00  2.437E+00 4.896E+00
5.300000E-02  1.140E+00 1.125E+00  2.317E+00 4.814E+00
5.400000E-02  1.115E+00 1.120E+00  2.218E+00 4.736E+00
5.500000E-02  1.087E+00 1.120E+00  2.103E+00 4.675E+00
5.600000E-02  1.054E+00 1.116E+00  1.972E+00 4.584E+00
5.700000E-02  1.023E+00 1.106E+00  1.870E+00 4.477E+00
5.800000E-02  9.965E-01 1.099E+00  1.778E+00 4.389E+00
5.900000E-02  9.660E-01 1.093E+00  1.671E+00 4.296E+00
6.000000E-02  9.356E-01 1.082E+00  1.576E+00 4.188E+00
6.100000E-02  9.070E-01 1.073E+00  1.486E+00 4.092E+00
6.199000E-02  8.729E-01 1.065E+00  1.374E+00 3.989E+00
6.400000E-02  7.983E-01 1.022E+00  1.189E+00 3.676E+00
6.600000E-02  7.407E-01 9.668E-01  1.095E+00 3.366E+00
6.800000E-02  6.969E-01 8.956E-01  1.077E+00 3.039E+00
7.000000E-02  6.725E-01 8.263E-01  1.115E+00 2.764E+00
7.200000E-02  6.629E-01 7.541E-01  1.197E+00 2.508E+00
7.400000E-02  6.679E-01 6.907E-01  1.305E+00 2.304E+00
7.600000E-02  6.830E-01 6.302E-01  1.435E+00 2.121E+00
7.800000E-02  7.098E-01 5.800E-01  1.587E+00 1.983E+00
8.000000E-02  7.428E-01 5.372E-01  1.749E+00 1.872E+00
8.200000E-02  7.839E-01 5.040E-01  1.928E+00 1.798E+00
8.266000E-02  7.986E-01 4.951E-01  1.990E+00 1.781E+00
8.400000E-02  8.304E-01 4.792E-01  2.121E+00 1.754E+00
8.600000E-02  8.882E-01 4.653E-01  2.349E+00 1.757E+00
8.800000E-02  9.540E-01 4.747E-01  2.593E+00 1.855E+00
9.000000E-02  1.013E+00 5.120E-01  2.791E+00 2.062E+00
9.200000E-02  1.051E+00 5.692E-01  2.883E+00 2.335E+00
9.400000E-02  1.066E+00 6.285E-01  2.875E+00 2.598E+00
9.600000E-02  1.071E+00 6.878E-01  2.817E+00 2.849E+00
9.800000E-02  1.060E+00 7.506E-01  2.679E+00 3.092E+00
1.000000E-01  1.034E+00 8.041E-01  2.489E+00 3.270E+00
1.010000E-01  1.019E+00 8.282E-01  2.392E+00 3.345E+00
1.020000E-01  1.004E+00 8.530E-01  2.288E+00 3.419E+00
1.040000E-01  9.616E-01 9.019E-01  2.034E+00 3.538E+00
1.060000E-01  9.079E-01 9.356E-01  1.765E+00 3.570E+00
1.080000E-01  8.596E-01 9.592E-01  1.538E+00 3.567E+00
1.100000E-01  8.091E-01 9.849E-01  1.303E+00 3.564E+00
1.120000E-01  7.506E-01 1.004E+00  1.057E+00 3.516E+00
1.140000E-01  6.926E-01 1.017E+00  8.312E-01 3.442E+00
1.160000E-01  6.282E-01 1.030E+00  5.902E-01 3.354E+00
1.180000E-01  5.493E-01 1.030E+00  3.393E-01 3.191E+00
1.200000E-01  4.734E-01 1.005E+00  1.609E-01 2.962E+00
1.220000E-01  4.160E-01 9.697E-01  6.473E-02 2.746E+00
1.240000E-01  3.694E-01 9.396E-01 -7.690E-03 2.573E+00
1.260000E-01  3.211E-01 9.143E-01 -9.054E-02 2.416E+00
1.280000E-01  2.665E-01 8.858E-01 -1.805E-01 2.244E+00
1.283000E-01  2.578E-01 8.807E-01 -1.937E-01 2.216E+00
1.300000E-01  2.074E-01 8.459E-01 -2.578E-01 2.043E+00
1.320000E-01  1.522E-01 7.907E-01 -2.976E-01 1.822E+00
1.340000E-01  1.087E-01 7.232E-01 -2.938E-01 1.603E+00
1.360000E-01  8.113E-02 6.488E-01 -2.521E-01 1.403E+00
1.380000E-01  7.080E-02 5.751E-01 -1.842E-01 1.232E+00
1.400000E-01  7.432E-02 5.088E-01 -1.047E-01 1.093E+00
1.420000E-01  8.582E-02 4.532E-01 -2.636E-02 9.842E-01
1.440000E-01  9.870E-02 4.081E-01  4.060E-02 8.968E-01
1.460000E-01  1.078E-01 3.691E-01  9.112E-02 8.177E-01
1.480000E-01  1.133E-01 3.292E-01  1.310E-01 7.331E-01
1.500000E-01  1.205E-01 2.850E-01  1.742E-01 6.386E-01
1.550000E-01  1.716E-01 1.762E-01  3.417E-01 4.128E-01
1.600000E-01  2.482E-01 1.083E-01  5.463E-01 2.704E-01
1.650000E-01  3.196E-01 7.370E-02  7.358E-01 1.945E-01
1.700000E-01  3.777E-01 6.128E-02  8.942E-01 1.688E-01
1.750000E-01  4.196E-01 5.759E-02  1.012E+00 1.635E-01
1.794000E-01  4.482E-01 5.670E-02  1.094E+00 1.642E-01
1.850000E-01  4.760E-01 5.614E-02  1.175E+00 1.657E-01
1.900000E-01  4.958E-01 5.544E-02  1.234E+00 1.659E-01
1.950000E-01  5.123E-01 5.451E-02  1.284E+00 1.649E-01
2.000000E-01  5.266E-01 5.333E-02  1.328E+00 1.628E-01
2.100000E-01  5.501E-01 5.064E-02  1.400E+00 1.570E-01
2.200000E-01  5.693E-01 4.843E-02  1.460E+00 1.520E-01
2.250000E-01  5.773E-01 4.755E-02  1.485E+00 1.500E-01
2.400000E-01  5.979E-01 4.553E-02  1.551E+00 1.455E-01
2.480000E-01  6.065E-01 4.480E-02  1.579E+00 1.439E-01
2.600000E-01  6.175E-01 4.396E-02  1.614E+00 1.422E-01
2.800000E-01  6.318E-01 4.299E-02  1.661E+00 1.403E-01
3.000000E-01  6.420E-01 4.230E-02  1.694E+00 1.389E-01
3.200000E-01  6.498E-01 4.146E-02  1.720E+00 1.368E-01
3.400000E-01  6.558E-01 4.069E-02  1.740E+00 1.348E-01
3.645000E-01  6.615E-01 3.979E-02  1.759E+00 1.322E-01
3.800000E-01  6.644E-01 3.917E-02  1.769E+00 1.304E-01
4.000000E-01  6.675E-01 3.829E-02  1.779E+00 1.277E-01
4.500000E-01  6.735E-01 3.679E-02  1.799E+00 1.231E-01
5.000000E-01  6.771E-01 3.562E-02  1.811E+00 1.195E-01
5.115000E-01  6.780E-01 3.540E-02  1.814E+00 1.188E-01
5.500000E-01  6.798E-01 3.472E-02  1.820E+00 1.166E-01
5.636000E-01  6.803E-01 3.450E-02  1.822E+00 1.159E-01
5.843000E-01  6.809E-01 3.419E-02  1.824E+00 1.149E-01
6.000000E-01  6.816E-01 3.397E-02  1.827E+00 1.142E-01
6.500000E-01  6.826E-01 3.335E-02  1.830E+00 1.122E-01
7.000000E-01  6.836E-01 3.284E-02  1.833E+00 1.106E-01
7.514000E-01  6.842E-01 3.247E-02  1.835E+00 1.094E-01
8.000000E-01  6.844E-01 3.220E-02  1.836E+00 1.085E-01
8.500000E-01  6.847E-01 3.191E-02  1.837E+00 1.075E-01
9.000000E-01  6.848E-01 3.166E-02  1.838E+00 1.067E-01
9.500000E-01  6.850E-01 3.142E-02  1.838E+00 1.059E-01
9.919000E-01  6.851E-01 3.125E-02  1.838E+00 1.053E-01
1.000000E+00  6.852E-01 3.121E-02  1.839E+00 1.052E-01
1.100000E+00  6.851E-01 3.103E-02  1.839E+00 1.046E-01
1.240000E+00  6.854E-01 3.078E-02  1.840E+00 1.038E-01
1.378000E+00  6.853E-01 3.061E-02  1.839E+00 1.032E-01
1.550000E+00  6.854E-01 3.042E-02  1.840E+00 1.025E-01
1.771000E+00  6.864E-01 3.018E-02  1.843E+00 1.018E-01
1.889000E+00  6.869E-01 3.008E-02  1.845E+00 1.015E-01
2.254000E+00  6.895E-01 2.987E-02  1.854E+00 1.009E-01
2.551000E+00  6.931E-01 2.975E-02  1.866E+00 1.007E-01
2.818000E+00  6.965E-01 2.966E-02  1.877E+00 1.006E-01
2.857000E+00  6.974E-01 2.964E-02  1.880E+00 1.006E-01
3.100000E+00  7.019E-01 2.956E-02  1.896E+00 1.006E-01
3.250000E+00  7.049E-01 2.948E-02  1.906E+00 1.005E-01
3.397000E+00  7.082E-01 2.939E-02  1.917E+00 1.004E-01
3.604000E+00  7.135E-01 2.930E-02  1.935E+00 1.004E-01
3.800000E+00  7.188E-01 2.918E-02  1.953E+00 1.003E-01
4.000000E+00  7.252E-01 2.907E-02  1.976E+00 1.003E-01
4.250000E+00  7.342E-01 2.889E-02  2.007E+00 1.002E-01
4.350000E+00  7.383E-01 2.882E-02  2.021E+00 1.002E-01
4.525000E+00  7.455E-01 2.870E-02  2.046E+00 1.002E-01
4.800000E+00  7.589E-01 2.846E-02  2.093E+00 1.001E-01
4.959000E+00  7.677E-01 2.829E-02  2.124E+00 1.000E-01
5.166000E+00  7.807E-01 2.745E-02  2.170E+00 9.777E-02
5.200000E+00  7.830E-01 2.737E-02  2.178E+00 9.759E-02
5.300000E+00  7.905E-01 2.725E-02  2.205E+00 9.759E-02
5.391000E+00  7.978E-01 2.734E-02  2.231E+00 9.829E-02
5.500000E+00  8.072E-01 2.767E-02  2.265E+00 1.000E-01
5.600000E+00  8.166E-01 2.852E-02  2.299E+00 1.036E-01
5.661000E+00  8.230E-01 2.932E-02  2.322E+00 1.069E-01
5.700000E+00  8.268E-01 2.994E-02  2.336E+00 1.094E-01
5.800000E+00  8.372E-01 3.195E-02  2.374E+00 1.174E-01
5.904000E+00  8.487E-01 3.465E-02  2.416E+00 1.281E-01
6.199000E+00  8.838E-01 4.624E-02  2.546E+00 1.742E-01
6.526000E+00  9.253E-01 6.679E-02  2.702E+00 2.572E-01
6.888000E+00  9.767E-01 9.966E-02  2.898E+00 3.940E-01
7.293000E+00  1.038E+00 1.572E-01  3.130E+00 6.408E-01
7.500000E+00  1.069E+00 1.977E-01  3.241E+00 8.180E-01
7.749000E+00  1.100E+00 2.602E-01  3.343E+00 1.093E+00
8.000000E+00  1.119E+00 3.369E-01  3.379E+00 1.428E+00
8.321000E+00  1.108E+00 4.490E-01  3.242E+00 1.893E+00
8.500000E+00  1.081E+00 5.046E-01  3.076E+00 2.100E+00
8.600000E+00  1.060E+00 5.299E-01  2.962E+00 2.183E+00
8.700000E+00  1.037E+00 5.485E-01  2.847E+00 2.234E+00
8.800000E+00  1.016E+00 5.612E-01  2.751E+00 2.263E+00
8.920000E+00  9.969E-01 5.736E-01  2.659E+00 2.291E+00
9.100000E+00  9.732E-01 5.914E-01  2.544E+00 2.334E+00
9.300000E+00  9.503E-01 6.107E-01  2.431E+00 2.382E+00
9.500000E+00  9.298E-01 6.296E-01  2.328E+00 2.430E+00
9.700000E+00  9.110E-01 6.483E-01  2.232E+00 2.478E+00
9.919000E+00  8.912E-01 6.692E-01  2.129E+00 2.531E+00
1.020000E+01  8.668E-01 6.958E-01  2.001E+00 2.598E+00
1.050700E+01  8.406E-01 7.259E-01  1.861E+00 2.672E+00
1.080000E+01  8.148E-01 7.555E-01  1.723E+00 2.742E+00
1.117000E+01  7.807E-01 7.949E-01  1.539E+00 2.831E+00
1.150000E+01  7.466E-01 8.330E-01  1.357E+00 2.910E+00
1.180800E+01  7.107E-01 8.739E-01  1.163E+00 2.990E+00
1.210000E+01  6.508E-01 9.126E-01  8.921E-01 3.013E+00
1.239900E+01  5.900E-01 9.267E-01  6.692E-01 2.947E+00
1.270000E+01  5.353E-01 9.337E-01  4.854E-01 2.867E+00
1.300000E+01  4.820E-01 9.366E-01  3.190E-01 2.776E+00
1.330000E+01  4.284E-01 9.332E-01  1.696E-01 2.666E+00
1.360000E+01  3.730E-01 9.180E-01  4.246E-02 2.521E+00
1.400000E+01  3.287E-01 8.700E-01  8.552E-03 2.312E+00
1.500000E+01  3.079E-01 8.911E-01 -8.339E-02 2.331E+00
1.600000E+01  1.551E-01 9.025E-01 -4.804E-01 2.085E+00
1.700000E+01  3.147E-02 8.483E-01 -6.557E-01 1.750E+00
1.800000E+01 -6.222E-02 7.731E-01 -7.183E-01 1.450E+00
1.900000E+01 -1.276E-01 6.877E-01 -7.119E-01 1.200E+00
2.000000E+01 -1.661E-01 5.996E-01 -6.641E-01 1.000E+00
2.100000E+01 -1.763E-01 5.159E-01 -5.877E-01 8.500E-01
2.200000E+01 -1.638E-01 4.545E-01 -5.073E-01 7.600E-01
2.300000E+01 -1.498E-01 4.176E-01 -4.515E-01 7.100E-01
2.400000E+01 -1.445E-01 3.916E-01 -4.214E-01 6.700E-01
2.500000E+01 -1.447E-01 3.683E-01 -4.040E-01 6.300E-01
2.600000E+01 -1.462E-01 3.455E-01 -3.904E-01 5.900E-01
2.700000E+01 -1.486E-01 3.230E-01 -3.794E-01 5.500E-01
2.800000E+01 -1.505E-01 3.002E-01 -3.685E-01 5.100E-01
2.900000E+01 -1.507E-01 2.767E-01 -3.552E-01 4.700E-01
3.000000E+01 -1.453E-01 2.528E-01 -3.333E-01 4.321E-01
3.200000E+01 -1.329E-01 2.246E-01 -2.985E-01 3.895E-01
3.400000E+01 -1.260E-01 2.009E-01 -2.765E-01 3.511E-01
3.600000E+01 -1.199E-01 1.800E-01 -2.578E-01 3.169E-01
3.800000E+01 -1.139E-01 1.617E-01 -2.410E-01 2.866E-01
4.000000E+01 -1.079E-01 1.456E-01 -2.254E-01 2.598E-01
4.200000E+01 -1.020E-01 1.315E-01 -2.109E-01 2.361E-01
4.400000E+01 -9.609E-02 1.190E-01 -1.971E-01 2.152E-01
4.600000E+01 -9.018E-02 1.081E-01 -1.839E-01 1.967E-01
4.800000E+01 -8.431E-02 9.850E-02 -1.712E-01 1.804E-01
5.000000E+01 -7.838E-02 9.000E-02 -1.587E-01 1.659E-01
5.250000E+01 -7.048E-02 8.074E-02 -1.425E-01 1.501E-01
5.300000E+01 -6.874E-02 7.909E-02 -1.390E-01 1.473E-01
5.390000E+01 -6.523E-02 7.612E-02 -1.320E-01 1.423E-01
5.440000E+01 -6.280E-02 7.453E-02 -1.272E-01 1.397E-01
5.480000E+01 -5.950E-02 7.315E-02 -1.208E-01 1.376E-01
5.485000E+01 -5.739E-02 7.288E-02 -1.168E-01 1.374E-01
5.488000E+01 -5.724E-02 7.277E-02 -1.165E-01 1.372E-01
5.489000E+01 -5.719E-02 7.276E-02 -1.164E-01 1.372E-01
5.489500E+01 -5.720E-02 7.271E-02 -1.164E-01 1.371E-01
5.489800E+01 -5.720E-02 7.271E-02 -1.164E-01 1.371E-01
5.490200E+01 -5.685E-02 7.645E-02 -1.163E-01 1.442E-01
5.490500E+01 -5.685E-02 7.645E-02 -1.163E-01 1.442E-01
5.491000E+01 -5.685E-02 7.639E-02 -1.163E-01 1.441E-01
5.492000E+01 -5.680E-02 7.639E-02 -1.162E-01 1.441E-01
5.495000E+01 -5.665E-02 7.632E-02 -1.159E-01 1.440E-01
5.500000E+01 -5.834E-02 7.641E-02 -1.191E-01 1.439E-01
5.540000E+01 -5.881E-02 7.576E-02 -1.199E-01 1.426E-01
5.640000E+01 -5.677E-02 7.405E-02 -1.158E-01 1.397E-01
5.700000E+01 -5.521E-02 7.308E-02 -1.127E-01 1.381E-01
5.800000E+01 -5.215E-02 7.164E-02 -1.067E-01 1.358E-01
5.900000E+01 -4.815E-02 7.060E-02 -9.896E-02 1.344E-01
6.000000E+01 -4.217E-02 7.078E-02 -8.757E-02 1.356E-01
6.050000E+01 -3.743E-02 7.231E-02 -7.869E-02 1.392E-01
6.100000E+01 -2.992E-02 7.716E-02 -6.491E-02 1.497E-01
6.140000E+01 -2.339E-02 8.893E-02 -5.414E-02 1.737E-01
6.160000E+01 -2.226E-02 1.007E-01 -5.417E-02 1.970E-01
6.180000E+01 -2.874E-02 1.165E-01 -7.024E-02 2.264E-01
6.190000E+01 -3.713E-02 1.235E-01 -8.814E-02 2.379E-01
6.200000E+01 -4.849E-02 1.272E-01 -1.108E-01 2.420E-01
6.210000E+01 -6.052E-02 1.262E-01 -1.333E-01 2.371E-01
6.220000E+01 -7.068E-02 1.210E-01 -1.510E-01 2.249E-01
6.240000E+01 -8.099E-02 1.058E-01 -1.666E-01 1.944E-01
6.260000E+01 -8.234E-02 9.279E-02 -1.665E-01 1.703E-01
6.300000E+01 -7.781E-02 7.840E-02 -1.557E-01 1.446E-01
6.350000E+01 -7.107E-02 7.089E-02 -1.421E-01 1.317E-01
6.400000E+01 -6.666E-02 6.729E-02 -1.334E-01 1.256E-01
6.500000E+01 -6.067E-02 6.361E-02 -1.217E-01 1.195E-01
6.550000E+01 -5.836E-02 6.239E-02 -1.172E-01 1.175E-01
6.590000E+01 -5.561E-02 6.152E-02 -1.119E-01 1.162E-01
6.595000E+01 -5.393E-02 6.131E-02 -1.087E-01 1.160E-01
6.598000E+01 -5.393E-02 6.125E-02 -1.087E-01 1.159E-01
6.599000E+01 -5.388E-02 6.125E-02 -1.086E-01 1.159E-01
6.599500E+01 -5.388E-02 6.120E-02 -1.086E-01 1.158E-01
6.599800E+01 -5.388E-02 6.120E-02 -1.086E-01 1.158E-01
6.600200E+01 -5.365E-02 6.467E-02 -1.086E-01 1.224E-01
6.600500E+01 -5.365E-02 6.467E-02 -1.086E-01 1.224E-01
6.601000E+01 -5.365E-02 6.467E-02 -1.086E-01 1.224E-01
6.602000E+01 -5.360E-02 6.467E-02 -1.085E-01 1.224E-01
6.605000E+01 -5.355E-02 6.456E-02 -1.084E-01 1.222E-01
6.610000E+01 -5.503E-02 6.455E-02 -1.112E-01 1.220E-01
6.650000E+01 -5.610E-02 6.372E-02 -1.131E-01 1.203E-01
6.700000E+01 -5.601E-02 6.266E-02 -1.128E-01 1.183E-01
6.800000E+01 -5.519E-02 6.065E-02 -1.110E-01 1.146E-01
7.000000E+01 -5.335E-02 5.704E-02 -1.071E-01 1.080E-01
7.500000E+01 -4.888E-02 4.932E-02 -9.780E-02 9.381E-02
8.000000E+01 -4.450E-02 4.288E-02 -8.885E-02 8.194E-02
8.500000E+01 -3.956E-02 3.752E-02 -7.896E-02 7.208E-02
8.600000E+01 -3.826E-02 3.663E-02 -7.640E-02 7.046E-02
8.700000E+01 -3.660E-02 3.588E-02 -7.315E-02 6.914E-02
8.800000E+01 -3.425E-02 3.557E-02 -6.858E-02 6.871E-02
8.850000E+01 -3.246E-02 3.594E-02 -6.516E-02 6.954E-02
8.900000E+01 -2.977E-02 3.751E-02 -6.006E-02 7.279E-02
8.940000E+01 -2.753E-02 4.150E-02 -5.602E-02 8.072E-02
8.960000E+01 -2.728E-02 4.553E-02 -5.589E-02 8.857E-02
8.980000E+01 -2.980E-02 5.079E-02 -6.128E-02 9.855E-02
8.990000E+01 -3.283E-02 5.294E-02 -6.739E-02 1.024E-01
9.000000E+01 -3.680E-02 5.388E-02 -7.515E-02 1.038E-01
9.010000E+01 -4.065E-02 5.290E-02 -8.244E-02 1.015E-01
9.020000E+01 -4.371E-02 5.112E-02 -8.813E-02 9.778E-02
9.040000E+01 -4.702E-02 4.573E-02 -9.392E-02 8.716E-02
9.060000E+01 -4.708E-02 4.130E-02 -9.364E-02 7.871E-02
9.100000E+01 -4.512E-02 3.643E-02 -8.953E-02 6.957E-02
9.150000E+01 -4.250E-02 3.381E-02 -8.434E-02 6.474E-02
9.200000E+01 -4.071E-02 3.248E-02 -8.081E-02 6.232E-02
9.300000E+01 -3.806E-02 3.097E-02 -7.562E-02 5.958E-02
9.350000E+01 -3.694E-02 3.042E-02 -7.343E-02 5.860E-02
9.390000E+01 -3.583E-02 3.003E-02 -7.128E-02 5.790E-02
9.395000E+01 -3.547E-02 2.997E-02 -7.057E-02 5.781E-02
9.398000E+01 -3.471E-02 2.992E-02 -6.911E-02 5.776E-02
9.399000E+01 -3.540E-02 2.993E-02 -7.045E-02 5.775E-02
9.399500E+01 -3.539E-02 2.993E-02 -7.043E-02 5.774E-02
9.399800E+01 -3.539E-02 2.992E-02 -7.042E-02 5.773E-02
9.400200E+01 -3.535E-02 3.076E-02 -7.040E-02 5.934E-02
9.400500E+01 -3.535E-02 3.075E-02 -7.040E-02 5.933E-02
9.401000E+01 -3.534E-02 3.075E-02 -7.038E-02 5.932E-02
9.402000E+01 -3.533E-02 3.074E-02 -7.035E-02 5.931E-02
9.405000E+01 -3.528E-02 3.071E-02 -7.025E-02 5.926E-02
9.410000E+01 -3.548E-02 3.068E-02 -7.064E-02 5.918E-02
9.450000E+01 -3.527E-02 3.035E-02 -7.022E-02 5.855E-02
9.500000E+01 -3.468E-02 2.995E-02 -6.905E-02 5.782E-02
9.600000E+01 -3.329E-02 2.925E-02 -6.632E-02 5.655E-02
9.700000E+01 -3.151E-02 2.871E-02 -6.284E-02 5.561E-02
9.800000E+01 -2.908E-02 2.859E-02 -5.812E-02 5.551E-02
9.850000E+01 -2.728E-02 2.902E-02 -5.466E-02 5.645E-02
9.900000E+01 -2.463E-02 3.056E-02 -4.959E-02 5.961E-02
9.940000E+01 -2.242E-02 3.425E-02 -4.550E-02 6.697E-02
9.960000E+01 -2.208E-02 3.793E-02 -4.511E-02 7.418E-02
9.980000E+01 -2.420E-02 4.269E-02 -4.964E-02 8.332E-02
9.990000E+01 -2.684E-02 4.465E-02 -5.495E-02 8.690E-02
1.000000E+02 -3.021E-02 4.550E-02 -6.157E-02 8.825E-02
1.001000E+02 -3.364E-02 4.491E-02 -6.817E-02 8.679E-02
1.002000E+02 -3.641E-02 4.313E-02 -7.336E-02 8.312E-02
1.004000E+02 -3.883E-02 3.846E-02 -7.763E-02 7.393E-02
1.006000E+02 -3.860E-02 3.475E-02 -7.692E-02 6.681E-02
1.010000E+02 -3.593E-02 3.123E-02 -7.155E-02 6.022E-02
1.015000E+02 -3.256E-02 3.173E-02 -6.506E-02 6.139E-02
1.019000E+02 -3.392E-02 3.515E-02 -6.792E-02 6.791E-02
1.019500E+02 -3.461E-02 3.534E-02 -6.927E-02 6.824E-02
1.019800E+02 -3.506E-02 3.538E-02 -7.015E-02 6.828E-02
1.019900E+02 -3.522E-02 3.539E-02 -7.045E-02 6.828E-02
1.019950E+02 -3.530E-02 3.538E-02 -7.060E-02 6.827E-02
1.019980E+02 -3.534E-02 3.538E-02 -7.069E-02 6.826E-02
1.019990E+02 -3.536E-02 3.538E-02 -7.072E-02 6.826E-02
1.020000E+02 -3.538E-02 3.538E-02 -7.075E-02 6.826E-02
1.020010E+02 -3.540E-02 3.538E-02 -7.079E-02 6.825E-02
1.020020E+02 -3.541E-02 3.538E-02 -7.082E-02 6.825E-02
1.020050E+02 -3.546E-02 3.537E-02 -7.091E-02 6.823E-02
1.020100E+02 -3.554E-02 3.536E-02 -7.106E-02 6.821E-02
1.020200E+02 -3.569E-02 3.534E-02 -7.136E-02 6.815E-02
1.020500E+02 -3.615E-02 3.522E-02 -7.224E-02 6.790E-02
1.021000E+02 -3.688E-02 3.491E-02 -7.361E-02 6.724E-02
1.025000E+02 -3.884E-02 3.015E-02 -7.707E-02 5.795E-02
1.030000E+02 -3.695E-02 2.676E-02 -7.324E-02 5.155E-02
1.035000E+02 -3.492E-02 2.536E-02 -6.926E-02 4.894E-02
1.039000E+02 -3.332E-02 2.469E-02 -6.613E-02 4.773E-02
1.039500E+02 -3.317E-02 2.462E-02 -6.585E-02 4.760E-02
1.039800E+02 -3.309E-02 2.458E-02 -6.568E-02 4.753E-02
1.039900E+02 -3.306E-02 2.456E-02 -6.563E-02 4.750E-02
1.039950E+02 -3.305E-02 2.456E-02 -6.560E-02 4.749E-02
1.039980E+02 -3.306E-02 2.456E-02 -6.563E-02 4.749E-02
1.039990E+02 -3.306E-02 2.455E-02 -6.563E-02 4.748E-02
1.040000E+02 -3.304E-02 2.498E-02 -6.562E-02 4.831E-02
1.040010E+02 -3.304E-02 2.498E-02 -6.562E-02 4.831E-02
1.040020E+02 -3.304E-02 2.498E-02 -6.561E-02 4.831E-02
1.040050E+02 -3.303E-02 2.497E-02 -6.559E-02 4.830E-02
1.040100E+02 -3.299E-02 2.497E-02 -6.552E-02 4.829E-02
1.040200E+02 -3.297E-02 2.496E-02 -6.547E-02 4.827E-02
1.040500E+02 -3.288E-02 2.492E-02 -6.530E-02 4.820E-02
1.041000E+02 -3.274E-02 2.485E-02 -6.503E-02 4.808E-02
1.045000E+02 -3.202E-02 2.443E-02 -6.361E-02 4.729E-02
1.050000E+02 -3.073E-02 2.397E-02 -6.108E-02 4.646E-02
1.055000E+02 -2.904E-02 2.355E-02 -5.778E-02 4.574E-02
1.059000E+02 -2.447E-02 2.317E-02 -4.888E-02 4.521E-02
1.059500E+02 -2.442E-02 2.314E-02 -4.878E-02 4.515E-02
1.059800E+02 -2.440E-02 2.312E-02 -4.873E-02 4.511E-02
1.059900E+02 -2.444E-02 2.311E-02 -4.882E-02 4.510E-02
1.059950E+02 -2.444E-02 2.311E-02 -4.881E-02 4.509E-02
1.059980E+02 -2.444E-02 2.311E-02 -4.881E-02 4.509E-02
1.060020E+02 -2.423E-02 2.820E-02 -4.867E-02 5.504E-02
1.060050E+02 -2.423E-02 2.820E-02 -4.867E-02 5.504E-02
1.060100E+02 -2.423E-02 2.820E-02 -4.866E-02 5.503E-02
1.060200E+02 -2.422E-02 2.819E-02 -4.864E-02 5.502E-02
1.060500E+02 -2.419E-02 2.818E-02 -4.858E-02 5.499E-02
1.061000E+02 -2.414E-02 2.814E-02 -4.849E-02 5.493E-02
1.065000E+02 -2.792E-02 2.803E-02 -5.585E-02 5.450E-02
1.070000E+02 -2.865E-02 2.779E-02 -5.725E-02 5.398E-02
1.080000E+02 -2.907E-02 2.729E-02 -5.804E-02 5.299E-02
1.090000E+02 -2.911E-02 2.681E-02 -5.809E-02 5.205E-02
1.100000E+02 -2.902E-02 2.633E-02 -5.789E-02 5.114E-02
1.150000E+02 -2.809E-02 2.412E-02 -5.597E-02 4.689E-02
1.200000E+02 -2.698E-02 2.209E-02 -5.372E-02 4.299E-02
1.250000E+02 -2.586E-02 2.023E-02 -5.146E-02 3.941E-02
1.300000E+02 -2.475E-02 1.851E-02 -4.922E-02 3.610E-02
1.350000E+02 -2.363E-02 1.694E-02 -4.699E-02 3.308E-02
1.400000E+02 -2.250E-02 1.552E-02 -4.474E-02 3.034E-02
1.460000E+02 -2.102E-02 1.400E-02 -4.179E-02 2.741E-02
1.480000E+02 -2.036E-02 1.357E-02 -4.048E-02 2.659E-02
1.490000E+02 -1.991E-02 1.344E-02 -3.961E-02 2.635E-02
1.500000E+02 -1.929E-02 1.337E-02 -3.838E-02 2.623E-02
1.505000E+02 -1.878E-02 1.351E-02 -3.739E-02 2.651E-02
1.510000E+02 -1.802E-02 1.400E-02 -3.591E-02 2.750E-02
1.514000E+02 -1.741E-02 1.520E-02 -3.474E-02 2.987E-02
1.516000E+02 -1.738E-02 1.638E-02 -3.473E-02 3.220E-02
1.518000E+02 -1.822E-02 1.791E-02 -3.642E-02 3.516E-02
1.519000E+02 -1.910E-02 1.851E-02 -3.818E-02 3.631E-02
1.520000E+02 -2.022E-02 1.874E-02 -4.039E-02 3.673E-02
1.521000E+02 -2.135E-02 1.850E-02 -4.259E-02 3.621E-02
1.522000E+02 -2.226E-02 1.788E-02 -4.434E-02 3.497E-02
1.524000E+02 -2.314E-02 1.630E-02 -4.601E-02 3.184E-02
1.526000E+02 -2.315E-02 1.502E-02 -4.599E-02 2.935E-02
1.530000E+02 -2.257E-02 1.364E-02 -4.482E-02 2.666E-02
1.535000E+02 -2.182E-02 1.291E-02 -4.333E-02 2.525E-02
1.540000E+02 -2.131E-02 1.254E-02 -4.233E-02 2.455E-02
1.550000E+02 -2.059E-02 1.213E-02 -4.090E-02 2.377E-02
1.555000E+02 -2.027E-02 1.199E-02 -4.028E-02 2.349E-02
1.558000E+02 -2.004E-02 1.190E-02 -3.981E-02 2.333E-02
1.559000E+02 -1.984E-02 1.188E-02 -3.942E-02 2.328E-02
1.559500E+02 -1.982E-02 1.187E-02 -3.939E-02 2.326E-02
1.559800E+02 -1.981E-02 1.185E-02 -3.937E-02 2.324E-02
1.559900E+02 -1.981E-02 1.185E-02 -3.936E-02 2.324E-02
1.559950E+02 -1.980E-02 1.185E-02 -3.935E-02 2.324E-02
1.559980E+02 -1.980E-02 1.185E-02 -3.935E-02 2.324E-02
1.560020E+02 -1.980E-02 1.226E-02 -3.935E-02 2.404E-02
1.560050E+02 -1.980E-02 1.226E-02 -3.935E-02 2.404E-02
1.560100E+02 -1.979E-02 1.226E-02 -3.934E-02 2.404E-02
1.560200E+02 -1.979E-02 1.226E-02 -3.933E-02 2.403E-02
1.560500E+02 -1.978E-02 1.225E-02 -3.932E-02 2.402E-02
1.561000E+02 -1.976E-02 1.224E-02 -3.928E-02 2.399E-02
1.562000E+02 -1.989E-02 1.222E-02 -3.953E-02 2.395E-02
1.565000E+02 -1.991E-02 1.215E-02 -3.958E-02 2.381E-02
1.570000E+02 -1.985E-02 1.203E-02 -3.945E-02 2.358E-02
1.580000E+02 -1.967E-02 1.182E-02 -3.910E-02 2.317E-02
1.590000E+02 -1.948E-02 1.161E-02 -3.872E-02 2.277E-02
1.600000E+02 -1.930E-02 1.141E-02 -3.835E-02 2.238E-02
1.650000E+02 -1.844E-02 1.050E-02 -3.664E-02 2.061E-02
1.700000E+02 -1.763E-02 9.676E-03 -3.505E-02 1.901E-02
1.750000E+02 -1.688E-02 8.931E-03 -3.356E-02 1.756E-02
1.800000E+02 -1.617E-02 8.253E-03 -3.214E-02 1.624E-02
1.900000E+02 -1.485E-02 7.075E-03 -2.952E-02 1.394E-02
2.000000E+02 -1.365E-02 6.098E-03 -2.715E-02 1.203E-02
2.100000E+02 -1.258E-02 5.287E-03 -2.503E-02 1.044E-02
2.200000E+02 -1.161E-02 4.591E-03 -2.311E-02 9.076E-03
2.300000E+02 -1.073E-02 4.010E-03 -2.137E-02 7.934E-03
2.400000E+02 -9.938E-03 3.520E-03 -1.979E-02 6.970E-03
2.600000E+02 -8.573E-03 2.744E-03 -1.708E-02 5.440E-03
2.800000E+02 -7.446E-03 2.171E-03 -1.484E-02 4.309E-03
3.000000E+02 -6.510E-03 1.740E-03 -1.298E-02 3.458E-03
3.200000E+02 -5.726E-03 1.413E-03 -1.142E-02 2.809E-03
3.400000E+02 -5.062E-03 1.159E-03 -1.010E-02 2.307E-03
3.600000E+02 -4.497E-03 9.608E-04 -8.974E-03 1.913E-03
3.800000E+02 -4.010E-03 8.037E-04 -8.004E-03 1.601E-03
4.000000E+02 -3.586E-03 6.779E-04 -7.160E-03 1.351E-03
4.500000E+02 -2.732E-03 4.572E-04 -5.456E-03 9.120E-04
5.000000E+02 -1.992E-03 3.218E-04 -3.980E-03 6.424E-04
5.200000E+02 -1.535E-03 2.921E-04 -3.067E-03 5.834E-04
5.250000E+02 -1.244E-03 3.062E-04 -2.487E-03 6.116E-04
5.280000E+02 -8.283E-04 3.720E-04 -1.656E-03 7.434E-04
5.290000E+02 -5.301E-04 4.505E-04 -1.060E-03 9.006E-04
5.300000E+02  2.453E-06 6.680E-04  4.460E-06 1.336E-03
5.305000E+02  4.982E-04 9.505E-04  9.958E-04 1.902E-03
5.310000E+02  1.296E-03 1.638E-03  2.591E-03 3.280E-03
5.314000E+02  1.689E-03 3.082E-03  3.372E-03 6.174E-03
5.316000E+02  9.455E-04 4.461E-03  1.872E-03 8.930E-03
5.318000E+02 -3.015E-04 6.207E-03 -6.415E-04 1.241E-02
5.319000E+02 -9.232E-04 6.896E-03 -1.893E-03 1.378E-02
5.320000E+02 -1.550E-03 7.161E-03 -3.148E-03 1.430E-02
5.321000E+02 -2.180E-03 6.900E-03 -4.403E-03 1.377E-02
5.322000E+02 -2.812E-03 6.217E-03 -5.655E-03 1.240E-02
5.324000E+02 -4.082E-03 4.478E-03 -8.167E-03 8.919E-03
5.326000E+02 -4.838E-03 3.097E-03 -9.663E-03 6.165E-03
5.330000E+02 -4.448E-03 1.643E-03 -8.878E-03 3.271E-03
5.335000E+02 -3.642E-03 9.495E-04 -7.272E-03 1.892E-03
5.340000E+02 -3.137E-03 6.631E-04 -6.264E-03 1.322E-03
5.350000E+02 -2.581E-03 4.415E-04 -5.155E-03 8.807E-04
5.360000E+02 -2.234E-03 3.593E-04 -4.463E-03 7.169E-04
5.370000E+02 -1.953E-03 3.197E-04 -3.903E-03 6.381E-04
5.375000E+02 -1.638E-03 3.070E-04 -3.274E-03 6.130E-04
5.378000E+02 -1.606E-03 3.009E-04 -3.209E-03 6.008E-04
5.379000E+02 -1.596E-03 2.990E-04 -3.189E-03 5.971E-04
5.379500E+02 -1.591E-03 2.981E-04 -3.179E-03 5.953E-04
5.379800E+02 -1.588E-03 2.976E-04 -3.173E-03 5.942E-04
5.379900E+02 -1.587E-03 2.974E-04 -3.171E-03 5.939E-04
5.379950E+02 -1.586E-03 2.973E-04 -3.170E-03 5.937E-04
5.379980E+02 -1.586E-03 2.973E-04 -3.170E-03 5.936E-04
5.380020E+02 -1.606E-03 7.853E-04 -3.210E-03 1.568E-03
5.380050E+02 -1.606E-03 7.848E-04 -3.209E-03 1.567E-03
5.380100E+02 -1.584E-03 7.847E-04 -3.167E-03 1.567E-03
5.380200E+02 -1.583E-03 7.847E-04 -3.165E-03 1.567E-03
5.380500E+02 -1.581E-03 7.842E-04 -3.160E-03 1.566E-03
5.381000E+02 -1.576E-03 7.832E-04 -3.150E-03 1.564E-03
5.382000E+02 -1.567E-03 7.812E-04 -3.132E-03 1.560E-03
5.385000E+02 -1.541E-03 7.757E-04 -3.080E-03 1.549E-03
5.390000E+02 -1.752E-03 7.683E-04 -3.501E-03 1.534E-03
5.400000E+02 -1.795E-03 7.559E-04 -3.587E-03 1.509E-03
5.410000E+02 -1.804E-03 7.458E-04 -3.605E-03 1.489E-03
5.500000E+02 -1.778E-03 6.932E-04 -3.553E-03 1.384E-03
6.000000E+02 -1.574E-03 5.208E-04 -3.146E-03 1.040E-03
6.500000E+02 -1.337E-03 4.004E-04 -2.673E-03 7.998E-04
6.800000E+02 -1.173E-03 3.451E-04 -2.344E-03 6.894E-04
7.000000E+02 -1.004E-03 3.155E-04 -2.008E-03 6.304E-04
7.100000E+02 -8.073E-04 3.104E-04 -1.614E-03 6.203E-04
7.160000E+02 -3.936E-04 3.677E-04 -7.871E-04 7.351E-04
7.170000E+02 -1.739E-04 4.256E-04 -3.479E-04 8.511E-04
7.180000E+02  2.297E-04 5.864E-04  4.592E-04 1.173E-03
7.185000E+02  6.366E-04 7.950E-04  1.273E-03 1.591E-03
7.190000E+02  1.284E-03 1.303E-03  2.568E-03 2.609E-03
7.194000E+02  1.043E-03 2.371E-03  2.081E-03 4.747E-03
7.196000E+02  3.234E-04 3.389E-03  6.355E-04 6.781E-03
7.198000E+02 -3.555E-04 4.676E-03 -7.326E-04 9.348E-03
7.199000E+02 -6.618E-04 5.183E-03 -1.350E-03 1.036E-02
7.200000E+02 -9.420E-04 5.380E-03 -1.912E-03 1.075E-02
7.201000E+02 -1.225E-03 5.186E-03 -2.475E-03 1.036E-02
7.202000E+02 -1.537E-03 4.678E-03 -3.094E-03 9.342E-03
7.204000E+02 -2.228E-03 3.395E-03 -4.463E-03 6.775E-03
7.206000E+02 -2.955E-03 2.378E-03 -5.906E-03 4.741E-03
7.210000E+02 -3.200E-03 1.306E-03 -6.391E-03 2.603E-03
7.215000E+02 -2.548E-03 7.935E-04 -5.090E-03 1.583E-03
7.220000E+02 -2.130E-03 5.822E-04 -4.256E-03 1.162E-03
7.230000E+02 -1.681E-03 4.182E-04 -3.360E-03 8.350E-04
7.235000E+02 -1.468E-03 3.816E-04 -2.933E-03 7.621E-04
7.238000E+02 -1.413E-03 3.660E-04 -2.825E-03 7.309E-04
7.239000E+02 -1.397E-03 3.615E-04 -2.792E-03 7.220E-04
7.239500E+02 -1.389E-03 3.594E-04 -2.776E-03 7.178E-04
7.239800E+02 -1.384E-03 3.581E-04 -2.766E-03 7.153E-04
7.239900E+02 -1.382E-03 3.577E-04 -2.763E-03 7.145E-04
7.239950E+02 -1.381E-03 3.575E-04 -2.761E-03 7.141E-04
7.239980E+02 -1.381E-03 3.574E-04 -2.760E-03 7.139E-04
7.240020E+02 -1.380E-03 5.848E-04 -2.759E-03 1.168E-03
7.240050E+02 -1.380E-03 5.843E-04 -2.758E-03 1.167E-03
7.240100E+02 -1.379E-03 5.843E-04 -2.757E-03 1.167E-03
7.240200E+02 -1.378E-03 5.838E-04 -2.754E-03 1.166E-03
7.240500E+02 -1.373E-03 5.828E-04 -2.744E-03 1.164E-03
7.241000E+02 -1.365E-03 5.808E-04 -2.729E-03 1.160E-03
7.242000E+02 -1.351E-03 5.773E-04 -2.701E-03 1.153E-03
7.245000E+02 -1.312E-03 5.672E-04 -2.622E-03 1.133E-03
7.250000E+02 -1.352E-03 5.542E-04 -2.702E-03 1.107E-03
7.260000E+02 -1.317E-03 5.372E-04 -2.632E-03 1.073E-03
7.270000E+02 -1.284E-03 5.257E-04 -2.566E-03 1.050E-03
7.280000E+02 -1.257E-03 5.172E-04 -2.513E-03 1.033E-03
7.300000E+02 -1.219E-03 5.061E-04 -2.436E-03 1.011E-03
7.400000E+02 -1.139E-03 4.755E-04 -2.277E-03 9.500E-04
7.500000E+02 -1.105E-03 4.541E-04 -2.209E-03 9.072E-04
7.700000E+02 -1.059E-03 4.166E-04 -2.118E-03 8.324E-04
8.000000E+02 -9.929E-04 3.680E-04 -1.985E-03 7.352E-04
8.200000E+02 -9.424E-04 3.397E-04 -1.884E-03 6.787E-04
8.400000E+02 -8.458E-04 3.164E-04 -1.691E-03 6.322E-04
8.490000E+02 -6.532E-04 3.353E-04 -1.306E-03 6.701E-04
8.500000E+02 -5.596E-04 3.591E-04 -1.119E-03 7.177E-04
8.510000E+02 -3.753E-04 4.261E-04 -7.506E-04 8.519E-04
8.515000E+02 -1.936E-04 5.391E-04 -3.874E-04 1.078E-03
8.520000E+02  7.865E-05 7.279E-04  1.568E-04 1.456E-03
8.524000E+02 -2.378E-04 1.179E-03 -4.769E-04 2.358E-03
8.526000E+02 -5.149E-04 1.610E-03 -1.032E-03 3.219E-03
8.528000E+02 -7.200E-04 2.156E-03 -1.444E-03 4.308E-03
8.529000E+02 -8.101E-04 2.357E-03 -1.625E-03 4.711E-03
8.530000E+02 -9.014E-04 2.454E-03 -1.808E-03 4.903E-03
8.531000E+02 -9.957E-04 2.357E-03 -1.996E-03 4.710E-03
8.532000E+02 -1.084E-03 2.155E-03 -2.172E-03 4.306E-03
8.534000E+02 -1.297E-03 1.610E-03 -2.594E-03 3.216E-03
8.536000E+02 -1.572E-03 1.179E-03 -3.142E-03 2.354E-03
8.540000E+02 -1.890E-03 7.269E-04 -3.776E-03 1.451E-03
8.545000E+02 -1.619E-03 5.364E-04 -3.236E-03 1.071E-03
8.550000E+02 -1.434E-03 4.219E-04 -2.866E-03 8.425E-04
8.560000E+02 -1.244E-03 3.523E-04 -2.486E-03 7.037E-04
8.565000E+02 -1.179E-03 3.366E-04 -2.357E-03 6.724E-04
8.568000E+02 -1.158E-03 3.299E-04 -2.315E-03 6.590E-04
8.569000E+02 -1.152E-03 3.279E-04 -2.303E-03 6.551E-04
8.569500E+02 -1.149E-03 3.270E-04 -2.296E-03 6.533E-04
8.569800E+02 -1.147E-03 3.265E-04 -2.292E-03 6.522E-04
8.569900E+02 -1.146E-03 3.263E-04 -2.291E-03 6.518E-04
8.569950E+02 -1.146E-03 3.262E-04 -2.290E-03 6.517E-04
8.569980E+02 -1.146E-03 3.262E-04 -2.290E-03 6.516E-04
8.570020E+02 -1.145E-03 3.489E-04 -2.289E-03 6.970E-04
8.570050E+02 -1.145E-03 3.488E-04 -2.289E-03 6.969E-04
8.570100E+02 -1.145E-03 3.487E-04 -2.288E-03 6.967E-04
8.570200E+02 -1.144E-03 3.486E-04 -2.287E-03 6.964E-04
8.570500E+02 -1.142E-03 3.481E-04 -2.283E-03 6.954E-04
8.571000E+02 -1.139E-03 3.472E-04 -2.276E-03 6.937E-04
8.572000E+02 -1.133E-03 3.457E-04 -2.264E-03 6.906E-04
8.575000E+02 -1.116E-03 3.415E-04 -2.230E-03 6.822E-04
8.580000E+02 -1.100E-03 3.360E-04 -2.199E-03 6.712E-04
8.590000E+02 -1.068E-03 3.283E-04 -2.135E-03 6.559E-04
8.600000E+02 -1.044E-03 3.232E-04 -2.086E-03 6.457E-04
8.700000E+02 -9.484E-04 3.025E-04 -1.896E-03 6.044E-04
8.800000E+02 -9.114E-04 2.903E-04 -1.822E-03 5.800E-04
9.000000E+02 -8.669E-04 2.690E-04 -1.733E-03 5.376E-04
9.500000E+02 -7.833E-04 2.245E-04 -1.566E-03 4.486E-04
1.000000E+03 -7.137E-04 1.887E-04 -1.427E-03 3.772E-04
1.050000E+03 -6.512E-04 1.598E-04 -1.302E-03 3.194E-04
1.100000E+03 -5.972E-04 1.361E-04 -1.194E-03 2.721E-04
1.150000E+03 -5.436E-04 1.167E-04 -1.087E-03 2.332E-04
1.200000E+03 -4.956E-04 1.005E-04 -9.910E-04 2.010E-04
1.250000E+03 -4.449E-04 8.724E-05 -8.895E-04 1.744E-04
1.290000E+03 -3.668E-04 7.968E-05 -7.335E-04 1.593E-04
1.300000E+03 -2.692E-04 8.647E-05 -5.384E-04 1.729E-04
1.303000E+03 -1.552E-04 1.075E-04 -3.104E-04 2.150E-04
1.304000E+03 -6.320E-05 1.318E-04 -1.264E-04 2.636E-04
1.305000E+03  1.719E-04 1.985E-04  3.439E-04 3.970E-04
1.305500E+03  4.622E-04 2.850E-04  9.245E-04 5.702E-04
1.306000E+03  1.856E-04 4.954E-04  3.711E-04 9.910E-04
1.306400E+03 -1.636E-04 9.372E-04 -3.280E-04 1.874E-03
1.306600E+03 -2.676E-04 1.358E-03 -5.369E-04 2.716E-03
1.306800E+03 -3.433E-04 1.890E-03 -6.900E-04 3.779E-03
1.306900E+03 -3.749E-04 2.099E-03 -7.541E-04 4.197E-03
1.307000E+03 -4.066E-04 2.180E-03 -8.177E-04 4.359E-03
1.307100E+03 -4.387E-04 2.099E-03 -8.816E-04 4.196E-03
1.307200E+03 -4.715E-04 1.889E-03 -9.464E-04 3.777E-03
1.307400E+03 -5.497E-04 1.358E-03 -1.101E-03 2.715E-03
1.307600E+03 -6.553E-04 9.371E-04 -1.311E-03 1.873E-03
1.308000E+03 -1.006E-03 4.954E-04 -2.012E-03 9.899E-04
1.308500E+03 -1.284E-03 2.848E-04 -2.566E-03 5.689E-04
1.309000E+03 -9.915E-04 1.979E-04 -1.982E-03 3.954E-04
1.310000E+03 -7.473E-04 1.307E-04 -1.494E-03 2.612E-04
1.310500E+03 -6.932E-04 1.158E-04 -1.386E-03 2.314E-04
1.310800E+03 -6.682E-04 1.094E-04 -1.336E-03 2.187E-04
1.310900E+03 -6.612E-04 1.076E-04 -1.322E-03 2.151E-04
1.310950E+03 -6.577E-04 1.068E-04 -1.315E-03 2.134E-04
1.310980E+03 -6.552E-04 1.063E-04 -1.310E-03 2.124E-04
1.310990E+03 -6.547E-04 1.061E-04 -1.309E-03 2.121E-04
1.310995E+03 -6.542E-04 1.060E-04 -1.308E-03 2.119E-04
1.310998E+03 -6.542E-04 1.060E-04 -1.308E-03 2.118E-04
1.311002E+03 -6.537E-04 1.262E-04 -1.307E-03 2.523E-04
1.311005E+03 -6.537E-04 1.262E-04 -1.307E-03 2.522E-04
1.311010E+03 -6.532E-04 1.261E-04 -1.306E-03 2.521E-04
1.311020E+03 -6.527E-04 1.259E-04 -1.305E-03 2.517E-04
1.311050E+03 -6.507E-04 1.255E-04 -1.301E-03 2.508E-04
1.311100E+03 -6.477E-04 1.247E-04 -1.295E-03 2.493E-04
1.311200E+03 -6.417E-04 1.232E-04 -1.283E-03 2.463E-04
1.311500E+03 -6.252E-04 1.194E-04 -1.250E-03 2.387E-04
1.312000E+03 -6.022E-04 1.145E-04 -1.204E-03 2.288E-04
1.313000E+03 -5.757E-04 1.079E-04 -1.151E-03 2.157E-04
1.314000E+03 -5.532E-04 1.038E-04 -1.106E-03 2.075E-04
1.315000E+03 -5.356E-04 1.011E-04 -1.071E-03 2.020E-04
1.320000E+03 -4.879E-04 9.475E-05 -9.755E-04 1.894E-04
1.330000E+03 -4.515E-04 9.024E-05 -9.027E-04 1.804E-04
1.350000E+03 -4.228E-04 8.499E-05 -8.455E-04 1.699E-04
1.400000E+03 -3.870E-04 7.458E-05 -7.738E-04 1.491E-04
1.450000E+03 -3.600E-04 6.582E-05 -7.199E-04 1.316E-04
1.500000E+03 -3.363E-04 5.837E-05 -6.724E-04 1.167E-04
1.550000E+03 -3.148E-04 5.192E-05 -6.295E-04 1.038E-04
1.600000E+03 -2.948E-04 4.633E-05 -5.896E-04 9.263E-05
1.650000E+03 -2.763E-04 4.148E-05 -5.525E-04 8.294E-05
1.700000E+03 -2.587E-04 3.725E-05 -5.174E-04 7.449E-05
1.750000E+03 -2.410E-04 3.357E-05 -4.820E-04 6.712E-05
1.800000E+03 -2.189E-04 3.042E-05 -4.377E-04 6.083E-05
1.820000E+03 -2.012E-04 2.961E-05 -4.024E-04 5.920E-05
1.830000E+03 -1.784E-04 3.025E-05 -3.568E-04 6.048E-05
1.836000E+03 -1.341E-04 3.593E-05 -2.682E-04 7.186E-05
1.838000E+03 -8.991E-05 4.339E-05 -1.798E-04 8.677E-05
1.839000E+03 -3.486E-05 5.495E-05 -6.973E-05 1.099E-04
1.840000E+03  1.793E-04 8.653E-05  3.586E-04 1.731E-04
1.840500E+03  4.555E-05 1.275E-04  9.109E-05 2.550E-04
1.841000E+03 -1.173E-04 2.271E-04 -2.347E-04 4.541E-04
1.841400E+03 -1.724E-04 4.361E-04 -3.449E-04 8.720E-04
1.841600E+03 -1.883E-04 6.351E-04 -3.770E-04 1.270E-03
1.841800E+03 -2.002E-04 8.862E-04 -4.011E-04 1.772E-03
1.841900E+03 -2.060E-04 9.852E-04 -4.130E-04 1.970E-03
1.842000E+03 -2.122E-04 1.023E-03 -4.253E-04 2.046E-03
1.842100E+03 -2.184E-04 9.852E-04 -4.377E-04 1.970E-03
1.842200E+03 -2.247E-04 8.862E-04 -4.502E-04 1.772E-03
1.842400E+03 -2.377E-04 6.352E-04 -4.757E-04 1.270E-03
1.842600E+03 -2.543E-04 4.359E-04 -5.087E-04 8.716E-04
1.843000E+03 -3.091E-04 2.270E-04 -6.181E-04 4.538E-04
1.843500E+03 -4.713E-04 1.274E-04 -9.424E-04 2.547E-04
1.844000E+03 -6.052E-04 8.635E-05 -1.210E-03 1.726E-04
1.845000E+03 -3.883E-04 5.462E-05 -7.764E-04 1.092E-04
1.845500E+03 -3.546E-04 4.758E-05 -7.090E-04 9.513E-05
1.845800E+03 -3.406E-04 4.460E-05 -6.810E-04 8.916E-05
1.845900E+03 -3.366E-04 4.374E-05 -6.731E-04 8.746E-05
1.845950E+03 -3.347E-04 4.334E-05 -6.693E-04 8.666E-05
1.845980E+03 -3.336E-04 4.311E-05 -6.671E-04 8.619E-05
1.845990E+03 -3.333E-04 4.303E-05 -6.664E-04 8.604E-05
1.845995E+03 -3.331E-04 4.299E-05 -6.661E-04 8.596E-05
1.845998E+03 -3.330E-04 4.297E-05 -6.658E-04 8.592E-05
1.846002E+03 -3.328E-04 5.257E-05 -6.655E-04 1.051E-04
1.846005E+03 -3.327E-04 5.257E-05 -6.653E-04 1.051E-04
1.846010E+03 -3.326E-04 5.252E-05 -6.650E-04 1.050E-04
1.846020E+03 -3.322E-04 5.247E-05 -6.642E-04 1.049E-04
1.846050E+03 -3.311E-04 5.222E-05 -6.621E-04 1.044E-04
1.846100E+03 -3.294E-04 5.187E-05 -6.586E-04 1.037E-04
1.846200E+03 -3.261E-04 5.117E-05 -6.520E-04 1.023E-04
1.846500E+03 -3.172E-04 4.939E-05 -6.343E-04 9.875E-05
1.847000E+03 -3.058E-04 4.707E-05 -6.115E-04 9.411E-05
1.848000E+03 -2.919E-04 4.401E-05 -5.838E-04 8.799E-05
1.850000E+03 -2.723E-04 4.087E-05 -5.446E-04 8.172E-05
1.900000E+03 -2.182E-04 3.374E-05 -4.364E-04 6.747E-05
2.000000E+03 -1.948E-04 2.808E-05 -3.895E-04 5.614E-05
2.100000E+03 -1.772E-04 2.358E-05 -3.544E-04 4.716E-05
2.200000E+03 -1.619E-04 1.995E-05 -3.237E-04 3.990E-05
2.300000E+03 -1.482E-04 1.699E-05 -2.963E-04 3.398E-05
2.400000E+03 -1.365E-04 1.456E-05 -2.729E-04 2.912E-05
2.500000E+03 -1.255E-04 1.258E-05 -2.510E-04 2.515E-05
2.600000E+03 -1.163E-04 1.088E-05 -2.325E-04 2.175E-05
2.700000E+03 -1.077E-04 9.466E-06 -2.154E-04 1.893E-05
2.800000E+03 -1.004E-04 8.286E-06 -2.007E-04 1.657E-05
2.900000E+03 -9.341E-05 7.276E-06 -1.868E-04 1.455E-05
3.000000E+03 -8.705E-05 6.421E-06 -1.741E-04 1.284E-05
3.200000E+03 -7.690E-05 5.050E-06 -1.538E-04 1.010E-05
3.400000E+03 -6.770E-05 4.029E-06 -1.354E-04 8.058E-06
3.600000E+03 -6.010E-05 3.253E-06 -1.202E-04 6.506E-06
3.800000E+03 -5.395E-05 2.655E-06 -1.079E-04 5.310E-06
4.000000E+03 -4.898E-05 2.189E-06 -9.796E-05 4.377E-06
4.200000E+03 -4.394E-05 1.820E-06 -8.787E-05 3.640E-06
4.400000E+03 -4.002E-05 1.526E-06 -8.003E-05 3.052E-06
4.600000E+03 -3.660E-05 1.289E-06 -7.319E-05 2.578E-06
4.800000E+03 -3.363E-05 1.096E-06 -6.725E-05 2.192E-06
5.000000E+03 -3.128E-05 9.385E-07 -6.255E-05 1.877E-06
5.500000E+03 -2.530E-05 6.520E-07 -5.059E-05 1.304E-06
6.000000E+03 -2.105E-05 4.668E-07 -4.210E-05 9.336E-07
6.500000E+03 -1.789E-05 3.432E-07 -3.578E-05 6.863E-07
6.900000E+03 -1.512E-05 2.746E-07 -3.024E-05 5.492E-07
7.000000E+03 -1.421E-05 2.621E-07 -2.842E-05 5.242E-07
7.050000E+03 -1.295E-05 2.638E-07 -2.589E-05 5.275E-07
7.080000E+03 -1.142E-05 2.867E-07 -2.284E-05 5.734E-07
7.100000E+03 -7.995E-06 4.043E-07 -1.599E-05 8.086E-07
7.110000E+03  5.233E-08 8.830E-07  1.047E-07 1.766E-06
7.116000E+03 -1.185E-05 4.192E-06 -2.370E-05 8.384E-06
7.117000E+03 -1.272E-05 7.180E-06 -2.543E-05 1.436E-05
7.118000E+03 -1.338E-05 1.535E-05 -2.676E-05 3.070E-05
7.118500E+03 -1.361E-05 2.593E-05 -2.723E-05 5.186E-05
7.119000E+03 -1.381E-05 5.165E-05 -2.762E-05 1.033E-04
7.119400E+03 -1.391E-05 1.057E-04 -2.784E-05 2.114E-04
7.119600E+03 -1.393E-05 1.575E-04 -2.789E-05 3.149E-04
7.119800E+03 -1.394E-05 2.228E-04 -2.793E-05 4.455E-04
7.119900E+03 -1.395E-05 2.486E-04 -2.796E-05 4.972E-04
7.120000E+03 -1.397E-05 2.587E-04 -2.801E-05 5.173E-04
7.120100E+03 -1.402E-05 2.486E-04 -2.810E-05 4.972E-04
7.120200E+03 -1.408E-05 2.228E-04 -2.821E-05 4.455E-04
7.120400E+03 -1.422E-05 1.574E-04 -2.846E-05 3.148E-04
7.120600E+03 -1.434E-05 1.057E-04 -2.869E-05 2.114E-04
7.121000E+03 -1.453E-05 5.165E-05 -2.907E-05 1.033E-04
7.121500E+03 -1.473E-05 2.593E-05 -2.947E-05 5.186E-05
7.122000E+03 -1.493E-05 1.535E-05 -2.986E-05 3.070E-05
7.123000E+03 -1.534E-05 7.180E-06 -3.068E-05 1.436E-05
7.123500E+03 -1.579E-05 5.375E-06 -3.158E-05 1.075E-05
7.123800E+03 -1.615E-05 4.611E-06 -3.230E-05 9.222E-06
7.123900E+03 -1.628E-05 4.393E-06 -3.255E-05 8.786E-06
7.123950E+03 -1.634E-05 4.290E-06 -3.268E-05 8.579E-06
7.123980E+03 -1.638E-05 4.230E-06 -3.275E-05 8.460E-06
7.123990E+03 -1.639E-05 4.210E-06 -3.278E-05 8.420E-06
7.123995E+03 -1.640E-05 4.201E-06 -3.279E-05 8.401E-06
7.123998E+03 -1.640E-05 4.195E-06 -3.280E-05 8.390E-06
7.124002E+03 -1.641E-05 4.808E-06 -3.281E-05 9.615E-06
7.124005E+03 -1.641E-05 4.802E-06 -3.282E-05 9.604E-06
7.124010E+03 -1.642E-05 4.793E-06 -3.283E-05 9.585E-06
7.124020E+03 -1.643E-05 4.773E-06 -3.286E-05 9.545E-06
7.124050E+03 -1.647E-05 4.716E-06 -3.294E-05 9.432E-06
7.124100E+03 -1.654E-05 4.624E-06 -3.307E-05 9.247E-06
7.124200E+03 -1.672E-05 4.449E-06 -3.343E-05 8.898E-06
7.124500E+03 -1.742E-05 3.992E-06 -3.484E-05 7.984E-06
7.125000E+03 -1.909E-05 3.403E-06 -3.818E-05 6.806E-06
7.126000E+03 -2.924E-05 2.631E-06 -5.848E-05 5.262E-06
7.127000E+03 -9.760E-05 2.163E-06 -1.952E-04 4.326E-06
7.128000E+03 -4.755E-05 1.859E-06 -9.509E-05 3.717E-06
7.130000E+03 -2.847E-05 1.499E-06 -5.694E-05 2.998E-06
7.140000E+03 -2.096E-05 1.015E-06 -4.191E-05 2.029E-06
7.150000E+03 -1.853E-05 9.210E-07 -3.705E-05 1.842E-06
7.200000E+03 -1.598E-05 8.385E-07 -3.195E-05 1.677E-06
7.300000E+03 -1.491E-05 7.900E-07 -2.981E-05 1.580E-06
7.400000E+03 -1.421E-05 7.510E-07 -2.842E-05 1.502E-06
7.500000E+03 -1.378E-05 7.145E-07 -2.755E-05 1.429E-06
7.600000E+03 -1.341E-05 6.810E-07 -2.681E-05 1.362E-06
7.800000E+03 -1.273E-05 6.190E-07 -2.545E-05 1.238E-06
8.000000E+03 -1.209E-05 5.645E-07 -2.418E-05 1.129E-06
8.200000E+03 -1.154E-05 5.155E-07 -2.308E-05 1.031E-06
8.400000E+03 -1.100E-05 4.718E-07 -2.199E-05 9.436E-07
8.600000E+03 -1.055E-05 4.327E-07 -2.109E-05 8.653E-07
8.800000E+03 -1.004E-05 3.975E-07 -2.007E-05 7.950E-07
9.000000E+03 -9.635E-06 3.659E-07 -1.927E-05 7.317E-07
9.500000E+03 -8.630E-06 2.995E-07 -1.726E-05 5.990E-07
1.000000E+04 -7.810E-06 2.476E-07 -1.562E-05 4.951E-07
1.100000E+04 -6.510E-06 1.735E-07 -1.302E-05 3.469E-07
1.200000E+04 -5.435E-06 1.251E-07 -1.087E-05 2.502E-07
1.400000E+04 -3.986E-06 6.990E-08 -7.972E-06 1.398E-07
1.600000E+04 -3.040E-06 4.203E-08 -6.080E-06 8.405E-08
1.800000E+04 -2.399E-06 2.676E-08 -4.797E-06 5.352E-08
2.000000E+04 -1.946E-06 1.784E-08 -3.891E-06 3.567E-08
