?? = ICOMP amorphous carbon assuming porous spheres by Rouleau&Martin 91
   E(eV)       Re(m)-1    Im(m)    Re(eps)-1  Im(eps)
 4.12700E-03  5.733E+00 7.747E+00 -1.568E+01 1.043E+02
 4.36900E-03  5.191E+00 7.009E+00 -1.180E+01 8.679E+01
 4.62400E-03  5.100E+00 6.390E+00 -4.622E+00 7.796E+01
 4.89500E-03  4.989E+00 5.933E+00 -3.324E-01 7.107E+01
 5.18100E-03  4.935E+00 5.526E+00  3.688E+00 6.559E+01
 5.48500E-03  4.889E+00 5.199E+00  6.651E+00 6.123E+01
 5.80600E-03  4.842E+00 4.913E+00  8.991E+00 5.740E+01
 6.14500E-03  4.798E+00 4.660E+00  1.090E+01 5.404E+01
 6.50500E-03  4.753E+00 4.435E+00  1.243E+01 5.103E+01
 6.88600E-03  4.708E+00 4.234E+00  1.365E+01 4.834E+01
 7.28900E-03  4.659E+00 4.052E+00  1.461E+01 4.586E+01
 7.71600E-03  4.606E+00 3.886E+00  1.533E+01 4.357E+01
 8.16700E-03  4.548E+00 3.730E+00  1.587E+01 4.139E+01
 8.64500E-03  4.490E+00 3.579E+00  1.633E+01 3.930E+01
 9.15100E-03  4.434E+00 3.436E+00  1.672E+01 3.734E+01
 9.68700E-03  4.382E+00 3.300E+00  1.708E+01 3.552E+01
 1.02500E-02  4.332E+00 3.174E+00  1.736E+01 3.385E+01
 1.08500E-02  4.282E+00 3.057E+00  1.755E+01 3.229E+01
 1.14900E-02  4.231E+00 2.948E+00  1.767E+01 3.084E+01
 1.21600E-02  4.173E+00 2.843E+00  1.768E+01 2.941E+01
 1.28700E-02  4.122E+00 2.725E+00  1.781E+01 2.791E+01
 1.36300E-02  4.093E+00 2.627E+00  1.804E+01 2.676E+01
 1.44200E-02  4.050E+00 2.543E+00  1.804E+01 2.568E+01
 1.52700E-02  4.012E+00 2.454E+00  1.810E+01 2.460E+01
 1.61600E-02  3.981E+00 2.385E+00  1.812E+01 2.376E+01
 1.71100E-02  3.930E+00 2.324E+00  1.790E+01 2.291E+01
 1.81100E-02  3.890E+00 2.249E+00  1.785E+01 2.200E+01
 1.91700E-02  3.845E+00 2.196E+00  1.765E+01 2.128E+01
 2.02900E-02  3.795E+00 2.132E+00  1.745E+01 2.045E+01
 2.14800E-02  3.757E+00 2.068E+00  1.735E+01 1.967E+01
 2.27400E-02  3.726E+00 2.020E+00  1.725E+01 1.909E+01
 2.40700E-02  3.681E+00 1.991E+00  1.695E+01 1.864E+01
 2.54700E-02  3.615E+00 1.956E+00  1.647E+01 1.805E+01
 2.69700E-02  3.546E+00 1.898E+00  1.606E+01 1.726E+01
 2.85400E-02  3.497E+00 1.828E+00  1.588E+01 1.644E+01
 3.02100E-02  3.468E+00 1.770E+00  1.583E+01 1.582E+01
 3.19800E-02  3.437E+00 1.734E+00  1.568E+01 1.539E+01
 3.38500E-02  3.390E+00 1.701E+00  1.538E+01 1.493E+01
 3.58400E-02  3.347E+00 1.651E+00  1.517E+01 1.435E+01
 3.79300E-02  3.320E+00 1.648E+00  1.495E+01 1.424E+01
 4.01500E-02  3.254E+00 1.590E+00  1.457E+01 1.353E+01
 4.25000E-02  3.205E+00 1.565E+00  1.423E+01 1.316E+01
 4.49900E-02  3.162E+00 1.514E+00  1.403E+01 1.260E+01
 4.76200E-02  3.111E+00 1.438E+00  1.383E+01 1.182E+01
 5.04100E-02  3.053E+00 1.444E+00  1.334E+01 1.171E+01
 5.33600E-02  3.005E+00 1.400E+00  1.308E+01 1.121E+01
 5.64800E-02  2.955E+00 1.390E+00  1.271E+01 1.099E+01
 5.97900E-02  2.902E+00 1.329E+00  1.246E+01 1.037E+01
 6.32900E-02  2.886E+00 1.278E+00  1.247E+01 9.933E+00
 6.69900E-02  2.856E+00 1.272E+00  1.225E+01 9.810E+00
 7.09100E-02  2.825E+00 1.225E+00  1.213E+01 9.371E+00
 7.50600E-02  2.804E+00 1.221E+00  1.198E+01 9.289E+00
 7.94600E-02  2.766E+00 1.188E+00  1.177E+01 8.948E+00
 8.41100E-02  2.749E+00 1.168E+00  1.169E+01 8.758E+00
 8.90300E-02  2.721E+00 1.162E+00  1.150E+01 8.648E+00
 9.42400E-02  2.683E+00 1.149E+00  1.124E+01 8.464E+00
 9.97600E-02  2.652E+00 1.130E+00  1.106E+01 8.254E+00
 1.05600E-01  2.626E+00 1.122E+00  1.089E+01 8.137E+00
 1.11800E-01  2.582E+00 1.115E+00  1.059E+01 7.988E+00
 1.18300E-01  2.561E+00 1.089E+00  1.049E+01 7.756E+00
 1.25200E-01  2.533E+00 1.102E+00  1.027E+01 7.787E+00
 1.32600E-01  2.493E+00 1.107E+00  9.976E+00 7.734E+00
 1.40300E-01  2.434E+00 1.119E+00  9.540E+00 7.685E+00
 1.48500E-01  2.358E+00 1.105E+00  9.055E+00 7.421E+00
 1.57200E-01  2.298E+00 1.070E+00  8.732E+00 7.058E+00
 1.66400E-01  2.243E+00 1.026E+00  8.464E+00 6.655E+00
 1.76200E-01  2.210E+00 9.828E-01  8.338E+00 6.310E+00
 1.86500E-01  2.177E+00 9.370E-01  8.215E+00 5.954E+00
 1.97400E-01  2.156E+00 8.951E-01  8.159E+00 5.650E+00
 2.09000E-01  2.152E+00 8.522E-01  8.209E+00 5.372E+00
 2.21200E-01  2.159E+00 8.323E-01  8.287E+00 5.258E+00
 2.34100E-01  2.155E+00 8.316E-01  8.262E+00 5.247E+00
 2.47800E-01  2.139E+00 8.320E-01  8.161E+00 5.223E+00
 2.62300E-01  2.117E+00 8.297E-01  8.027E+00 5.172E+00
 2.77700E-01  2.094E+00 8.237E-01  7.894E+00 5.097E+00
 2.94000E-01  2.072E+00 8.170E-01  7.770E+00 5.020E+00
 3.11200E-01  2.051E+00 8.100E-01  7.653E+00 4.943E+00
 3.29400E-01  2.033E+00 8.019E-01  7.556E+00 4.864E+00
 3.48600E-01  2.025E+00 7.988E-01  7.513E+00 4.833E+00
 3.69000E-01  2.003E+00 8.198E-01  7.346E+00 4.924E+00
 3.90600E-01  1.965E+00 8.199E-01  7.119E+00 4.862E+00
 4.13500E-01  1.939E+00 8.171E-01  6.970E+00 4.803E+00
 4.37700E-01  1.911E+00 8.186E-01  6.804E+00 4.766E+00
 4.63300E-01  1.881E+00 8.190E-01  6.629E+00 4.719E+00
 4.90400E-01  1.851E+00 8.189E-01  6.458E+00 4.669E+00
 5.19200E-01  1.819E+00 8.191E-01  6.276E+00 4.618E+00
 5.49500E-01  1.786E+00 8.162E-01  6.096E+00 4.548E+00
 5.81700E-01  1.754E+00 8.098E-01  5.929E+00 4.460E+00
 6.15700E-01  1.725E+00 8.038E-01  5.780E+00 4.381E+00
 6.51800E-01  1.695E+00 7.988E-01  5.625E+00 4.306E+00
 6.89900E-01  1.668E+00 7.912E-01  5.492E+00 4.222E+00
 7.30300E-01  1.641E+00 7.862E-01  5.357E+00 4.153E+00
 7.73000E-01  1.614E+00 7.786E-01  5.227E+00 4.071E+00
 8.18300E-01  1.593E+00 7.710E-01  5.129E+00 3.998E+00
 8.66200E-01  1.572E+00 7.716E-01  5.020E+00 3.969E+00
 9.16900E-01  1.546E+00 7.711E-01  4.888E+00 3.926E+00
 9.70500E-01  1.522E+00 7.693E-01  4.769E+00 3.880E+00
 1.02700E+00  1.499E+00 7.711E-01  4.650E+00 3.854E+00
 1.08700E+00  1.472E+00 7.741E-01  4.512E+00 3.827E+00
 1.15100E+00  1.443E+00 7.753E-01  4.367E+00 3.788E+00
 1.21800E+00  1.415E+00 7.742E-01  4.233E+00 3.739E+00
 1.29000E+00  1.389E+00 7.731E-01  4.110E+00 3.694E+00
 1.36500E+00  1.363E+00 7.730E-01  3.986E+00 3.653E+00
 1.44500E+00  1.339E+00 7.743E-01  3.871E+00 3.622E+00
 1.53000E+00  1.314E+00 7.796E-01  3.747E+00 3.608E+00
 1.61900E+00  1.283E+00 7.888E-01  3.590E+00 3.602E+00
 1.71400E+00  1.249E+00 7.858E-01  3.441E+00 3.535E+00
 1.81400E+00  1.228E+00 7.894E-01  3.341E+00 3.518E+00
 1.92100E+00  1.193E+00 8.046E-01  3.162E+00 3.529E+00
 2.03300E+00  1.150E+00 8.088E-01  2.968E+00 3.478E+00
 2.15200E+00  1.110E+00 8.066E-01  2.801E+00 3.404E+00
 2.27800E+00  1.073E+00 8.034E-01  2.652E+00 3.331E+00
 2.41100E+00  1.035E+00 8.002E-01  2.501E+00 3.257E+00
 2.55200E+00  9.970E-01 7.952E-01  2.356E+00 3.176E+00
 2.70200E+00  9.590E-01 7.888E-01  2.215E+00 3.091E+00
 2.86000E+00  9.210E-01 7.827E-01  2.078E+00 3.007E+00
 3.02700E+00  8.800E-01 7.746E-01  1.934E+00 2.912E+00
 3.20400E+00  8.390E-01 7.602E-01  1.804E+00 2.796E+00
 3.39200E+00  8.020E-01 7.416E-01  1.697E+00 2.673E+00
 3.59000E+00  7.690E-01 7.240E-01  1.605E+00 2.562E+00
 3.80100E+00  7.330E-01 7.070E-01  1.503E+00 2.450E+00
 4.02300E+00  6.960E-01 6.826E-01  1.410E+00 2.315E+00
 4.25900E+00  6.670E-01 6.468E-01  1.361E+00 2.156E+00
 4.50800E+00  6.480E-01 6.193E-01  1.332E+00 2.041E+00
 4.77200E+00  6.290E-01 5.847E-01  1.312E+00 1.905E+00
 5.05100E+00  6.210E-01 5.491E-01  1.326E+00 1.780E+00
 5.34600E+00  6.360E-01 5.162E-01  1.410E+00 1.689E+00
 5.65900E+00  6.460E-01 5.180E-01  1.441E+00 1.705E+00
 5.99100E+00  6.370E-01 5.142E-01  1.415E+00 1.683E+00
 6.34100E+00  6.650E-01 5.077E-01  1.514E+00 1.691E+00
 6.71200E+00  6.010E-01 4.917E-01  1.321E+00 1.574E+00
 7.10500E+00  6.410E-01 4.801E-01  1.462E+00 1.576E+00
 7.52100E+00  6.400E-01 4.620E-01  1.476E+00 1.515E+00
 7.96100E+00  6.770E-01 4.819E-01  1.580E+00 1.616E+00
 8.42700E+00  6.820E-01 5.009E-01  1.578E+00 1.685E+00
 8.92000E+00  7.030E-01 5.342E-01  1.615E+00 1.819E+00
 9.44200E+00  7.080E-01 5.778E-01  1.583E+00 1.974E+00
 9.99500E+00  7.050E-01 6.354E-01  1.503E+00 2.167E+00
 1.05800E+01  6.860E-01 7.010E-01  1.351E+00 2.364E+00
 1.12000E+01  6.410E-01 7.661E-01  1.106E+00 2.514E+00
 1.18500E+01  5.830E-01 8.304E-01  8.163E-01 2.629E+00
 1.25500E+01  4.950E-01 8.768E-01  4.662E-01 2.622E+00
 1.32800E+01  4.040E-01 9.082E-01  1.464E-01 2.550E+00
 1.40600E+01  3.100E-01 9.159E-01 -1.228E-01 2.400E+00
 1.48800E+01  2.160E-01 9.088E-01 -3.473E-01 2.210E+00
 1.57500E+01  1.250E-01 8.929E-01 -5.316E-01 2.009E+00
 1.66800E+01  3.300E-02 8.580E-01 -6.691E-01 1.773E+00
 1.76500E+01 -5.000E-02 8.049E-01 -7.454E-01 1.529E+00
 1.86900E+01 -1.125E-01 7.410E-01 -7.614E-01 1.315E+00
 1.97800E+01 -1.584E-01 6.755E-01 -7.480E-01 1.137E+00
 2.09400E+01 -1.948E-01 6.178E-01 -7.333E-01 9.949E-01
 2.21600E+01 -2.307E-01 5.606E-01 -7.224E-01 8.625E-01
 2.34600E+01 -2.620E-01 4.948E-01 -7.002E-01 7.303E-01
 2.48300E+01 -2.778E-01 4.219E-01 -6.564E-01 6.094E-01
 2.62900E+01 -2.750E-01 3.548E-01 -6.003E-01 5.145E-01
 2.78200E+01 -2.633E-01 3.015E-01 -5.482E-01 4.442E-01
 2.94500E+01 -2.535E-01 2.608E-01 -5.108E-01 3.894E-01
 3.11800E+01 -2.462E-01 2.201E-01 -4.802E-01 3.318E-01
 3.30000E+01 -2.339E-01 1.783E-01 -4.449E-01 2.732E-01
 3.49300E+01 -2.136E-01 1.440E-01 -4.023E-01 2.265E-01
 3.69800E+01 -1.991E-01 1.171E-01 -3.723E-01 1.876E-01
 3.91400E+01 -1.685E-01 9.642E-02 -3.179E-01 1.603E-01
 4.14300E+01 -1.618E-01 7.810E-02 -3.035E-01 1.309E-01
 4.38600E+01 -1.429E-01 6.397E-02 -2.695E-01 1.097E-01
 4.64200E+01 -1.276E-01 5.238E-02 -2.417E-01 9.139E-02
 4.91400E+01 -1.139E-01 4.300E-02 -2.167E-01 7.620E-02
 5.20200E+01 -1.017E-01 3.535E-02 -1.943E-01 6.351E-02
 5.50600E+01 -9.050E-02 2.912E-02 -1.737E-01 5.297E-02
 5.82800E+01 -8.070E-02 2.402E-02 -1.555E-01 4.416E-02
 6.16900E+01 -7.170E-02 1.984E-02 -1.387E-01 3.683E-02
 6.53000E+01 -6.410E-02 1.637E-02 -1.244E-01 3.064E-02
 6.91300E+01 -5.690E-02 1.352E-02 -1.107E-01 2.550E-02
 7.31700E+01 -4.940E-02 1.125E-02 -9.649E-02 2.139E-02
 7.74600E+01 -4.500E-02 9.441E-03 -8.806E-02 1.803E-02
 8.19900E+01 -4.060E-02 7.961E-03 -7.961E-02 1.528E-02
 8.67900E+01 -3.500E-02 6.716E-03 -6.882E-02 1.296E-02
 9.18700E+01 -3.160E-02 5.614E-03 -6.223E-02 1.087E-02
 9.72400E+01 -2.800E-02 4.648E-03 -5.524E-02 9.036E-03
 1.02900E+02 -2.500E-02 3.836E-03 -4.939E-02 7.480E-03
 1.09000E+02 -2.210E-02 3.192E-03 -4.372E-02 6.243E-03
 1.15300E+02 -1.960E-02 2.691E-03 -3.882E-02 5.277E-03
 1.22100E+02 -1.740E-02 2.287E-03 -3.450E-02 4.494E-03
 1.29200E+02 -1.540E-02 1.942E-03 -3.057E-02 3.824E-03
 1.36800E+02 -1.370E-02 1.630E-03 -2.722E-02 3.215E-03
 1.44800E+02 -1.210E-02 1.353E-03 -2.406E-02 2.673E-03
 1.53300E+02 -1.070E-02 1.123E-03 -2.129E-02 2.222E-03
 1.62200E+02 -9.500E-03 9.319E-04 -1.891E-02 1.846E-03
 1.71700E+02 -8.300E-03 7.732E-04 -1.653E-02 1.534E-03
 1.81800E+02 -7.300E-03 6.410E-04 -1.455E-02 1.273E-03
 1.92400E+02 -6.400E-03 5.310E-04 -1.276E-02 1.055E-03
 2.03700E+02 -5.500E-03 4.381E-04 -1.097E-02 8.714E-04
 2.15600E+02 -4.700E-03 3.605E-04 -9.378E-03 7.176E-04
 2.28200E+02 -4.000E-03 2.965E-04 -7.984E-03 5.906E-04
 2.41600E+02 -3.200E-03 2.440E-04 -6.390E-03 4.864E-04
 2.55700E+02 -2.600E-03 2.003E-04 -5.193E-03 3.996E-04
 2.70700E+02 -8.000E-04 1.658E-04 -1.599E-03 3.313E-04
 2.86500E+02 -1.300E-03 3.445E-03 -2.610E-03 6.881E-03
 3.03300E+02 -1.500E-03 2.838E-03 -3.006E-03 5.667E-03
 3.21100E+02 -2.400E-03 2.338E-03 -4.800E-03 4.665E-03
 3.39900E+02 -2.500E-03 1.928E-03 -4.997E-03 3.846E-03
 3.59700E+02 -2.400E-03 1.587E-03 -4.797E-03 3.166E-03
 3.80800E+02 -2.300E-03 1.299E-03 -4.596E-03 2.592E-03
 4.03100E+02 -2.200E-03 1.055E-03 -4.396E-03 2.105E-03
 4.26700E+02 -2.000E-03 8.680E-04 -3.997E-03 1.733E-03
 4.51700E+02 -1.800E-03 7.156E-04 -3.597E-03 1.429E-03
 4.78100E+02 -1.700E-03 5.853E-04 -3.397E-03 1.169E-03
 5.06100E+02 -1.500E-03 4.787E-04 -2.998E-03 9.560E-04
 5.35700E+02 -1.400E-03 3.941E-04 -2.798E-03 7.871E-04
 5.67000E+02 -1.200E-03 3.209E-04 -2.399E-03 6.410E-04
 6.00200E+02 -1.100E-03 2.617E-04 -2.199E-03 5.228E-04
 6.35400E+02 -1.000E-03 2.131E-04 -1.999E-03 4.258E-04
 6.72500E+02 -9.000E-04 1.721E-04 -1.799E-03 3.439E-04
 7.11900E+02 -8.000E-04 1.420E-04 -1.599E-03 2.838E-04
 7.53600E+02 -7.000E-04 1.149E-04 -1.400E-03 2.296E-04
 7.97700E+02 -5.999E-04 9.256E-05 -1.199E-03 1.850E-04
 8.44400E+02 -5.999E-04 7.498E-05 -1.199E-03 1.499E-04
 8.93800E+02  0.000E+00 6.048E-05  0.000E+00 1.210E-04
 9.46100E+02  0.000E+00 4.883E-05  0.000E+00 9.766E-05
 1.00100E+03  0.000E+00 3.950E-05  0.000E+00 7.900E-05
 1.06000E+03  0.000E+00 3.171E-05  0.000E+00 6.342E-05
 1.12200E+03  0.000E+00 2.560E-05  0.000E+00 5.120E-05
 1.18800E+03  0.000E+00 2.063E-05  0.000E+00 4.126E-05
 1.25700E+03  0.000E+00 1.649E-05  0.000E+00 3.298E-05
 1.33100E+03  0.000E+00 1.322E-05  0.000E+00 2.644E-05
 1.40900E+03  0.000E+00 1.062E-05  0.000E+00 2.124E-05
 1.49100E+03  0.000E+00 8.546E-06  0.000E+00 1.709E-05
 1.57800E+03  0.000E+00 6.840E-06  0.000E+00 1.368E-05
 1.67100E+03  0.000E+00 5.477E-06  0.000E+00 1.095E-05
 1.76900E+03  0.000E+00 4.388E-06  0.000E+00 8.776E-06
 1.87200E+03  0.000E+00 3.504E-06  0.000E+00 7.008E-06
 1.98200E+03  0.000E+00 2.797E-06  0.000E+00 5.594E-06
 2.09800E+03  0.000E+00 2.235E-06  0.000E+00 4.470E-06
 2.22100E+03  0.000E+00 1.790E-06  0.000E+00 3.580E-06
 2.35000E+03  0.000E+00 1.426E-06  0.000E+00 2.852E-06
 2.48800E+03  0.000E+00 1.135E-06  0.000E+00 2.270E-06
 2.63400E+03  0.000E+00 9.045E-07  0.000E+00 1.809E-06
 2.78800E+03  0.000E+00 7.217E-07  0.000E+00 1.443E-06
 2.95100E+03  0.000E+00 5.756E-07  0.000E+00 1.151E-06
 3.12400E+03  0.000E+00 4.588E-07  0.000E+00 9.176E-07
 3.30600E+03  0.000E+00 3.651E-07  0.000E+00 7.302E-07
 3.50000E+03  0.000E+00 2.905E-07  0.000E+00 5.810E-07
