19 = ICOMP: graphite, E perp to c axis, improved eps2 in X-ray                  
    E(eV)      Re(n)-1    Im(n)    Re(eps)-1  Im(eps)
1.000000E-06  2.499E+01 4.829E-05  6.745E+02 2.510E-03
1.000000E-05  2.499E+01 4.829E-04  6.745E+02 2.510E-02
1.000000E-04  2.499E+01 4.829E-03  6.745E+02 2.510E-01
6.199000E-04  2.500E+01 2.984E-02  6.751E+02 1.552E+00
8.266000E-04  2.501E+01 4.000E-02  6.755E+02 2.081E+00
1.033000E-03  2.502E+01 4.981E-02  6.761E+02 2.592E+00
1.240000E-03  2.504E+01 5.972E-02  6.769E+02 3.110E+00
1.771000E-03  2.508E+01 8.522E-02  6.794E+02 4.446E+00
2.480000E-03  2.518E+01 1.190E-01  6.844E+02 6.229E+00
3.000000E-03  2.528E+01 1.470E-01  6.894E+02 7.725E+00
3.500000E-03  2.539E+01 1.757E-01  6.952E+02 9.273E+00
4.133000E-03  2.556E+01 2.186E-01  7.043E+02 1.161E+01
4.959000E-03  2.584E+01 2.891E-01  7.192E+02 1.552E+01
6.199000E-03  2.639E+01 4.399E-01  7.492E+02 2.410E+01
7.085000E-03  2.693E+01 6.009E-01  7.788E+02 3.357E+01
8.266000E-03  2.784E+01 1.001E+00  8.296E+02 5.774E+01
9.184000E-03  2.872E+01 1.542E+00  8.796E+02 9.165E+01
1.000000E-02  2.954E+01 2.308E+00  9.266E+02 1.410E+02
1.050000E-02  3.002E+01 2.939E+00  9.524E+02 1.823E+02
1.100000E-02  3.044E+01 3.660E+00  9.738E+02 2.301E+02
1.200000E-02  3.095E+01 5.478E+00  9.896E+02 3.500E+02
1.240000E-02  3.097E+01 6.228E+00  9.821E+02 3.982E+02
1.300000E-02  3.082E+01 7.254E+00  9.586E+02 4.616E+02
1.350000E-02  3.067E+01 8.031E+00  9.376E+02 5.087E+02
1.400000E-02  3.051E+01 8.780E+00  9.150E+02 5.534E+02
1.450000E-02  3.035E+01 9.581E+00  8.900E+02 6.007E+02
1.500000E-02  3.008E+01 1.038E+01  8.569E+02 6.453E+02
1.550000E-02  2.973E+01 1.116E+01  8.187E+02 6.857E+02
1.600000E-02  2.929E+01 1.189E+01  7.751E+02 7.203E+02
1.650000E-02  2.882E+01 1.254E+01  7.312E+02 7.480E+02
1.700000E-02  2.834E+01 1.315E+01  6.867E+02 7.714E+02
1.750000E-02  2.782E+01 1.371E+01  6.417E+02 7.906E+02
1.771000E-02  2.760E+01 1.394E+01  6.227E+02 7.973E+02
1.800000E-02  2.729E+01 1.424E+01  5.967E+02 8.055E+02
1.850000E-02  2.675E+01 1.472E+01  5.522E+02 8.171E+02
1.900000E-02  2.619E+01 1.518E+01  5.079E+02 8.254E+02
1.950000E-02  2.561E+01 1.560E+01  4.640E+02 8.303E+02
2.000000E-02  2.502E+01 1.599E+01  4.205E+02 8.320E+02
2.100000E-02  2.381E+01 1.663E+01  3.380E+02 8.253E+02
2.200000E-02  2.259E+01 1.715E+01  2.611E+02 8.091E+02
2.300000E-02  2.134E+01 1.753E+01  1.907E+02 7.831E+02
2.400000E-02  2.011E+01 1.777E+01  1.287E+02 7.504E+02
2.480000E-02  1.913E+01 1.789E+01  8.386E+01 7.203E+02
2.750000E-02  1.601E+01 1.745E+01 -1.614E+01 5.939E+02
3.000000E-02  1.402E+01 1.653E+01 -4.867E+01 4.965E+02
3.300000E-02  1.228E+01 1.546E+01 -6.381E+01 4.105E+02
3.700000E-02  1.056E+01 1.413E+01 -6.719E+01 3.267E+02
4.133000E-02  9.264E+00 1.278E+01 -5.891E+01 2.623E+02
4.500000E-02  8.502E+00 1.175E+01 -4.879E+01 2.233E+02
4.960000E-02  7.828E+00 1.061E+01 -3.561E+01 1.873E+02
5.100000E-02  7.739E+00 1.029E+01 -3.046E+01 1.798E+02
5.200000E-02  7.670E+00 1.010E+01 -2.791E+01 1.752E+02
5.300000E-02  7.598E+00 9.933E+00 -2.575E+01 1.708E+02
5.400000E-02  7.525E+00 9.771E+00 -2.381E+01 1.666E+02
5.500000E-02  7.451E+00 9.614E+00 -2.202E+01 1.625E+02
5.600000E-02  7.380E+00 9.463E+00 -2.033E+01 1.586E+02
5.700000E-02  7.310E+00 9.314E+00 -1.871E+01 1.548E+02
5.800000E-02  7.244E+00 9.170E+00 -1.714E+01 1.512E+02
5.900000E-02  7.180E+00 9.028E+00 -1.560E+01 1.477E+02
6.000000E-02  7.118E+00 8.887E+00 -1.408E+01 1.443E+02
6.100000E-02  7.066E+00 8.753E+00 -1.256E+01 1.412E+02
6.199000E-02  7.017E+00 8.619E+00 -1.102E+01 1.382E+02
6.400000E-02  6.957E+00 8.364E+00 -7.649E+00 1.331E+02
6.600000E-02  6.897E+00 8.162E+00 -5.258E+00 1.289E+02
6.800000E-02  6.832E+00 7.980E+00 -3.337E+00 1.250E+02
7.000000E-02  6.766E+00 7.810E+00 -1.692E+00 1.213E+02
7.200000E-02  6.703E+00 7.653E+00 -2.430E-01 1.179E+02
7.400000E-02  6.638E+00 7.502E+00  1.060E+00 1.146E+02
7.600000E-02  6.579E+00 7.363E+00  2.230E+00 1.116E+02
7.800000E-02  6.522E+00 7.232E+00  3.268E+00 1.088E+02
8.000000E-02  6.464E+00 7.114E+00  4.107E+00 1.062E+02
8.200000E-02  6.405E+00 7.002E+00  4.819E+00 1.037E+02
8.266000E-02  6.386E+00 6.966E+00  5.037E+00 1.029E+02
8.400000E-02  6.347E+00 6.894E+00  5.460E+00 1.013E+02
8.600000E-02  6.288E+00 6.787E+00  6.051E+00 9.892E+01
8.800000E-02  6.231E+00 6.684E+00  6.604E+00 9.667E+01
9.000000E-02  6.176E+00 6.585E+00  7.130E+00 9.451E+01
9.200000E-02  6.123E+00 6.489E+00  7.638E+00 9.244E+01
9.400000E-02  6.073E+00 6.395E+00  8.134E+00 9.047E+01
9.600000E-02  6.026E+00 6.304E+00  8.625E+00 8.859E+01
9.800000E-02  5.982E+00 6.216E+00  9.118E+00 8.680E+01
1.000000E-01  5.944E+00 6.128E+00  9.661E+00 8.510E+01
1.010000E-01  5.929E+00 6.089E+00  9.929E+00 8.438E+01
1.020000E-01  5.911E+00 6.054E+00  1.011E+01 8.368E+01
1.040000E-01  5.876E+00 5.983E+00  1.048E+01 8.229E+01
1.060000E-01  5.840E+00 5.918E+00  1.076E+01 8.095E+01
1.080000E-01  5.803E+00 5.853E+00  1.101E+01 7.964E+01
1.100000E-01  5.765E+00 5.792E+00  1.122E+01 7.837E+01
1.120000E-01  5.729E+00 5.732E+00  1.141E+01 7.714E+01
1.140000E-01  5.693E+00 5.674E+00  1.159E+01 7.595E+01
1.160000E-01  5.657E+00 5.618E+00  1.174E+01 7.480E+01
1.180000E-01  5.622E+00 5.563E+00  1.189E+01 7.368E+01
1.200000E-01  5.587E+00 5.511E+00  1.202E+01 7.260E+01
1.220000E-01  5.554E+00 5.460E+00  1.215E+01 7.156E+01
1.240000E-01  5.521E+00 5.411E+00  1.225E+01 7.056E+01
1.260000E-01  5.487E+00 5.364E+00  1.231E+01 6.960E+01
1.280000E-01  5.456E+00 5.318E+00  1.240E+01 6.866E+01
1.283000E-01  5.451E+00 5.311E+00  1.241E+01 6.852E+01
1.300000E-01  5.423E+00 5.273E+00  1.245E+01 6.773E+01
1.320000E-01  5.390E+00 5.229E+00  1.249E+01 6.683E+01
1.340000E-01  5.358E+00 5.186E+00  1.253E+01 6.594E+01
1.360000E-01  5.326E+00 5.143E+00  1.257E+01 6.507E+01
1.380000E-01  5.295E+00 5.102E+00  1.260E+01 6.423E+01
1.400000E-01  5.264E+00 5.061E+00  1.263E+01 6.340E+01
1.420000E-01  5.234E+00 5.020E+00  1.267E+01 6.259E+01
1.440000E-01  5.205E+00 4.980E+00  1.270E+01 6.180E+01
1.460000E-01  5.176E+00 4.941E+00  1.274E+01 6.103E+01
1.480000E-01  5.148E+00 4.901E+00  1.278E+01 6.027E+01
1.500000E-01  5.121E+00 4.863E+00  1.282E+01 5.954E+01
1.550000E-01  5.057E+00 4.770E+00  1.294E+01 5.779E+01
1.600000E-01  5.004E+00 4.682E+00  1.313E+01 5.623E+01
1.650000E-01  4.951E+00 4.607E+00  1.319E+01 5.484E+01
1.700000E-01  4.898E+00 4.537E+00  1.320E+01 5.351E+01
1.750000E-01  4.847E+00 4.467E+00  1.323E+01 5.223E+01
1.794000E-01  4.798E+00 4.411E+00  1.317E+01 5.115E+01
1.850000E-01  4.743E+00 4.340E+00  1.315E+01 4.985E+01
1.900000E-01  4.695E+00 4.279E+00  1.313E+01 4.874E+01
1.950000E-01  4.657E+00 4.217E+00  1.322E+01 4.772E+01
1.958000E-01  4.659E+00 4.207E+00  1.333E+01 4.762E+01
1.959000E-01  4.661E+00 4.206E+00  1.336E+01 4.762E+01
1.960000E-01  4.663E+00 4.205E+00  1.339E+01 4.762E+01
1.961000E-01  4.666E+00 4.204E+00  1.342E+01 4.764E+01
1.962000E-01  4.669E+00 4.204E+00  1.347E+01 4.767E+01
1.963000E-01  4.674E+00 4.206E+00  1.351E+01 4.773E+01
1.964000E-01  4.680E+00 4.209E+00  1.355E+01 4.782E+01
1.965000E-01  4.687E+00 4.217E+00  1.355E+01 4.797E+01
1.966000E-01  4.691E+00 4.232E+00  1.348E+01 4.816E+01
1.967000E-01  4.685E+00 4.251E+00  1.325E+01 4.834E+01
1.968000E-01  4.667E+00 4.266E+00  1.291E+01 4.835E+01
1.969000E-01  4.644E+00 4.267E+00  1.265E+01 4.816E+01
1.970000E-01  4.627E+00 4.258E+00  1.254E+01 4.792E+01
1.971000E-01  4.618E+00 4.247E+00  1.252E+01 4.772E+01
1.972000E-01  4.613E+00 4.238E+00  1.255E+01 4.757E+01
1.973000E-01  4.611E+00 4.230E+00  1.259E+01 4.747E+01
1.974000E-01  4.610E+00 4.224E+00  1.264E+01 4.739E+01
1.975000E-01  4.610E+00 4.219E+00  1.267E+01 4.733E+01
1.976000E-01  4.610E+00 4.214E+00  1.271E+01 4.728E+01
1.977000E-01  4.610E+00 4.211E+00  1.273E+01 4.724E+01
1.978000E-01  4.609E+00 4.208E+00  1.276E+01 4.721E+01
1.980000E-01  4.609E+00 4.203E+00  1.280E+01 4.715E+01
1.990000E-01  4.604E+00 4.185E+00  1.289E+01 4.691E+01
2.000000E-01  4.597E+00 4.173E+00  1.292E+01 4.671E+01
2.050000E-01  4.557E+00 4.118E+00  1.292E+01 4.577E+01
2.100000E-01  4.515E+00 4.068E+00  1.287E+01 4.487E+01
2.200000E-01  4.432E+00 3.972E+00  1.274E+01 4.315E+01
2.250000E-01  4.394E+00 3.925E+00  1.269E+01 4.234E+01
2.400000E-01  4.283E+00 3.794E+00  1.251E+01 4.008E+01
2.480000E-01  4.230E+00 3.728E+00  1.245E+01 3.899E+01
2.600000E-01  4.161E+00 3.640E+00  1.239E+01 3.757E+01
2.800000E-01  4.046E+00 3.512E+00  1.213E+01 3.544E+01
3.000000E-01  3.940E+00 3.396E+00  1.188E+01 3.355E+01
3.200000E-01  3.848E+00 3.290E+00  1.168E+01 3.190E+01
3.400000E-01  3.760E+00 3.202E+00  1.141E+01 3.048E+01
3.645000E-01  3.659E+00 3.101E+00  1.109E+01 2.889E+01
3.800000E-01  3.599E+00 3.042E+00  1.090E+01 2.798E+01
4.000000E-01  3.530E+00 2.969E+00  1.070E+01 2.690E+01
4.500000E-01  3.369E+00 2.818E+00  1.015E+01 2.462E+01
5.000000E-01  3.235E+00 2.684E+00  9.728E+00 2.273E+01
5.115000E-01  3.209E+00 2.658E+00  9.651E+00 2.238E+01
5.500000E-01  3.122E+00 2.580E+00  9.332E+00 2.127E+01
5.636000E-01  3.092E+00 2.554E+00  9.221E+00 2.090E+01
5.843000E-01  3.048E+00 2.516E+00  9.060E+00 2.037E+01
6.000000E-01  3.017E+00 2.488E+00  8.944E+00 1.999E+01
6.500000E-01  2.926E+00 2.410E+00  8.608E+00 1.892E+01
7.000000E-01  2.841E+00 2.342E+00  8.266E+00 1.799E+01
7.514000E-01  2.760E+00 2.278E+00  7.952E+00 1.713E+01
8.000000E-01  2.694E+00 2.222E+00  7.711E+00 1.642E+01
8.500000E-01  2.631E+00 2.178E+00  7.441E+00 1.582E+01
9.000000E-01  2.568E+00 2.136E+00  7.168E+00 1.524E+01
9.500000E-01  2.509E+00 2.096E+00  6.918E+00 1.471E+01
9.919000E-01  2.463E+00 2.062E+00  6.743E+00 1.428E+01
1.100000E+00  2.361E+00 1.998E+00  6.304E+00 1.343E+01
1.240000E+00  2.230E+00 1.927E+00  5.718E+00 1.245E+01
1.378000E+00  2.114E+00 1.861E+00  5.236E+00 1.159E+01
1.550000E+00  1.993E+00 1.784E+00  4.772E+00 1.068E+01
1.771000E+00  1.859E+00 1.699E+00  4.288E+00 9.719E+00
1.889000E+00  1.798E+00 1.658E+00  4.081E+00 9.276E+00
2.254000E+00  1.634E+00 1.528E+00  3.606E+00 8.049E+00
2.551000E+00  1.554E+00 1.416E+00  3.521E+00 7.232E+00
2.818000E+00  1.539E+00 1.321E+00  3.703E+00 6.708E+00
2.857000E+00  1.542E+00 1.309E+00  3.745E+00 6.656E+00
3.100000E+00  1.584E+00 1.259E+00  4.090E+00 6.505E+00
3.250000E+00  1.626E+00 1.255E+00  4.319E+00 6.593E+00
3.397000E+00  1.674E+00 1.273E+00  4.528E+00 6.805E+00
3.604000E+00  1.756E+00 1.342E+00  4.796E+00 7.398E+00
3.800000E+00  1.822E+00 1.481E+00  4.770E+00 8.362E+00
4.000000E+00  1.829E+00 1.693E+00  4.139E+00 9.578E+00
4.250000E+00  1.692E+00 2.011E+00  2.201E+00 1.083E+01
4.350000E+00  1.578E+00 2.122E+00  1.144E+00 1.094E+01
4.525000E+00  1.328E+00 2.268E+00 -7.250E-01 1.056E+01
4.800000E+00  8.820E-01 2.305E+00 -2.770E+00 8.675E+00
4.959000E+00  6.512E-01 2.244E+00 -3.310E+00 7.411E+00
5.166000E+00  4.077E-01 2.107E+00 -3.458E+00 5.932E+00
5.200000E+00  3.731E-01 2.082E+00 -3.448E+00 5.717E+00
5.300000E+00  2.819E-01 2.003E+00 -3.367E+00 5.134E+00
5.391000E+00  2.094E-01 1.929E+00 -3.260E+00 4.667E+00
5.500000E+00  1.342E-01 1.840E+00 -3.098E+00 4.173E+00
5.600000E+00  7.456E-02 1.757E+00 -2.934E+00 3.777E+00
5.661000E+00  4.193E-02 1.707E+00 -2.828E+00 3.557E+00
5.700000E+00  2.292E-02 1.675E+00 -2.758E+00 3.426E+00
5.800000E+00 -2.085E-02 1.593E+00 -2.578E+00 3.119E+00
5.904000E+00 -6.101E-02 1.509E+00 -2.394E+00 2.833E+00
6.199000E+00 -1.400E-01 1.267E+00 -1.867E+00 2.180E+00
6.526000E+00 -1.698E-01 9.956E-01 -1.302E+00 1.653E+00
6.888000E+00 -1.060E-01 7.108E-01 -7.060E-01 1.271E+00
7.293000E+00  6.224E-02 4.858E-01 -1.076E-01 1.032E+00
7.500000E+00  1.586E-01 4.174E-01  1.682E-01 9.672E-01
7.749000E+00  2.657E-01 3.655E-01  4.683E-01 9.252E-01
8.000000E+00  3.625E-01 3.364E-01  7.432E-01 9.167E-01
8.321000E+00  4.690E-01 3.192E-01  1.056E+00 9.378E-01
8.500000E+00  5.223E-01 3.169E-01  1.217E+00 9.648E-01
8.600000E+00  5.498E-01 3.175E-01  1.301E+00 9.842E-01
8.700000E+00  5.763E-01 3.191E-01  1.383E+00 1.006E+00
8.800000E+00  6.014E-01 3.216E-01  1.461E+00 1.030E+00
8.920000E+00  6.304E-01 3.257E-01  1.552E+00 1.062E+00
9.100000E+00  6.707E-01 3.334E-01  1.680E+00 1.114E+00
9.300000E+00  7.127E-01 3.439E-01  1.815E+00 1.178E+00
9.500000E+00  7.521E-01 3.561E-01  1.943E+00 1.248E+00
9.700000E+00  7.891E-01 3.700E-01  2.064E+00 1.324E+00
9.919000E+00  8.278E-01 3.871E-01  2.191E+00 1.415E+00
1.020000E+01  8.748E-01 4.110E-01  2.346E+00 1.541E+00
1.050700E+01  9.240E-01 4.402E-01  2.508E+00 1.694E+00
1.080000E+01  9.704E-01 4.705E-01  2.661E+00 1.854E+00
1.117000E+01  1.029E+00 5.134E-01  2.855E+00 2.084E+00
1.150000E+01  1.085E+00 5.574E-01  3.035E+00 2.324E+00
1.180800E+01  1.141E+00 6.040E-01  3.221E+00 2.587E+00
1.210000E+01  1.201E+00 6.569E-01  3.411E+00 2.891E+00
1.239900E+01  1.271E+00 7.255E-01  3.631E+00 3.295E+00
1.270000E+01  1.350E+00 8.156E-01  3.859E+00 3.834E+00
1.300000E+01  1.439E+00 9.406E-01  4.063E+00 4.588E+00
1.330000E+01  1.516E+00 1.131E+00  4.051E+00 5.690E+00
1.360000E+01  1.561E+00 1.385E+00  3.641E+00 7.096E+00
1.400000E+01  1.430E+00 1.819E+00  1.597E+00 8.839E+00
1.500000E+01  4.051E-01 2.139E+00 -3.601E+00 6.011E+00
1.600000E+01 -6.210E-02 1.748E+00 -3.176E+00 3.279E+00
1.700000E+01 -2.144E-01 1.479E+00 -2.569E+00 2.323E+00
1.800000E+01 -2.964E-01 1.307E+00 -2.213E+00 1.839E+00
1.900000E+01 -3.622E-01 1.181E+00 -1.987E+00 1.506E+00
2.000000E+01 -4.236E-01 1.073E+00 -1.819E+00 1.237E+00
2.100000E+01 -4.800E-01 9.692E-01 -1.669E+00 1.008E+00
2.200000E+01 -5.257E-01 8.637E-01 -1.521E+00 8.194E-01
2.300000E+01 -5.548E-01 7.578E-01 -1.376E+00 6.748E-01
2.400000E+01 -5.673E-01 6.605E-01 -1.249E+00 5.716E-01
2.500000E+01 -5.718E-01 5.748E-01 -1.147E+00 4.922E-01
2.600000E+01 -5.768E-01 4.930E-01 -1.064E+00 4.173E-01
2.700000E+01 -5.764E-01 4.060E-01 -9.854E-01 3.440E-01
2.800000E+01 -5.570E-01 3.157E-01 -9.034E-01 2.797E-01
2.900000E+01 -5.158E-01 2.366E-01 -8.215E-01 2.291E-01
3.000000E+01 -4.631E-01 1.787E-01 -7.437E-01 1.919E-01
3.100000E+01 -4.102E-01 1.409E-01 -6.720E-01 1.662E-01
3.200000E+01 -3.625E-01 1.173E-01 -6.074E-01 1.496E-01
3.300000E+01 -3.212E-01 1.033E-01 -5.499E-01 1.403E-01
3.400000E+01 -2.861E-01 9.602E-02 -4.995E-01 1.371E-01
3.500000E+01 -2.568E-01 9.345E-02 -4.564E-01 1.389E-01
3.600000E+01 -2.334E-01 9.445E-02 -4.213E-01 1.448E-01
3.700000E+01 -2.165E-01 9.745E-02 -3.956E-01 1.527E-01
3.800000E+01 -2.066E-01 9.957E-02 -3.804E-01 1.580E-01
3.900000E+01 -1.976E-01 9.534E-02 -3.652E-01 1.530E-01
4.000000E+01 -1.865E-01 9.403E-02 -3.470E-01 1.530E-01
4.200000E+01 -1.772E-01 9.505E-02 -3.321E-01 1.564E-01
4.400000E+01 -1.714E-01 8.273E-02 -3.203E-01 1.371E-01
4.600000E+01 -1.604E-01 7.200E-02 -3.002E-01 1.209E-01
4.800000E+01 -1.499E-01 6.293E-02 -2.813E-01 1.070E-01
5.000000E+01 -1.396E-01 5.532E-02 -2.627E-01 9.520E-02
5.250000E+01 -1.278E-01 4.740E-02 -2.416E-01 8.268E-02
5.400000E+01 -1.214E-01 4.335E-02 -2.300E-01 7.618E-02
5.600000E+01 -1.135E-01 3.864E-02 -2.156E-01 6.851E-02
5.750000E+01 -1.080E-01 3.554E-02 -2.056E-01 6.341E-02
6.000000E+01 -9.963E-02 3.107E-02 -1.903E-01 5.595E-02
6.500000E+01 -8.541E-02 2.413E-02 -1.641E-01 4.413E-02
7.000000E+01 -7.384E-02 1.909E-02 -1.426E-01 3.536E-02
7.500000E+01 -6.446E-02 1.535E-02 -1.250E-01 2.872E-02
8.000000E+01 -5.668E-02 1.251E-02 -1.103E-01 2.360E-02
8.500000E+01 -5.018E-02 1.032E-02 -9.794E-02 1.960E-02
9.000000E+01 -4.470E-02 8.605E-03 -8.748E-02 1.644E-02
9.500000E+01 -4.005E-02 7.240E-03 -7.854E-02 1.390E-02
1.000000E+02 -3.606E-02 6.147E-03 -7.086E-02 1.185E-02
1.100000E+02 -2.964E-02 4.524E-03 -5.842E-02 8.779E-03
1.200000E+02 -2.471E-02 3.415E-03 -4.882E-02 6.661E-03
1.300000E+02 -2.086E-02 2.633E-03 -4.129E-02 5.156E-03
1.400000E+02 -1.779E-02 2.066E-03 -3.527E-02 4.059E-03
1.500000E+02 -1.530E-02 1.648E-03 -3.037E-02 3.245E-03
1.600000E+02 -1.325E-02 1.331E-03 -2.632E-02 2.627E-03
1.700000E+02 -1.153E-02 1.089E-03 -2.292E-02 2.153E-03
1.750000E+02 -1.077E-02 9.892E-04 -2.143E-02 1.957E-03
1.800000E+02 -1.007E-02 9.006E-04 -2.004E-02 1.783E-03
1.900000E+02 -8.809E-03 7.516E-04 -1.754E-02 1.490E-03
2.000000E+02 -7.720E-03 6.334E-04 -1.538E-02 1.257E-03
2.200000E+02 -5.852E-03 4.609E-04 -1.167E-02 9.164E-04
2.400000E+02 -4.187E-03 3.480E-04 -8.356E-03 6.931E-04
2.600000E+02 -2.284E-03 2.844E-04 -4.563E-03 5.675E-04
2.700000E+02 -7.352E-04 2.940E-04 -1.470E-03 5.875E-04
2.800000E+02  3.465E-03 5.984E-04  6.941E-03 1.201E-03
2.820000E+02  5.928E-03 9.722E-04  1.189E-02 1.956E-03
2.830000E+02  7.999E-03 1.460E-03  1.606E-02 2.943E-03
2.840000E+02  1.123E-02 2.304E-03  2.258E-02 4.659E-03
2.850000E+02  1.702E-02 4.765E-03  3.431E-02 9.693E-03
2.855000E+02  2.225E-02 7.933E-03  4.493E-02 1.622E-02
2.860000E+02  3.060E-02 1.556E-02  6.190E-02 3.208E-02
2.864000E+02  3.755E-02 3.151E-02  7.551E-02 6.538E-02
2.866000E+02  3.630E-02 4.687E-02  7.172E-02 9.715E-02
2.868000E+02  2.442E-02 6.696E-02  4.495E-02 1.372E-01
2.869000E+02  1.412E-02 7.544E-02  2.274E-02 1.530E-01
2.870000E+02  2.046E-03 7.939E-02 -2.206E-03 1.591E-01
2.871000E+02 -1.064E-02 7.727E-02 -2.714E-02 1.529E-01
2.872000E+02 -2.245E-02 7.012E-02 -4.931E-02 1.371E-01
2.874000E+02 -3.741E-02 5.037E-02 -7.596E-02 9.698E-02
2.876000E+02 -4.006E-02 3.400E-02 -7.968E-02 6.527E-02
2.880000E+02 -3.341E-02 1.656E-02 -6.597E-02 3.202E-02
2.885000E+02 -2.471E-02 8.300E-03 -4.888E-02 1.619E-02
2.890000E+02 -1.926E-02 4.929E-03 -3.818E-02 9.668E-03
2.900000E+02 -1.242E-02 2.345E-03 -2.470E-02 4.631E-03
2.905000E+02 -9.887E-03 1.776E-03 -1.968E-02 3.516E-03
2.908000E+02 -7.326E-03 1.533E-03 -1.460E-02 3.043E-03
2.909000E+02 -7.074E-03 1.464E-03 -1.410E-02 2.908E-03
2.909500E+02 -6.953E-03 1.432E-03 -1.386E-02 2.845E-03
2.909800E+02 -6.883E-03 1.414E-03 -1.372E-02 2.808E-03
2.909900E+02 -6.858E-03 1.407E-03 -1.367E-02 2.795E-03
2.909950E+02 -6.847E-03 1.404E-03 -1.365E-02 2.789E-03
2.909980E+02 -6.837E-03 1.403E-03 -1.363E-02 2.786E-03
2.909990E+02 -6.837E-03 1.402E-03 -1.363E-02 2.785E-03
2.910010E+02 -6.816E-03 4.921E-03 -1.361E-02 9.774E-03
2.910020E+02 -6.816E-03 4.920E-03 -1.361E-02 9.773E-03
2.910050E+02 -6.806E-03 4.918E-03 -1.359E-02 9.769E-03
2.910100E+02 -6.796E-03 4.915E-03 -1.357E-02 9.763E-03
2.910200E+02 -6.776E-03 4.908E-03 -1.353E-02 9.750E-03
2.910500E+02 -6.706E-03 4.889E-03 -1.339E-02 9.713E-03
2.911000E+02 -6.595E-03 4.858E-03 -1.317E-02 9.652E-03
2.912000E+02 -6.379E-03 4.799E-03 -1.274E-02 9.537E-03
2.915000E+02 -7.502E-03 4.651E-03 -1.497E-02 9.232E-03
2.920000E+02 -7.433E-03 4.448E-03 -1.483E-02 8.830E-03
2.930000E+02 -6.925E-03 4.168E-03 -1.382E-02 8.279E-03
2.940000E+02 -6.443E-03 3.983E-03 -1.286E-02 7.915E-03
2.960000E+02 -5.765E-03 3.747E-03 -1.151E-02 7.451E-03
3.000000E+02 -5.042E-03 3.475E-03 -1.007E-02 6.914E-03
3.100000E+02 -4.399E-03 3.065E-03 -8.789E-03 6.104E-03
3.200000E+02 -4.150E-03 2.756E-03 -8.291E-03 5.489E-03
3.400000E+02 -3.844E-03 2.260E-03 -7.679E-03 4.503E-03
3.600000E+02 -3.576E-03 1.873E-03 -7.143E-03 3.732E-03
3.800000E+02 -3.317E-03 1.564E-03 -6.625E-03 3.118E-03
4.000000E+02 -3.074E-03 1.316E-03 -6.140E-03 2.624E-03
4.500000E+02 -2.543E-03 8.792E-04 -5.081E-03 1.754E-03
5.000000E+02 -2.108E-03 6.083E-04 -4.212E-03 1.214E-03
5.500000E+02 -1.767E-03 4.336E-04 -3.531E-03 8.656E-04
6.000000E+02 -1.497E-03 3.170E-04 -2.991E-03 6.331E-04
6.500000E+02 -1.281E-03 2.370E-04 -2.560E-03 4.734E-04
7.000000E+02 -1.107E-03 1.806E-04 -2.212E-03 3.608E-04
7.500000E+02 -9.645E-04 1.400E-04 -1.928E-03 2.797E-04
8.000000E+02 -8.469E-04 1.101E-04 -1.693E-03 2.200E-04
8.500000E+02 -7.493E-04 8.777E-05 -1.498E-03 1.754E-04
9.000000E+02 -6.677E-04 7.080E-05 -1.335E-03 1.415E-04
9.500000E+02 -5.982E-04 5.773E-05 -1.196E-03 1.154E-04
1.000000E+03 -5.391E-04 4.751E-05 -1.078E-03 9.496E-05
1.100000E+03 -4.442E-04 3.303E-05 -8.882E-04 6.603E-05
1.200000E+03 -3.712E-04 2.365E-05 -7.422E-04 4.729E-05
1.300000E+03 -3.161E-04 1.737E-05 -6.321E-04 3.473E-05
1.400000E+03 -2.706E-04 1.303E-05 -5.411E-04 2.606E-05
1.500000E+03 -2.351E-04 9.962E-06 -4.701E-04 1.992E-05
1.600000E+03 -2.061E-04 7.742E-06 -4.121E-04 1.548E-05
1.700000E+03 -1.819E-04 6.106E-06 -3.638E-04 1.221E-05
1.800000E+03 -1.647E-04 4.876E-06 -3.293E-04 9.751E-06
1.900000E+03 -1.471E-04 3.941E-06 -2.942E-04 7.880E-06
2.000000E+03 -1.327E-04 3.217E-06 -2.653E-04 6.434E-06
2.500000E+03 -8.745E-05 1.324E-06 -1.749E-04 2.647E-06
3.000000E+03 -5.765E-05 6.375E-07 -1.153E-04 1.275E-06
4.000000E+03 -3.226E-05 1.992E-07 -6.451E-05 3.983E-07
5.000000E+03 -2.059E-05 8.015E-08 -4.117E-05 1.603E-07
6.000000E+03 -1.427E-05 3.790E-08 -2.854E-05 7.580E-08
8.000000E+03 -8.015E-06 1.154E-08 -1.603E-05 2.308E-08
1.000000E+04 -5.120E-06 4.559E-09 -1.024E-05 9.118E-09
1.200000E+04 -3.556E-06 2.672E-09 -7.111E-06 5.344E-09
1.400000E+04 -2.611E-06 1.314E-09 -5.222E-06 2.628E-09
1.600000E+04 -1.999E-06 6.675E-10 -3.997E-06 1.335E-09
1.800000E+04 -1.579E-06 4.090E-10 -3.157E-06 8.179E-10
2.000000E+04 -1.279E-06 2.472E-10 -2.557E-06 4.944E-10
