?? = ICOMP amorphous carbon ACH2 from Zubko etal 1996
   E(eV)       Re(m)-1    Im(m)    Re(eps)-1  Im(eps)
 1.30676E-03  1.476E+01 5.606E+00  2.170E+02 1.767E+02
 1.31816E-03  1.479E+01 5.616E+00  2.178E+02 1.774E+02
 1.32962E-03  1.478E+01 5.633E+00  2.173E+02 1.778E+02
 1.34128E-03  1.476E+01 5.651E+00  2.164E+02 1.781E+02
 1.35300E-03  1.475E+01 5.669E+00  2.159E+02 1.786E+02
 1.36477E-03  1.473E+01 5.688E+00  2.151E+02 1.789E+02
 1.37660E-03  1.470E+01 5.708E+00  2.139E+02 1.792E+02
 1.38863E-03  1.468E+01 5.728E+00  2.131E+02 1.796E+02
 1.40072E-03  1.466E+01 5.748E+00  2.122E+02 1.800E+02
 1.41302E-03  1.463E+01 5.769E+00  2.110E+02 1.803E+02
 1.42538E-03  1.460E+01 5.789E+00  2.098E+02 1.806E+02
 1.43779E-03  1.458E+01 5.811E+00  2.090E+02 1.811E+02
 1.45041E-03  1.455E+01 5.832E+00  2.078E+02 1.814E+02
 1.46308E-03  1.452E+01 5.854E+00  2.066E+02 1.817E+02
 1.47581E-03  1.449E+01 5.876E+00  2.054E+02 1.820E+02
 1.48857E-03  1.446E+01 5.899E+00  2.042E+02 1.824E+02
 1.50156E-03  1.442E+01 5.921E+00  2.027E+02 1.826E+02
 1.51478E-03  1.439E+01 5.944E+00  2.015E+02 1.830E+02
 1.52805E-03  1.436E+01 5.967E+00  2.003E+02 1.833E+02
 1.54135E-03  1.432E+01 5.989E+00  1.988E+02 1.835E+02
 1.55470E-03  1.428E+01 6.011E+00  1.973E+02 1.837E+02
 1.56828E-03  1.424E+01 6.033E+00  1.959E+02 1.839E+02
 1.58210E-03  1.420E+01 6.054E+00  1.944E+02 1.840E+02
 1.59575E-03  1.416E+01 6.074E+00  1.929E+02 1.842E+02
 1.60985E-03  1.412E+01 6.094E+00  1.915E+02 1.843E+02
 1.62377E-03  1.408E+01 6.112E+00  1.900E+02 1.843E+02
 1.63794E-03  1.404E+01 6.130E+00  1.886E+02 1.844E+02
 1.65236E-03  1.399E+01 6.145E+00  1.869E+02 1.842E+02
 1.66659E-03  1.395E+01 6.160E+00  1.856E+02 1.842E+02
 1.68129E-03  1.390E+01 6.172E+00  1.839E+02 1.839E+02
 1.69602E-03  1.386E+01 6.183E+00  1.826E+02 1.838E+02
 1.71077E-03  1.381E+01 6.193E+00  1.810E+02 1.834E+02
 1.72554E-03  1.377E+01 6.202E+00  1.797E+02 1.832E+02
 1.74082E-03  1.373E+01 6.209E+00  1.784E+02 1.829E+02
 1.75587E-03  1.369E+01 6.215E+00  1.772E+02 1.826E+02
 1.77118E-03  1.364E+01 6.221E+00  1.756E+02 1.822E+02
 1.78676E-03  1.360E+01 6.225E+00  1.744E+02 1.818E+02
 1.80236E-03  1.357E+01 6.230E+00  1.735E+02 1.815E+02
 1.81796E-03  1.353E+01 6.234E+00  1.723E+02 1.812E+02
 1.83384E-03  1.349E+01 6.237E+00  1.711E+02 1.807E+02
 1.84999E-03  1.346E+01 6.241E+00  1.701E+02 1.805E+02
 1.86615E-03  1.342E+01 6.245E+00  1.689E+02 1.801E+02
 1.88232E-03  1.339E+01 6.249E+00  1.680E+02 1.798E+02
 1.89876E-03  1.336E+01 6.254E+00  1.671E+02 1.796E+02
 1.91520E-03  1.333E+01 6.260E+00  1.662E+02 1.794E+02
 1.93192E-03  1.330E+01 6.266E+00  1.652E+02 1.792E+02
 1.94894E-03  1.327E+01 6.274E+00  1.643E+02 1.791E+02
 1.96595E-03  1.324E+01 6.283E+00  1.633E+02 1.789E+02
 1.98294E-03  1.321E+01 6.293E+00  1.623E+02 1.788E+02
 2.00023E-03  1.319E+01 6.304E+00  1.616E+02 1.789E+02
 2.01782E-03  1.316E+01 6.316E+00  1.606E+02 1.789E+02
 2.03539E-03  1.313E+01 6.329E+00  1.596E+02 1.789E+02
 2.05326E-03  1.310E+01 6.342E+00  1.586E+02 1.788E+02
 2.07111E-03  1.307E+01 6.357E+00  1.576E+02 1.789E+02
 2.08927E-03  1.305E+01 6.373E+00  1.568E+02 1.791E+02
 2.10740E-03  1.302E+01 6.389E+00  1.557E+02 1.791E+02
 2.12584E-03  1.299E+01 6.406E+00  1.547E+02 1.792E+02
 2.14424E-03  1.296E+01 6.424E+00  1.536E+02 1.794E+02
 2.16295E-03  1.293E+01 6.443E+00  1.525E+02 1.795E+02
 2.18200E-03  1.290E+01 6.463E+00  1.514E+02 1.797E+02
 2.20099E-03  1.287E+01 6.483E+00  1.503E+02 1.798E+02
 2.22032E-03  1.283E+01 6.503E+00  1.490E+02 1.799E+02
 2.23959E-03  1.280E+01 6.525E+00  1.479E+02 1.801E+02
 2.25919E-03  1.277E+01 6.547E+00  1.467E+02 1.803E+02
 2.27872E-03  1.273E+01 6.569E+00  1.454E+02 1.804E+02
 2.29859E-03  1.270E+01 6.591E+00  1.442E+02 1.806E+02
 2.31881E-03  1.266E+01 6.614E+00  1.429E+02 1.807E+02
 2.33895E-03  1.262E+01 6.638E+00  1.414E+02 1.808E+02
 2.35944E-03  1.259E+01 6.662E+00  1.403E+02 1.811E+02
 2.37983E-03  1.255E+01 6.686E+00  1.389E+02 1.812E+02
 2.40105E-03  1.251E+01 6.710E+00  1.375E+02 1.813E+02
 2.42170E-03  1.247E+01 6.734E+00  1.361E+02 1.814E+02
 2.44270E-03  1.243E+01 6.758E+00  1.347E+02 1.815E+02
 2.46408E-03  1.239E+01 6.783E+00  1.333E+02 1.816E+02
 2.48583E-03  1.234E+01 6.808E+00  1.316E+02 1.816E+02
 2.50747E-03  1.230E+01 6.832E+00  1.302E+02 1.817E+02
 2.52948E-03  1.225E+01 6.856E+00  1.286E+02 1.817E+02
 2.55136E-03  1.221E+01 6.881E+00  1.272E+02 1.818E+02
 2.57362E-03  1.216E+01 6.905E+00  1.255E+02 1.817E+02
 2.59627E-03  1.211E+01 6.929E+00  1.239E+02 1.817E+02
 2.61877E-03  1.206E+01 6.952E+00  1.222E+02 1.816E+02
 2.64166E-03  1.201E+01 6.975E+00  1.206E+02 1.815E+02
 2.66496E-03  1.196E+01 6.998E+00  1.190E+02 1.814E+02
 2.68809E-03  1.191E+01 7.020E+00  1.174E+02 1.813E+02
 2.71162E-03  1.186E+01 7.041E+00  1.158E+02 1.811E+02
 2.73497E-03  1.180E+01 7.062E+00  1.140E+02 1.808E+02
 2.75872E-03  1.175E+01 7.082E+00  1.124E+02 1.806E+02
 2.78288E-03  1.169E+01 7.101E+00  1.106E+02 1.802E+02
 2.80748E-03  1.163E+01 7.118E+00  1.089E+02 1.798E+02
 2.83186E-03  1.158E+01 7.136E+00  1.073E+02 1.795E+02
 2.85668E-03  1.152E+01 7.152E+00  1.056E+02 1.791E+02
 2.88126E-03  1.146E+01 7.167E+00  1.039E+02 1.786E+02
 2.90626E-03  1.140E+01 7.182E+00  1.022E+02 1.781E+02
 2.93171E-03  1.134E+01 7.195E+00  1.005E+02 1.776E+02
 2.95760E-03  1.128E+01 7.208E+00  9.884E+01 1.770E+02
 2.98324E-03  1.122E+01 7.219E+00  9.721E+01 1.764E+02
 3.00933E-03  1.116E+01 7.230E+00  9.559E+01 1.758E+02
 3.03587E-03  1.110E+01 7.242E+00  9.396E+01 1.753E+02
 3.06214E-03  1.104E+01 7.254E+00  9.234E+01 1.747E+02
 3.08886E-03  1.097E+01 7.264E+00  9.052E+01 1.739E+02
 3.11605E-03  1.089E+01 7.267E+00  8.856E+01 1.728E+02
 3.14292E-03  1.082E+01 7.261E+00  8.699E+01 1.717E+02
 3.17027E-03  1.075E+01 7.247E+00  8.554E+01 1.703E+02
 3.19809E-03  1.068E+01 7.223E+00  8.425E+01 1.687E+02
 3.22641E-03  1.062E+01 7.192E+00  8.330E+01 1.671E+02
 3.25437E-03  1.057E+01 7.155E+00  8.267E+01 1.656E+02
 3.28283E-03  1.054E+01 7.116E+00  8.253E+01 1.642E+02
 3.31090E-03  1.052E+01 7.081E+00  8.257E+01 1.631E+02
 3.34036E-03  1.053E+01 7.060E+00  8.310E+01 1.628E+02
 3.36943E-03  1.054E+01 7.065E+00  8.326E+01 1.631E+02
 3.39901E-03  1.054E+01 7.093E+00  8.286E+01 1.637E+02
 3.42817E-03  1.052E+01 7.136E+00  8.179E+01 1.644E+02
 3.45783E-03  1.049E+01 7.179E+00  8.048E+01 1.650E+02
 3.48801E-03  1.045E+01 7.217E+00  7.902E+01 1.653E+02
 3.51872E-03  1.041E+01 7.250E+00  7.763E+01 1.654E+02
 3.54997E-03  1.036E+01 7.284E+00  7.599E+01 1.655E+02
 3.58075E-03  1.031E+01 7.320E+00  7.433E+01 1.656E+02
 3.61207E-03  1.025E+01 7.356E+00  7.245E+01 1.655E+02
 3.64287E-03  1.019E+01 7.391E+00  7.059E+01 1.654E+02
 3.67529E-03  1.012E+01 7.420E+00  6.860E+01 1.650E+02
 3.70718E-03  1.004E+01 7.444E+00  6.647E+01 1.644E+02
 3.73963E-03  9.970E+00 7.461E+00  6.467E+01 1.637E+02
 3.77266E-03  9.890E+00 7.473E+00  6.275E+01 1.628E+02
 3.80510E-03  9.820E+00 7.480E+00  6.112E+01 1.619E+02
 3.83810E-03  9.750E+00 7.483E+00  5.957E+01 1.609E+02
 3.87169E-03  9.680E+00 7.485E+00  5.804E+01 1.599E+02
 3.90586E-03  9.610E+00 7.488E+00  5.650E+01 1.589E+02
 3.93940E-03  9.540E+00 7.491E+00  5.498E+01 1.579E+02
 3.97478E-03  9.470E+00 7.492E+00  5.349E+01 1.569E+02
 4.00822E-03  9.390E+00 7.488E+00  5.188E+01 1.556E+02
 4.04354E-03  9.320E+00 7.476E+00  5.061E+01 1.543E+02
 4.07949E-03  9.250E+00 7.460E+00  4.941E+01 1.529E+02
 4.11471E-03  9.190E+00 7.442E+00  4.845E+01 1.517E+02
 4.15055E-03  9.140E+00 7.425E+00  4.769E+01 1.506E+02
 4.18702E-03  9.090E+00 7.411E+00  4.689E+01 1.496E+02
 4.22270E-03  9.040E+00 7.401E+00  4.603E+01 1.486E+02
 4.26045E-03  8.993E+00 7.395E+00  4.517E+01 1.478E+02
 4.29740E-03  8.945E+00 7.393E+00  4.425E+01 1.470E+02
 4.33499E-03  8.894E+00 7.393E+00  4.323E+01 1.463E+02
 4.37324E-03  8.838E+00 7.394E+00  4.212E+01 1.455E+02
 4.41061E-03  8.778E+00 7.392E+00  4.097E+01 1.446E+02
 4.45022E-03  8.716E+00 7.383E+00  3.989E+01 1.435E+02
 4.48891E-03  8.658E+00 7.368E+00  3.899E+01 1.423E+02
 4.52829E-03  8.607E+00 7.349E+00  3.829E+01 1.412E+02
 4.56668E-03  8.564E+00 7.332E+00  3.771E+01 1.402E+02
 4.60744E-03  8.529E+00 7.321E+00  3.720E+01 1.395E+02
 4.64719E-03  8.495E+00 7.319E+00  3.659E+01 1.390E+02
 4.68763E-03  8.459E+00 7.325E+00  3.582E+01 1.386E+02
 4.72878E-03  8.419E+00 7.338E+00  3.487E+01 1.382E+02
 4.77066E-03  8.371E+00 7.354E+00  3.373E+01 1.378E+02
 4.81142E-03  8.315E+00 7.373E+00  3.241E+01 1.374E+02
 4.85288E-03  8.250E+00 7.390E+00  3.095E+01 1.367E+02
 4.89506E-03  8.175E+00 7.402E+00  2.939E+01 1.358E+02
 4.93798E-03  8.094E+00 7.404E+00  2.788E+01 1.347E+02
 4.98166E-03  8.011E+00 7.390E+00  2.659E+01 1.332E+02
 5.02409E-03  7.934E+00 7.362E+00  2.562E+01 1.315E+02
 5.06931E-03  7.871E+00 7.325E+00  2.504E+01 1.300E+02
 5.11325E-03  7.825E+00 7.288E+00  2.477E+01 1.286E+02
 5.15795E-03  7.794E+00 7.259E+00  2.464E+01 1.277E+02
 5.20344E-03  7.771E+00 7.247E+00  2.441E+01 1.271E+02
 5.24752E-03  7.744E+00 7.251E+00  2.388E+01 1.268E+02
 5.29462E-03  7.707E+00 7.267E+00  2.300E+01 1.265E+02
 5.34026E-03  7.657E+00 7.286E+00  2.186E+01 1.261E+02
 5.38670E-03  7.593E+00 7.302E+00  2.052E+01 1.255E+02
 5.43395E-03  7.521E+00 7.306E+00  1.923E+01 1.245E+02
 5.48204E-03  7.448E+00 7.298E+00  1.811E+01 1.233E+02
 5.52851E-03  7.381E+00 7.282E+00  1.721E+01 1.221E+02
 5.57830E-03  7.321E+00 7.262E+00  1.650E+01 1.209E+02
 5.62643E-03  7.269E+00 7.244E+00  1.590E+01 1.198E+02
 5.67540E-03  7.222E+00 7.232E+00  1.530E+01 1.189E+02
 5.72523E-03  7.174E+00 7.226E+00  1.460E+01 1.181E+02
 5.77594E-03  7.122E+00 7.224E+00  1.378E+01 1.173E+02
 5.82482E-03  7.065E+00 7.223E+00  1.287E+01 1.165E+02
 5.87454E-03  7.002E+00 7.220E+00  1.190E+01 1.155E+02
 5.92794E-03  6.935E+00 7.211E+00  1.097E+01 1.144E+02
 5.97944E-03  6.869E+00 7.195E+00  1.015E+01 1.132E+02
 6.03184E-03  6.806E+00 7.172E+00  9.496E+00 1.120E+02
 6.08517E-03  6.750E+00 7.147E+00  8.983E+00 1.108E+02
 6.13640E-03  6.700E+00 7.121E+00  8.581E+00 1.097E+02
 6.19160E-03  6.656E+00 7.099E+00  8.219E+00 1.087E+02
 6.24466E-03  6.616E+00 7.082E+00  7.849E+00 1.079E+02
 6.29863E-03  6.576E+00 7.071E+00  7.397E+00 1.071E+02
 6.35354E-03  6.535E+00 7.066E+00  6.848E+00 1.065E+02
 6.40942E-03  6.490E+00 7.065E+00  6.186E+00 1.058E+02
 6.46628E-03  6.441E+00 7.066E+00  5.440E+00 1.052E+02
 6.52074E-03  6.387E+00 7.067E+00  4.625E+00 1.044E+02
 6.57961E-03  6.329E+00 7.068E+00  3.758E+00 1.036E+02
 6.63599E-03  6.267E+00 7.067E+00  2.867E+00 1.027E+02
 6.69335E-03  6.201E+00 7.063E+00  1.968E+00 1.017E+02
 6.75172E-03  6.133E+00 7.056E+00  1.093E+00 1.007E+02
 6.81111E-03  6.063E+00 7.046E+00  2.399E-01 9.953E+01
 6.87155E-03  5.992E+00 7.031E+00 -5.469E-01 9.832E+01
 6.92919E-03  5.921E+00 7.010E+00 -1.240E+00 9.703E+01
 6.99176E-03  5.852E+00 6.985E+00 -1.840E+00 9.572E+01
 7.05145E-03  5.787E+00 6.957E+00 -2.336E+00 9.443E+01
 7.11217E-03  5.725E+00 6.926E+00 -2.744E+00 9.315E+01
 7.17394E-03  5.668E+00 6.894E+00 -3.065E+00 9.194E+01
 7.23680E-03  5.615E+00 6.863E+00 -3.343E+00 9.080E+01
 7.30077E-03  5.566E+00 6.835E+00 -3.605E+00 8.976E+01
 7.36587E-03  5.517E+00 6.810E+00 -3.905E+00 8.876E+01
 7.42770E-03  5.468E+00 6.789E+00 -4.256E+00 8.782E+01
 7.49510E-03  5.417E+00 6.770E+00 -4.655E+00 8.689E+01
 7.55912E-03  5.364E+00 6.751E+00 -5.076E+00 8.593E+01
 7.62425E-03  5.307E+00 6.733E+00 -5.555E+00 8.493E+01
 7.69050E-03  5.248E+00 6.712E+00 -6.013E+00 8.387E+01
 7.75792E-03  5.186E+00 6.689E+00 -6.476E+00 8.276E+01
 7.82653E-03  5.124E+00 6.661E+00 -6.866E+00 8.158E+01
 7.89637E-03  5.061E+00 6.629E+00 -7.208E+00 8.036E+01
 7.96234E-03  5.000E+00 6.594E+00 -7.481E+00 7.913E+01
 8.03463E-03  4.942E+00 6.554E+00 -7.648E+00 7.789E+01
 8.10294E-03  4.887E+00 6.512E+00 -7.749E+00 7.667E+01
 8.17243E-03  4.835E+00 6.467E+00 -7.775E+00 7.547E+01
 8.24860E-03  4.789E+00 6.419E+00 -7.691E+00 7.432E+01
 8.32062E-03  4.749E+00 6.370E+00 -7.526E+00 7.324E+01
 8.38822E-03  4.717E+00 6.321E+00 -7.271E+00 7.227E+01
 8.46271E-03  4.694E+00 6.277E+00 -6.979E+00 7.148E+01
 8.53852E-03  4.677E+00 6.240E+00 -6.709E+00 7.085E+01
 8.60973E-03  4.666E+00 6.215E+00 -6.523E+00 7.043E+01
 8.68822E-03  4.655E+00 6.205E+00 -6.523E+00 7.018E+01
 8.76195E-03  4.637E+00 6.213E+00 -6.826E+00 7.005E+01
 8.83695E-03  4.593E+00 6.245E+00 -7.718E+00 6.986E+01
 8.91965E-03  4.494E+00 6.277E+00 -9.217E+00 6.897E+01
 8.99739E-03  4.399E+00 6.203E+00 -9.328E+00 6.698E+01
 9.07648E-03  4.348E+00 6.163E+00 -9.381E+00 6.592E+01
 9.15022E-03  4.284E+00 6.126E+00 -9.607E+00 6.474E+01
 9.23204E-03  4.230E+00 6.054E+00 -9.298E+00 6.332E+01
 9.31534E-03  4.216E+00 5.983E+00 -8.590E+00 6.241E+01
 9.39303E-03  4.197E+00 5.969E+00 -8.620E+00 6.204E+01
 9.47927E-03  4.185E+00 5.913E+00 -8.079E+00 6.132E+01
 9.55972E-03  4.172E+00 5.930E+00 -8.415E+00 6.134E+01
 9.64156E-03  4.129E+00 5.925E+00 -8.799E+00 6.078E+01
 9.72480E-03  4.059E+00 5.934E+00 -9.619E+00 6.004E+01
 9.80950E-03  4.002E+00 5.868E+00 -9.413E+00 5.870E+01
 9.89569E-03  3.950E+00 5.868E+00 -9.931E+00 5.809E+01
 9.98340E-03  3.892E+00 5.806E+00 -9.778E+00 5.681E+01
 1.00727E-02  3.837E+00 5.784E+00 -1.006E+01 5.595E+01
 1.01552E-02  3.780E+00 5.713E+00 -9.790E+00 5.462E+01
 1.02476E-02  3.751E+00 5.644E+00 -9.283E+00 5.363E+01
 1.03331E-02  3.744E+00 5.583E+00 -8.664E+00 5.297E+01
 1.04288E-02  3.728E+00 5.560E+00 -8.560E+00 5.258E+01
 1.05173E-02  3.726E+00 5.503E+00 -7.948E+00 5.201E+01
 1.06074E-02  3.718E+00 5.509E+00 -8.090E+00 5.198E+01
 1.06990E-02  3.692E+00 5.489E+00 -8.114E+00 5.151E+01
 1.07922E-02  3.655E+00 5.488E+00 -8.449E+00 5.109E+01
 1.08870E-02  3.615E+00 5.458E+00 -8.492E+00 5.038E+01
 1.09835E-02  3.577E+00 5.441E+00 -8.656E+00 4.981E+01
 1.10818E-02  3.519E+00 5.423E+00 -8.988E+00 4.901E+01
 1.11818E-02  3.481E+00 5.355E+00 -8.597E+00 4.799E+01
 1.12733E-02  3.451E+00 5.327E+00 -8.566E+00 4.742E+01
 1.13769E-02  3.440E+00 5.264E+00 -7.996E+00 4.674E+01
 1.14717E-02  3.427E+00 5.261E+00 -8.080E+00 4.658E+01
 1.15681E-02  3.402E+00 5.233E+00 -8.007E+00 4.607E+01
 1.16771E-02  3.372E+00 5.223E+00 -8.165E+00 4.567E+01
 1.17770E-02  3.335E+00 5.196E+00 -8.206E+00 4.505E+01
 1.18786E-02  3.309E+00 5.162E+00 -8.079E+00 4.449E+01
 1.19820E-02  3.280E+00 5.147E+00 -8.173E+00 4.406E+01
 1.20872E-02  3.245E+00 5.122E+00 -8.215E+00 4.349E+01
 1.21943E-02  3.214E+00 5.096E+00 -8.211E+00 4.295E+01
 1.23033E-02  3.175E+00 5.077E+00 -8.345E+00 4.239E+01
 1.24055E-02  3.140E+00 5.040E+00 -8.262E+00 4.173E+01
 1.25145E-02  3.116E+00 5.008E+00 -8.139E+00 4.123E+01
 1.26229E-02  3.084E+00 4.990E+00 -8.221E+00 4.076E+01
 1.27332E-02  3.052E+00 4.957E+00 -8.153E+00 4.017E+01
 1.28441E-02  3.030E+00 4.930E+00 -8.064E+00 3.974E+01
 1.29569E-02  3.001E+00 4.919E+00 -8.189E+00 3.936E+01
 1.30704E-02  2.954E+00 4.908E+00 -8.454E+00 3.881E+01
 1.31844E-02  2.902E+00 4.876E+00 -8.550E+00 3.805E+01
 1.32991E-02  2.863E+00 4.834E+00 -8.445E+00 3.735E+01
 1.34157E-02  2.816E+00 4.808E+00 -8.555E+00 3.669E+01
 1.35329E-02  2.770E+00 4.754E+00 -8.388E+00 3.585E+01
 1.36507E-02  2.752E+00 4.691E+00 -7.928E+00 3.520E+01
 1.37691E-02  2.737E+00 4.661E+00 -7.760E+00 3.484E+01
 1.38895E-02  2.707E+00 4.636E+00 -7.751E+00 3.437E+01
 1.40104E-02  2.674E+00 4.597E+00 -7.634E+00 3.378E+01
 1.41335E-02  2.641E+00 4.558E+00 -7.518E+00 3.319E+01
 1.42571E-02  2.607E+00 4.511E+00 -7.339E+00 3.254E+01
 1.43812E-02  2.597E+00 4.449E+00 -6.855E+00 3.201E+01
 1.45058E-02  2.582E+00 4.421E+00 -6.715E+00 3.167E+01
 1.46326E-02  2.556E+00 4.380E+00 -6.539E+00 3.115E+01
 1.47616E-02  2.549E+00 4.323E+00 -6.093E+00 3.068E+01
 1.48893E-02  2.540E+00 4.291E+00 -5.881E+00 3.038E+01
 1.50193E-02  2.536E+00 4.242E+00 -5.491E+00 3.000E+01
 1.51515E-02  2.548E+00 4.204E+00 -5.085E+00 2.983E+01
 1.52823E-02  2.550E+00 4.188E+00 -4.937E+00 2.973E+01
 1.54155E-02  2.572E+00 4.156E+00 -4.513E+00 2.969E+01
 1.55509E-02  2.594E+00 4.179E+00 -4.547E+00 3.004E+01
 1.56868E-02  2.548E+00 4.241E+00 -5.398E+00 3.009E+01
 1.58230E-02  2.456E+00 4.239E+00 -6.025E+00 2.930E+01
 1.59616E-02  2.385E+00 4.172E+00 -5.947E+00 2.824E+01
 1.61006E-02  2.367E+00 4.087E+00 -5.367E+00 2.752E+01
 1.62420E-02  2.384E+00 4.036E+00 -4.838E+00 2.732E+01
 1.63838E-02  2.393E+00 4.030E+00 -4.728E+00 2.735E+01
 1.65258E-02  2.367E+00 4.038E+00 -4.969E+00 2.719E+01
 1.66703E-02  2.319E+00 4.020E+00 -5.145E+00 2.668E+01
 1.68151E-02  2.279E+00 3.973E+00 -5.033E+00 2.605E+01
 1.69625E-02  2.266E+00 3.915E+00 -4.660E+00 2.557E+01
 1.71101E-02  2.276E+00 3.874E+00 -4.276E+00 2.538E+01
 1.72602E-02  2.274E+00 3.872E+00 -4.273E+00 2.535E+01
 1.74106E-02  2.225E+00 3.873E+00 -4.600E+00 2.498E+01
 1.75637E-02  2.196E+00 3.807E+00 -4.279E+00 2.433E+01
 1.77169E-02  2.222E+00 3.753E+00 -3.704E+00 2.418E+01
 1.78702E-02  2.222E+00 3.775E+00 -3.869E+00 2.433E+01
 1.80262E-02  2.170E+00 3.787E+00 -4.292E+00 2.401E+01
 1.81849E-02  2.107E+00 3.743E+00 -4.357E+00 2.326E+01
 1.83411E-02  2.085E+00 3.662E+00 -3.893E+00 2.259E+01
 1.85027E-02  2.110E+00 3.597E+00 -3.266E+00 2.237E+01
 1.86644E-02  2.141E+00 3.585E+00 -2.986E+00 2.252E+01
 1.88260E-02  2.140E+00 3.606E+00 -3.144E+00 2.265E+01
 1.89905E-02  2.091E+00 3.622E+00 -3.565E+00 2.239E+01
 1.91579E-02  2.035E+00 3.587E+00 -3.655E+00 2.177E+01
 1.93252E-02  2.012E+00 3.525E+00 -3.353E+00 2.123E+01
 1.94924E-02  2.008E+00 3.483E+00 -3.083E+00 2.095E+01
 1.96626E-02  2.001E+00 3.455E+00 -2.931E+00 2.074E+01
 1.98357E-02  1.992E+00 3.426E+00 -2.785E+00 2.050E+01
 2.00087E-02  1.983E+00 3.399E+00 -2.655E+00 2.028E+01
 2.01815E-02  1.972E+00 3.376E+00 -2.565E+00 2.007E+01
 2.03572E-02  1.959E+00 3.349E+00 -2.460E+00 1.982E+01
 2.05361E-02  1.950E+00 3.319E+00 -2.313E+00 1.958E+01
 2.07146E-02  1.943E+00 3.296E+00 -2.202E+00 1.940E+01
 2.08963E-02  1.929E+00 3.277E+00 -2.160E+00 1.920E+01
 2.10776E-02  1.912E+00 3.248E+00 -2.070E+00 1.892E+01
 2.12621E-02  1.904E+00 3.214E+00 -1.897E+00 1.867E+01
 2.14498E-02  1.902E+00 3.188E+00 -1.742E+00 1.850E+01
 2.16333E-02  1.897E+00 3.171E+00 -1.663E+00 1.837E+01
 2.18238E-02  1.883E+00 3.155E+00 -1.642E+00 1.819E+01
 2.20139E-02  1.863E+00 3.132E+00 -1.613E+00 1.793E+01
 2.22072E-02  1.848E+00 3.097E+00 -1.480E+00 1.764E+01
 2.23999E-02  1.848E+00 3.058E+00 -1.240E+00 1.742E+01
 2.25960E-02  1.856E+00 3.035E+00 -1.054E+00 1.734E+01
 2.27914E-02  1.854E+00 3.027E+00 -1.017E+00 1.728E+01
 2.29902E-02  1.840E+00 3.015E+00 -1.025E+00 1.713E+01
 2.31924E-02  1.827E+00 2.994E+00 -9.721E-01 1.693E+01
 2.33939E-02  1.818E+00 2.971E+00 -8.857E-01 1.674E+01
 2.35989E-02  1.808E+00 2.951E+00 -8.235E-01 1.657E+01
 2.38075E-02  1.798E+00 2.930E+00 -7.561E-01 1.640E+01
 2.40151E-02  1.791E+00 2.905E+00 -6.493E-01 1.622E+01
 2.42217E-02  1.789E+00 2.884E+00 -5.389E-01 1.609E+01
 2.44319E-02  1.784E+00 2.871E+00 -4.920E-01 1.599E+01
 2.46457E-02  1.772E+00 2.860E+00 -4.956E-01 1.586E+01
 2.48633E-02  1.756E+00 2.843E+00 -4.871E-01 1.567E+01
 2.50798E-02  1.745E+00 2.820E+00 -4.174E-01 1.548E+01
 2.53000E-02  1.737E+00 2.799E+00 -3.432E-01 1.532E+01
 2.55188E-02  1.728E+00 2.784E+00 -3.087E-01 1.519E+01
 2.57415E-02  1.714E+00 2.767E+00 -2.905E-01 1.502E+01
 2.59681E-02  1.702E+00 2.744E+00 -2.287E-01 1.483E+01
 2.61932E-02  1.695E+00 2.722E+00 -1.463E-01 1.467E+01
 2.64223E-02  1.688E+00 2.707E+00 -1.025E-01 1.455E+01
 2.66496E-02  1.671E+00 2.697E+00 -1.396E-01 1.441E+01
 2.68867E-02  1.646E+00 2.677E+00 -1.650E-01 1.417E+01
 2.71222E-02  1.629E+00 2.640E+00 -5.796E-02 1.388E+01
 2.73557E-02  1.629E+00 2.602E+00  1.412E-01 1.368E+01
 2.75933E-02  1.638E+00 2.578E+00  3.130E-01 1.360E+01
 2.78351E-02  1.638E+00 2.569E+00  3.593E-01 1.355E+01
 2.80811E-02  1.626E+00 2.560E+00  3.423E-01 1.345E+01
 2.83251E-02  1.611E+00 2.540E+00  3.657E-01 1.326E+01
 2.85733E-02  1.603E+00 2.513E+00  4.604E-01 1.308E+01
 2.88193E-02  1.601E+00 2.490E+00  5.651E-01 1.295E+01
 2.90695E-02  1.600E+00 2.473E+00  6.443E-01 1.286E+01
 2.93240E-02  1.594E+00 2.460E+00  6.772E-01 1.276E+01
 2.95831E-02  1.584E+00 2.445E+00  6.990E-01 1.264E+01
 2.98396E-02  1.574E+00 2.426E+00  7.400E-01 1.249E+01
 3.01006E-02  1.564E+00 2.403E+00  7.997E-01 1.232E+01
 3.03662E-02  1.560E+00 2.378E+00  8.987E-01 1.218E+01
 3.06289E-02  1.561E+00 2.354E+00  1.017E+00 1.206E+01
 3.08963E-02  1.566E+00 2.337E+00  1.123E+00 1.199E+01
 3.11683E-02  1.569E+00 2.328E+00  1.180E+00 1.196E+01
 3.14372E-02  1.563E+00 2.323E+00  1.173E+00 1.191E+01
 3.17108E-02  1.551E+00 2.314E+00  1.153E+00 1.181E+01
 3.19892E-02  1.538E+00 2.297E+00  1.165E+00 1.166E+01
 3.22641E-02  1.531E+00 2.276E+00  1.226E+00 1.152E+01
 3.25523E-02  1.529E+00 2.257E+00  1.302E+00 1.142E+01
 3.28370E-02  1.527E+00 2.244E+00  1.350E+00 1.134E+01
 3.31179E-02  1.522E+00 2.234E+00  1.370E+00 1.127E+01
 3.34126E-02  1.513E+00 2.223E+00  1.373E+00 1.117E+01
 3.37035E-02  1.503E+00 2.208E+00  1.390E+00 1.105E+01
 3.39901E-02  1.494E+00 2.191E+00  1.420E+00 1.093E+01
 3.42912E-02  1.487E+00 2.174E+00  1.459E+00 1.081E+01
 3.45879E-02  1.482E+00 2.157E+00  1.508E+00 1.071E+01
 3.48899E-02  1.478E+00 2.141E+00  1.557E+00 1.061E+01
 3.51972E-02  1.474E+00 2.127E+00  1.597E+00 1.052E+01
 3.54997E-02  1.470E+00 2.114E+00  1.632E+00 1.044E+01
 3.58179E-02  1.466E+00 2.102E+00  1.663E+00 1.037E+01
 3.61312E-02  1.459E+00 2.090E+00  1.679E+00 1.028E+01
 3.64394E-02  1.453E+00 2.077E+00  1.703E+00 1.019E+01
 3.67638E-02  1.446E+00 2.065E+00  1.719E+00 1.010E+01
 3.70829E-02  1.439E+00 2.052E+00  1.738E+00 1.001E+01
 3.74076E-02  1.433E+00 2.039E+00  1.762E+00 9.922E+00
 3.77266E-02  1.426E+00 2.027E+00  1.777E+00 9.835E+00
 3.80627E-02  1.419E+00 2.016E+00  1.787E+00 9.753E+00
 3.83929E-02  1.410E+00 2.005E+00  1.788E+00 9.664E+00
 3.87290E-02  1.400E+00 1.992E+00  1.792E+00 9.562E+00
 3.90710E-02  1.389E+00 1.979E+00  1.791E+00 9.456E+00
 3.94065E-02  1.379E+00 1.964E+00  1.802E+00 9.345E+00
 3.97478E-02  1.368E+00 1.947E+00  1.817E+00 9.221E+00
 4.00951E-02  1.359E+00 1.928E+00  1.848E+00 9.096E+00
 4.04486E-02  1.353E+00 1.909E+00  1.892E+00 8.984E+00
 4.07949E-02  1.349E+00 1.889E+00  1.949E+00 8.875E+00
 4.11608E-02  1.346E+00 1.872E+00  1.999E+00 8.783E+00
 4.15194E-02  1.345E+00 1.857E+00  2.051E+00 8.709E+00
 4.18702E-02  1.342E+00 1.845E+00  2.081E+00 8.642E+00
 4.22414E-02  1.338E+00 1.833E+00  2.106E+00 8.571E+00
 4.26045E-02  1.333E+00 1.820E+00  2.130E+00 8.492E+00
 4.29889E-02  1.327E+00 1.807E+00  2.150E+00 8.410E+00
 4.33651E-02  1.321E+00 1.793E+00  2.172E+00 8.323E+00
 4.37324E-02  1.316E+00 1.779E+00  2.199E+00 8.240E+00
 4.41218E-02  1.311E+00 1.765E+00  2.225E+00 8.158E+00
 4.45022E-02  1.306E+00 1.751E+00  2.252E+00 8.076E+00
 4.48891E-02  1.302E+00 1.737E+00  2.282E+00 7.997E+00
 4.52829E-02  1.297E+00 1.723E+00  2.307E+00 7.915E+00
 4.56836E-02  1.293E+00 1.709E+00  2.337E+00 7.837E+00
 4.60744E-02  1.289E+00 1.694E+00  2.370E+00 7.755E+00
 4.64719E-02  1.285E+00 1.680E+00  2.399E+00 7.678E+00
 4.68940E-02  1.283E+00 1.665E+00  2.440E+00 7.602E+00
 4.72878E-02  1.281E+00 1.651E+00  2.477E+00 7.532E+00
 4.77066E-02  1.280E+00 1.638E+00  2.515E+00 7.469E+00
 4.81329E-02  1.279E+00 1.626E+00  2.550E+00 7.411E+00
 4.85478E-02  1.278E+00 1.614E+00  2.584E+00 7.353E+00
 4.89700E-02  1.276E+00 1.603E+00  2.611E+00 7.297E+00
 4.93995E-02  1.274E+00 1.593E+00  2.633E+00 7.245E+00
 4.98166E-02  1.272E+00 1.583E+00  2.656E+00 7.193E+00
 5.02613E-02  1.269E+00 1.574E+00  2.671E+00 7.143E+00
 5.06931E-02  1.266E+00 1.564E+00  2.689E+00 7.088E+00
 5.11325E-02  1.262E+00 1.555E+00  2.699E+00 7.035E+00
 5.15795E-02  1.258E+00 1.545E+00  2.712E+00 6.977E+00
 5.20344E-02  1.254E+00 1.536E+00  2.721E+00 6.924E+00
 5.24975E-02  1.249E+00 1.526E+00  2.729E+00 6.864E+00
 5.29462E-02  1.245E+00 1.515E+00  2.745E+00 6.802E+00
 5.34026E-02  1.240E+00 1.504E+00  2.756E+00 6.738E+00
 5.38904E-02  1.235E+00 1.493E+00  2.766E+00 6.674E+00
 5.43395E-02  1.231E+00 1.481E+00  2.784E+00 6.608E+00
 5.48204E-02  1.228E+00 1.469E+00  2.806E+00 6.546E+00
 5.53098E-02  1.225E+00 1.458E+00  2.825E+00 6.488E+00
 5.57830E-02  1.223E+00 1.447E+00  2.848E+00 6.433E+00
 5.62643E-02  1.221E+00 1.437E+00  2.868E+00 6.383E+00
 5.67540E-02  1.218E+00 1.428E+00  2.880E+00 6.335E+00
 5.72523E-02  1.214E+00 1.419E+00  2.888E+00 6.283E+00
 5.77594E-02  1.209E+00 1.409E+00  2.894E+00 6.225E+00
 5.82756E-02  1.204E+00 1.399E+00  2.900E+00 6.167E+00
 5.87732E-02  1.199E+00 1.387E+00  2.912E+00 6.100E+00
 5.92794E-02  1.194E+00 1.373E+00  2.929E+00 6.025E+00
 5.97944E-02  1.192E+00 1.359E+00  2.958E+00 5.958E+00
 6.03184E-02  1.193E+00 1.345E+00  3.000E+00 5.899E+00
 6.08517E-02  1.196E+00 1.333E+00  3.046E+00 5.855E+00
 6.13944E-02  1.199E+00 1.325E+00  3.080E+00 5.827E+00
 6.19160E-02  1.199E+00 1.320E+00  3.093E+00 5.805E+00
 6.24466E-02  1.195E+00 1.313E+00  3.094E+00 5.764E+00
 6.29863E-02  1.195E+00 1.301E+00  3.125E+00 5.711E+00
 6.35354E-02  1.194E+00 1.295E+00  3.137E+00 5.682E+00
 6.40942E-02  1.194E+00 1.287E+00  3.157E+00 5.647E+00
 6.46628E-02  1.192E+00 1.282E+00  3.161E+00 5.620E+00
 6.52417E-02  1.188E+00 1.276E+00  3.159E+00 5.584E+00
 6.57961E-02  1.187E+00 1.265E+00  3.183E+00 5.533E+00
 6.63599E-02  1.186E+00 1.261E+00  3.188E+00 5.513E+00
 6.69697E-02  1.182E+00 1.256E+00  3.184E+00 5.481E+00
 6.75540E-02  1.177E+00 1.249E+00  3.179E+00 5.438E+00
 6.81110E-02  1.174E+00 1.239E+00  3.191E+00 5.387E+00
 6.87155E-02  1.172E+00 1.232E+00  3.200E+00 5.352E+00
 6.93307E-02  1.168E+00 1.226E+00  3.197E+00 5.316E+00
 6.99176E-02  1.165E+00 1.216E+00  3.209E+00 5.265E+00
 7.05547E-02  1.161E+00 1.211E+00  3.203E+00 5.234E+00
 7.11626E-02  1.157E+00 1.200E+00  3.213E+00 5.177E+00
 7.17810E-02  1.156E+00 1.189E+00  3.235E+00 5.127E+00
 7.24103E-02  1.158E+00 1.181E+00  3.262E+00 5.097E+00
 7.30507E-02  1.159E+00 1.176E+00  3.278E+00 5.078E+00
 7.36587E-02  1.156E+00 1.173E+00  3.272E+00 5.058E+00
 7.43215E-02  1.154E+00 1.167E+00  3.278E+00 5.027E+00
 7.49510E-02  1.150E+00 1.165E+00  3.265E+00 5.010E+00
 7.56374E-02  1.145E+00 1.158E+00  3.260E+00 4.968E+00
 7.62894E-02  1.140E+00 1.152E+00  3.252E+00 4.931E+00
 7.69528E-02  1.137E+00 1.144E+00  3.258E+00 4.889E+00
 7.76278E-02  1.133E+00 1.138E+00  3.255E+00 4.855E+00
 7.82653E-02  1.128E+00 1.132E+00  3.247E+00 4.818E+00
 7.89637E-02  1.126E+00 1.122E+00  3.261E+00 4.771E+00
 7.96746E-02  1.123E+00 1.120E+00  3.253E+00 4.756E+00
 8.03463E-02  1.115E+00 1.114E+00  3.232E+00 4.712E+00
 8.10825E-02  1.110E+00 1.103E+00  3.235E+00 4.655E+00
 8.17782E-02  1.105E+00 1.095E+00  3.232E+00 4.610E+00
 8.24860E-02  1.103E+00 1.084E+00  3.248E+00 4.559E+00
 8.32062E-02  1.102E+00 1.074E+00  3.265E+00 4.515E+00
 8.39390E-02  1.102E+00 1.066E+00  3.282E+00 4.481E+00
 8.46849E-02  1.103E+00 1.059E+00  3.301E+00 4.454E+00
 8.53852E-02  1.101E+00 1.057E+00  3.297E+00 4.442E+00
 8.61572E-02  1.098E+00 1.050E+00  3.299E+00 4.406E+00
 8.68822E-02  1.095E+00 1.044E+00  3.299E+00 4.374E+00
 8.76815E-02  1.094E+00 1.037E+00  3.309E+00 4.343E+00
 8.84326E-02  1.091E+00 1.033E+00  3.305E+00 4.320E+00
 8.91965E-02  1.087E+00 1.028E+00  3.299E+00 4.291E+00
 8.99739E-02  1.085E+00 1.020E+00  3.307E+00 4.253E+00
 9.07648E-02  1.083E+00 1.015E+00  3.309E+00 4.228E+00
 9.15698E-02  1.080E+00 1.011E+00  3.304E+00 4.206E+00
 9.23204E-02  1.075E+00 1.007E+00  3.292E+00 4.179E+00
 9.31534E-02  1.071E+00 9.998E-01  3.289E+00 4.141E+00
 9.39303E-02  1.065E+00 9.954E-01  3.273E+00 4.111E+00
 9.47927E-02  1.060E+00 9.853E-01  3.273E+00 4.059E+00
 9.55972E-02  1.057E+00 9.766E-01  3.278E+00 4.018E+00
 9.64156E-02  1.057E+00 9.667E-01  3.297E+00 3.977E+00
 9.72480E-02  1.056E+00 9.617E-01  3.302E+00 3.955E+00
 9.81727E-02  1.054E+00 9.552E-01  3.307E+00 3.924E+00
 9.89569E-02  1.052E+00 9.488E-01  3.310E+00 3.894E+00
 9.98340E-02  1.055E+00 9.405E-01  3.338E+00 3.865E+00
 1.00727E-01  1.053E+00 9.427E-01  3.326E+00 3.871E+00
 1.01636E-01  1.047E+00 9.382E-01  3.310E+00 3.841E+00
 1.02476E-01  1.043E+00 9.306E-01  3.308E+00 3.802E+00
 1.03417E-01  1.043E+00 9.232E-01  3.322E+00 3.772E+00
 1.04288E-01  1.040E+00 9.228E-01  3.310E+00 3.765E+00
 1.05173E-01  1.035E+00 9.166E-01  3.301E+00 3.731E+00
 1.06074E-01  1.031E+00 9.112E-01  3.295E+00 3.701E+00
 1.07082E-01  1.025E+00 9.058E-01  3.280E+00 3.668E+00
 1.08016E-01  1.021E+00 8.961E-01  3.281E+00 3.622E+00
 1.08966E-01  1.020E+00 8.882E-01  3.292E+00 3.588E+00
 1.09835E-01  1.018E+00 8.820E-01  3.294E+00 3.560E+00
 1.10818E-01  1.015E+00 8.749E-01  3.295E+00 3.526E+00
 1.11818E-01  1.015E+00 8.672E-01  3.308E+00 3.495E+00
 1.12733E-01  1.014E+00 8.620E-01  3.313E+00 3.472E+00
 1.13769E-01  1.013E+00 8.558E-01  3.320E+00 3.445E+00
 1.14717E-01  1.012E+00 8.506E-01  3.325E+00 3.423E+00
 1.15789E-01  1.012E+00 8.446E-01  3.335E+00 3.399E+00
 1.16771E-01  1.013E+00 8.411E-01  3.345E+00 3.386E+00
 1.17770E-01  1.011E+00 8.390E-01  3.340E+00 3.374E+00
 1.18786E-01  1.008E+00 8.355E-01  3.334E+00 3.355E+00
 1.19820E-01  1.006E+00 8.293E-01  3.336E+00 3.327E+00
 1.20872E-01  1.006E+00 8.260E-01  3.342E+00 3.314E+00
 1.21943E-01  1.004E+00 8.245E-01  3.336E+00 3.305E+00
 1.23033E-01  1.000E+00 8.211E-01  3.326E+00 3.284E+00
 1.24080E-01  9.960E-01 8.161E-01  3.318E+00 3.258E+00
 1.25171E-01  9.950E-01 8.109E-01  3.322E+00 3.235E+00
 1.26255E-01  9.910E-01 8.103E-01  3.307E+00 3.227E+00
 1.27358E-01  9.880E-01 8.030E-01  3.307E+00 3.193E+00
 1.28467E-01  9.880E-01 7.994E-01  3.313E+00 3.178E+00
 1.29596E-01  9.840E-01 8.002E-01  3.296E+00 3.175E+00
 1.30731E-01  9.770E-01 7.957E-01  3.275E+00 3.146E+00
 1.31872E-01  9.750E-01 7.880E-01  3.280E+00 3.113E+00
 1.33019E-01  9.700E-01 7.868E-01  3.262E+00 3.100E+00
 1.34186E-01  9.650E-01 7.803E-01  3.252E+00 3.067E+00
 1.35344E-01  9.630E-01 7.714E-01  3.258E+00 3.029E+00
 1.36537E-01  9.630E-01 7.667E-01  3.266E+00 3.010E+00
 1.37721E-01  9.610E-01 7.661E-01  3.259E+00 3.005E+00
 1.38926E-01  9.550E-01 7.643E-01  3.238E+00 2.988E+00
 1.40136E-01  9.490E-01 7.577E-01  3.224E+00 2.954E+00
 1.41367E-01  9.460E-01 7.491E-01  3.226E+00 2.915E+00
 1.42587E-01  9.460E-01 7.437E-01  3.234E+00 2.894E+00
 1.43845E-01  9.430E-01 7.423E-01  3.224E+00 2.885E+00
 1.45092E-01  9.390E-01 7.357E-01  3.218E+00 2.853E+00
 1.46360E-01  9.380E-01 7.303E-01  3.223E+00 2.831E+00
 1.47633E-01  9.350E-01 7.297E-01  3.212E+00 2.824E+00
 1.48929E-01  9.270E-01 7.276E-01  3.184E+00 2.804E+00
 1.50229E-01  9.220E-01 7.163E-01  3.181E+00 2.753E+00
 1.51534E-01  9.230E-01 7.078E-01  3.197E+00 2.722E+00
 1.52861E-01  9.210E-01 7.069E-01  3.191E+00 2.716E+00
 1.54193E-01  9.170E-01 7.003E-01  3.184E+00 2.685E+00
 1.55548E-01  9.160E-01 6.956E-01  3.187E+00 2.666E+00
 1.56887E-01  9.120E-01 6.935E-01  3.175E+00 2.652E+00
 1.58270E-01  9.070E-01 6.867E-01  3.165E+00 2.619E+00
 1.59657E-01  9.040E-01 6.794E-01  3.164E+00 2.587E+00
 1.61048E-01  9.020E-01 6.732E-01  3.164E+00 2.561E+00
 1.62441E-01  9.000E-01 6.669E-01  3.165E+00 2.534E+00
 1.63859E-01  8.980E-01 6.608E-01  3.166E+00 2.508E+00
 1.65302E-01  8.970E-01 6.545E-01  3.170E+00 2.483E+00
 1.66726E-01  8.970E-01 6.482E-01  3.178E+00 2.459E+00
 1.68197E-01  8.970E-01 6.448E-01  3.183E+00 2.446E+00
 1.69671E-01  8.940E-01 6.427E-01  3.174E+00 2.435E+00
 1.71148E-01  8.900E-01 6.371E-01  3.166E+00 2.408E+00
 1.72626E-01  8.880E-01 6.301E-01  3.168E+00 2.379E+00
 1.74131E-01  8.880E-01 6.245E-01  3.175E+00 2.358E+00
 1.75661E-01  8.870E-01 6.216E-01  3.174E+00 2.346E+00
 1.77194E-01  8.840E-01 6.192E-01  3.166E+00 2.333E+00
 1.78753E-01  8.780E-01 6.139E-01  3.150E+00 2.306E+00
 1.80288E-01  8.740E-01 6.035E-01  3.148E+00 2.262E+00
 1.81876E-01  8.750E-01 5.913E-01  3.166E+00 2.217E+00
 1.83465E-01  8.800E-01 5.842E-01  3.193E+00 2.197E+00
 1.85055E-01  8.840E-01 5.815E-01  3.211E+00 2.191E+00
 1.86672E-01  8.860E-01 5.798E-01  3.221E+00 2.187E+00
 1.88317E-01  8.870E-01 5.778E-01  3.227E+00 2.181E+00
 1.89963E-01  8.880E-01 5.756E-01  3.233E+00 2.173E+00
 1.91608E-01  8.890E-01 5.751E-01  3.238E+00 2.173E+00
 1.93282E-01  8.880E-01 5.761E-01  3.233E+00 2.175E+00
 1.94955E-01  8.850E-01 5.773E-01  3.220E+00 2.176E+00
 1.96657E-01  8.790E-01 5.759E-01  3.199E+00 2.164E+00
 1.98389E-01  8.740E-01 5.704E-01  3.187E+00 2.138E+00
 2.00120E-01  8.730E-01 5.651E-01  3.189E+00 2.117E+00
 2.01848E-01  8.720E-01 5.625E-01  3.188E+00 2.106E+00
 2.03639E-01  8.690E-01 5.599E-01  3.180E+00 2.093E+00
 2.05395E-01  8.680E-01 5.567E-01  3.180E+00 2.080E+00
 2.07181E-01  8.670E-01 5.565E-01  3.176E+00 2.078E+00
 2.08998E-01  8.620E-01 5.588E-01  3.155E+00 2.081E+00
 2.10812E-01  8.520E-01 5.579E-01  3.119E+00 2.066E+00
 2.12657E-01  8.420E-01 5.515E-01  3.089E+00 2.032E+00
 2.14535E-01  8.340E-01 5.408E-01  3.071E+00 1.984E+00
 2.16409E-01  8.300E-01 5.284E-01  3.070E+00 1.934E+00
 2.18277E-01  8.300E-01 5.173E-01  3.081E+00 1.893E+00
 2.20178E-01  8.320E-01 5.087E-01  3.097E+00 1.864E+00
 2.22112E-01  8.340E-01 5.015E-01  3.112E+00 1.840E+00
 2.24040E-01  8.360E-01 4.952E-01  3.126E+00 1.818E+00
 2.26001E-01  8.380E-01 4.898E-01  3.138E+00 1.801E+00
 2.27998E-01  8.410E-01 4.856E-01  3.153E+00 1.788E+00
 2.29987E-01  8.430E-01 4.827E-01  3.164E+00 1.779E+00
 2.31968E-01  8.430E-01 4.808E-01  3.165E+00 1.772E+00
 2.33983E-01  8.420E-01 4.781E-01  3.164E+00 1.761E+00
 2.36034E-01  8.420E-01 4.738E-01  3.168E+00 1.745E+00
 2.38120E-01  8.430E-01 4.696E-01  3.176E+00 1.731E+00
 2.40198E-01  8.440E-01 4.669E-01  3.182E+00 1.722E+00
 2.42264E-01  8.440E-01 4.650E-01  3.184E+00 1.715E+00
 2.44367E-01  8.440E-01 4.628E-01  3.186E+00 1.707E+00
 2.46506E-01  8.430E-01 4.604E-01  3.185E+00 1.697E+00
 2.48683E-01  8.430E-01 4.581E-01  3.187E+00 1.689E+00
 2.50848E-01  8.410E-01 4.559E-01  3.181E+00 1.679E+00
 2.53051E-01  8.390E-01 4.528E-01  3.177E+00 1.665E+00
 2.55241E-01  8.390E-01 4.485E-01  3.181E+00 1.650E+00
 2.57469E-01  8.390E-01 4.446E-01  3.184E+00 1.635E+00
 2.59736E-01  8.400E-01 4.427E-01  3.190E+00 1.629E+00
 2.61988E-01  8.400E-01 4.422E-01  3.190E+00 1.627E+00
 2.64279E-01  8.380E-01 4.413E-01  3.183E+00 1.622E+00
 2.66553E-01  8.350E-01 4.390E-01  3.175E+00 1.611E+00
 2.68926E-01  8.330E-01 4.357E-01  3.170E+00 1.597E+00
 2.71222E-01  8.310E-01 4.319E-01  3.166E+00 1.582E+00
 2.73618E-01  8.290E-01 4.279E-01  3.162E+00 1.565E+00
 2.75995E-01  8.280E-01 4.240E-01  3.162E+00 1.550E+00
 2.78414E-01  8.270E-01 4.202E-01  3.161E+00 1.535E+00
 2.80875E-01  8.270E-01 4.165E-01  3.164E+00 1.522E+00
 2.83316E-01  8.260E-01 4.127E-01  3.164E+00 1.507E+00
 2.85799E-01  8.260E-01 4.090E-01  3.167E+00 1.494E+00
 2.88260E-01  8.270E-01 4.057E-01  3.173E+00 1.482E+00
 2.90763E-01  8.280E-01 4.028E-01  3.179E+00 1.473E+00
 2.93310E-01  8.280E-01 4.007E-01  3.181E+00 1.465E+00
 2.95902E-01  8.280E-01 3.994E-01  3.182E+00 1.460E+00
 2.98468E-01  8.280E-01 3.985E-01  3.183E+00 1.457E+00
 3.01079E-01  8.260E-01 3.971E-01  3.177E+00 1.450E+00
 3.03662E-01  8.240E-01 3.944E-01  3.171E+00 1.439E+00
 3.06365E-01  8.220E-01 3.907E-01  3.167E+00 1.424E+00
 3.09040E-01  8.220E-01 3.870E-01  3.170E+00 1.410E+00
 3.11683E-01  8.220E-01 3.840E-01  3.172E+00 1.399E+00
 3.14452E-01  8.220E-01 3.817E-01  3.174E+00 1.391E+00
 3.17189E-01  8.210E-01 3.797E-01  3.172E+00 1.383E+00
 3.19974E-01  8.210E-01 3.775E-01  3.174E+00 1.375E+00
 3.22725E-01  8.200E-01 3.751E-01  3.172E+00 1.365E+00
 3.25523E-01  8.190E-01 3.727E-01  3.170E+00 1.356E+00
 3.28370E-01  8.190E-01 3.704E-01  3.172E+00 1.348E+00
 3.31267E-01  8.180E-01 3.681E-01  3.170E+00 1.338E+00
 3.34126E-01  8.180E-01 3.657E-01  3.171E+00 1.330E+00
 3.37035E-01  8.170E-01 3.631E-01  3.170E+00 1.320E+00
 3.39995E-01  8.170E-01 3.606E-01  3.171E+00 1.310E+00
 3.43007E-01  8.170E-01 3.586E-01  3.173E+00 1.303E+00
 3.45976E-01  8.180E-01 3.573E-01  3.177E+00 1.299E+00
 3.48997E-01  8.170E-01 3.567E-01  3.174E+00 1.296E+00
 3.52072E-01  8.160E-01 3.562E-01  3.171E+00 1.294E+00
 3.55099E-01  8.150E-01 3.556E-01  3.168E+00 1.291E+00
 3.58179E-01  8.120E-01 3.545E-01  3.158E+00 1.285E+00
 3.61312E-01  8.090E-01 3.527E-01  3.148E+00 1.276E+00
 3.64501E-01  8.070E-01 3.500E-01  3.143E+00 1.265E+00
 3.67638E-01  8.040E-01 3.465E-01  3.134E+00 1.250E+00
 3.70829E-01  8.030E-01 3.424E-01  3.134E+00 1.235E+00
 3.74076E-01  8.020E-01 3.383E-01  3.133E+00 1.219E+00
 3.77380E-01  8.020E-01 3.345E-01  3.135E+00 1.206E+00
 3.80627E-01  8.020E-01 3.313E-01  3.137E+00 1.194E+00
 3.84048E-01  8.030E-01 3.286E-01  3.143E+00 1.185E+00
 3.87290E-01  8.030E-01 3.265E-01  3.144E+00 1.177E+00
 3.90710E-01  8.030E-01 3.248E-01  3.145E+00 1.171E+00
 3.94190E-01  8.030E-01 3.235E-01  3.146E+00 1.167E+00
 3.97606E-01  8.020E-01 3.220E-01  3.144E+00 1.160E+00
 4.01081E-01  8.010E-01 3.202E-01  3.141E+00 1.153E+00
 4.04486E-01  8.000E-01 3.179E-01  3.139E+00 1.144E+00
 4.08083E-01  8.000E-01 3.156E-01  3.140E+00 1.136E+00
 4.11608E-01  8.000E-01 3.134E-01  3.142E+00 1.128E+00
 4.15194E-01  7.990E-01 3.116E-01  3.139E+00 1.121E+00
 4.18844E-01  7.990E-01 3.101E-01  3.140E+00 1.116E+00
 4.22558E-01  7.980E-01 3.087E-01  3.138E+00 1.110E+00
 4.26192E-01  7.970E-01 3.070E-01  3.135E+00 1.103E+00
 4.29889E-01  7.950E-01 3.047E-01  3.129E+00 1.094E+00
 4.33651E-01  7.940E-01 3.020E-01  3.127E+00 1.084E+00
 4.37479E-01  7.930E-01 2.991E-01  3.125E+00 1.073E+00
 4.41218E-01  7.930E-01 2.963E-01  3.127E+00 1.063E+00
 4.45181E-01  7.930E-01 2.939E-01  3.128E+00 1.054E+00
 4.49054E-01  7.930E-01 2.918E-01  3.130E+00 1.046E+00
 4.52995E-01  7.930E-01 2.898E-01  3.131E+00 1.039E+00
 4.56836E-01  7.930E-01 2.879E-01  3.132E+00 1.032E+00
 4.60915E-01  7.930E-01 2.860E-01  3.133E+00 1.026E+00
 4.64893E-01  7.920E-01 2.839E-01  3.131E+00 1.017E+00
 4.68940E-01  7.920E-01 2.818E-01  3.132E+00 1.010E+00
 4.73058E-01  7.920E-01 2.798E-01  3.133E+00 1.003E+00
 4.77250E-01  7.920E-01 2.780E-01  3.134E+00 9.964E-01
 4.81329E-01  7.930E-01 2.763E-01  3.139E+00 9.908E-01
 4.85478E-01  7.930E-01 2.748E-01  3.139E+00 9.854E-01
 4.89700E-01  7.930E-01 2.733E-01  3.140E+00 9.801E-01
 4.93995E-01  7.920E-01 2.719E-01  3.137E+00 9.745E-01
 4.98367E-01  7.920E-01 2.704E-01  3.138E+00 9.691E-01
 5.02613E-01  7.920E-01 2.688E-01  3.139E+00 9.634E-01
 5.07139E-01  7.920E-01 2.672E-01  3.140E+00 9.576E-01
 5.11536E-01  7.920E-01 2.657E-01  3.141E+00 9.523E-01
 5.16010E-01  7.920E-01 2.642E-01  3.141E+00 9.469E-01
 5.20563E-01  7.920E-01 2.628E-01  3.142E+00 9.419E-01
 5.24975E-01  7.920E-01 2.615E-01  3.143E+00 9.372E-01
 5.29688E-01  7.920E-01 2.603E-01  3.144E+00 9.329E-01
 5.34256E-01  7.920E-01 2.592E-01  3.144E+00 9.290E-01
 5.38904E-01  7.920E-01 2.583E-01  3.145E+00 9.257E-01
 5.43633E-01  7.920E-01 2.575E-01  3.145E+00 9.229E-01
 5.48446E-01  7.910E-01 2.567E-01  3.142E+00 9.195E-01
 5.53098E-01  7.910E-01 2.559E-01  3.142E+00 9.166E-01
 5.58081E-01  7.900E-01 2.549E-01  3.139E+00 9.125E-01
 5.62899E-01  7.890E-01 2.537E-01  3.136E+00 9.077E-01
 5.67800E-01  7.880E-01 2.523E-01  3.133E+00 9.022E-01
 5.72788E-01  7.880E-01 2.506E-01  3.134E+00 8.961E-01
 5.77594E-01  7.880E-01 2.489E-01  3.135E+00 8.901E-01
 5.82756E-01  7.870E-01 2.472E-01  3.132E+00 8.835E-01
 5.87732E-01  7.880E-01 2.457E-01  3.137E+00 8.786E-01
 5.93078E-01  7.880E-01 2.445E-01  3.137E+00 8.743E-01
 5.98233E-01  7.880E-01 2.436E-01  3.138E+00 8.711E-01
 6.03478E-01  7.880E-01 2.429E-01  3.138E+00 8.686E-01
 6.08517E-01  7.880E-01 2.423E-01  3.138E+00 8.665E-01
 6.13945E-01  7.870E-01 2.417E-01  3.135E+00 8.638E-01
 6.19160E-01  7.870E-01 2.411E-01  3.135E+00 8.617E-01
 6.24781E-01  7.860E-01 2.403E-01  3.132E+00 8.584E-01
 6.30183E-01  7.850E-01 2.393E-01  3.129E+00 8.543E-01
 6.35680E-01  7.850E-01 2.383E-01  3.129E+00 8.507E-01
 6.41273E-01  7.840E-01 2.371E-01  3.126E+00 8.460E-01
 6.46628E-01  7.830E-01 2.358E-01  3.123E+00 8.409E-01
 6.52417E-01  7.830E-01 2.344E-01  3.124E+00 8.359E-01
 6.57961E-01  7.820E-01 2.330E-01  3.121E+00 8.304E-01
 6.63955E-01  7.820E-01 2.316E-01  3.122E+00 8.254E-01
 6.69697E-01  7.820E-01 2.301E-01  3.123E+00 8.201E-01
 6.75540E-01  7.820E-01 2.288E-01  3.123E+00 8.154E-01
 6.81485E-01  7.820E-01 2.275E-01  3.124E+00 8.108E-01
 6.87536E-01  7.820E-01 2.264E-01  3.124E+00 8.069E-01
 6.93307E-01  7.820E-01 2.254E-01  3.125E+00 8.033E-01
 6.99571E-01  7.820E-01 2.246E-01  3.125E+00 8.005E-01
 7.05547E-01  7.820E-01 2.239E-01  3.125E+00 7.980E-01
 7.11625E-01  7.820E-01 2.232E-01  3.126E+00 7.955E-01
 7.17810E-01  7.810E-01 2.226E-01  3.122E+00 7.929E-01
 7.24103E-01  7.810E-01 2.219E-01  3.123E+00 7.904E-01
 7.30507E-01  7.800E-01 2.211E-01  3.120E+00 7.871E-01
 7.37026E-01  7.800E-01 2.202E-01  3.120E+00 7.839E-01
 7.43215E-01  7.800E-01 2.192E-01  3.120E+00 7.804E-01
 7.49964E-01  7.790E-01 2.182E-01  3.117E+00 7.764E-01
 7.56374E-01  7.790E-01 2.171E-01  3.118E+00 7.724E-01
 7.62894E-01  7.790E-01 2.160E-01  3.118E+00 7.685E-01
 7.69528E-01  7.790E-01 2.150E-01  3.119E+00 7.650E-01
 7.76278E-01  7.790E-01 2.140E-01  3.119E+00 7.614E-01
 7.83148E-01  7.790E-01 2.131E-01  3.119E+00 7.582E-01
 7.89637E-01  7.790E-01 2.123E-01  3.120E+00 7.554E-01
 7.96746E-01  7.790E-01 2.115E-01  3.120E+00 7.525E-01
 8.03984E-01  7.790E-01 2.108E-01  3.120E+00 7.500E-01
 8.10825E-01  7.790E-01 2.101E-01  3.121E+00 7.475E-01
 8.17782E-01  7.790E-01 2.095E-01  3.121E+00 7.454E-01
 8.24860E-01  7.790E-01 2.089E-01  3.121E+00 7.433E-01
 8.32062E-01  7.790E-01 2.084E-01  3.121E+00 7.415E-01
 8.39390E-01  7.790E-01 2.078E-01  3.122E+00 7.394E-01
 8.46849E-01  7.780E-01 2.072E-01  3.118E+00 7.368E-01
 8.53853E-01  7.780E-01 2.067E-01  3.119E+00 7.350E-01
 8.61572E-01  7.780E-01 2.062E-01  3.119E+00 7.332E-01
 8.68822E-01  7.780E-01 2.056E-01  3.119E+00 7.311E-01
 8.76815E-01  7.780E-01 2.051E-01  3.119E+00 7.293E-01
 8.84325E-01  7.780E-01 2.045E-01  3.119E+00 7.272E-01
 8.91965E-01  7.780E-01 2.039E-01  3.120E+00 7.251E-01
 8.99739E-01  7.770E-01 2.033E-01  3.116E+00 7.225E-01
 9.07648E-01  7.770E-01 2.027E-01  3.117E+00 7.204E-01
 9.15698E-01  7.770E-01 2.021E-01  3.117E+00 7.183E-01
 9.23893E-01  7.770E-01 2.015E-01  3.117E+00 7.161E-01
 9.31534E-01  7.770E-01 2.010E-01  3.117E+00 7.144E-01
 9.40015E-01  7.770E-01 2.004E-01  3.118E+00 7.122E-01
 9.47927E-01  7.770E-01 2.000E-01  3.118E+00 7.108E-01
 9.55972E-01  7.770E-01 1.995E-01  3.118E+00 7.090E-01
 9.64907E-01  7.770E-01 1.992E-01  3.118E+00 7.080E-01
 9.73244E-01  7.780E-01 1.988E-01  3.122E+00 7.069E-01
 9.81727E-01  7.780E-01 1.985E-01  3.122E+00 7.059E-01
 9.90360E-01  7.780E-01 1.983E-01  3.122E+00 7.052E-01
 9.99145E-01  7.780E-01 1.980E-01  3.122E+00 7.041E-01
 1.00727E+00  7.780E-01 1.978E-01  3.122E+00 7.034E-01
 1.01636E+00  7.780E-01 1.975E-01  3.122E+00 7.023E-01
 1.02476E+00  7.780E-01 1.973E-01  3.122E+00 7.016E-01
 1.03417E+00  7.770E-01 1.971E-01  3.119E+00 7.005E-01
 1.04288E+00  7.770E-01 1.968E-01  3.119E+00 6.994E-01
 1.05263E+00  7.770E-01 1.966E-01  3.119E+00 6.987E-01
 1.06165E+00  7.770E-01 1.963E-01  3.119E+00 6.977E-01
 1.07082E+00  7.770E-01 1.960E-01  3.119E+00 6.966E-01
 1.08016E+00  7.770E-01 1.958E-01  3.119E+00 6.959E-01
 1.08966E+00  7.770E-01 1.955E-01  3.120E+00 6.948E-01
 1.09933E+00  7.780E-01 1.953E-01  3.123E+00 6.945E-01
 1.10818E+00  7.780E-01 1.952E-01  3.123E+00 6.941E-01
 1.11818E+00  7.780E-01 1.950E-01  3.123E+00 6.934E-01
 1.12836E+00  7.780E-01 1.949E-01  3.123E+00 6.931E-01
 1.13769E+00  7.780E-01 1.949E-01  3.123E+00 6.931E-01
 1.14823E+00  7.780E-01 1.948E-01  3.123E+00 6.927E-01
 1.15789E+00  7.780E-01 1.949E-01  3.123E+00 6.931E-01
 1.16771E+00  7.790E-01 1.949E-01  3.127E+00 6.935E-01
 1.17770E+00  7.790E-01 1.951E-01  3.127E+00 6.942E-01
 1.18786E+00  7.790E-01 1.952E-01  3.127E+00 6.945E-01
 1.19820E+00  7.790E-01 1.954E-01  3.127E+00 6.952E-01
 1.20872E+00  7.790E-01 1.956E-01  3.127E+00 6.959E-01
 1.21943E+00  7.790E-01 1.958E-01  3.127E+00 6.967E-01
 1.23033E+00  7.790E-01 1.961E-01  3.126E+00 6.977E-01
 1.24105E+00  7.790E-01 1.964E-01  3.126E+00 6.988E-01
 1.25196E+00  7.790E-01 1.967E-01  3.126E+00 6.999E-01
 1.26281E+00  7.790E-01 1.970E-01  3.126E+00 7.009E-01
 1.27384E+00  7.790E-01 1.973E-01  3.126E+00 7.020E-01
 1.28494E+00  7.790E-01 1.976E-01  3.126E+00 7.031E-01
 1.29623E+00  7.790E-01 1.980E-01  3.126E+00 7.045E-01
 1.30759E+00  7.790E-01 1.983E-01  3.126E+00 7.056E-01
 1.31900E+00  7.790E-01 1.986E-01  3.125E+00 7.066E-01
 1.33048E+00  7.790E-01 1.989E-01  3.125E+00 7.077E-01
 1.34201E+00  7.790E-01 1.992E-01  3.125E+00 7.088E-01
 1.35374E+00  7.790E-01 1.995E-01  3.125E+00 7.098E-01
 1.36552E+00  7.780E-01 1.997E-01  3.121E+00 7.101E-01
 1.37752E+00  7.780E-01 1.999E-01  3.121E+00 7.108E-01
 1.38957E+00  7.780E-01 2.001E-01  3.121E+00 7.116E-01
 1.40167E+00  7.780E-01 2.002E-01  3.121E+00 7.119E-01
 1.41383E+00  7.780E-01 2.004E-01  3.121E+00 7.126E-01
 1.42620E+00  7.780E-01 2.005E-01  3.121E+00 7.130E-01
 1.43862E+00  7.780E-01 2.006E-01  3.121E+00 7.133E-01
 1.45126E+00  7.780E-01 2.007E-01  3.121E+00 7.137E-01
 1.46395E+00  7.780E-01 2.008E-01  3.121E+00 7.140E-01
 1.47669E+00  7.790E-01 2.010E-01  3.124E+00 7.152E-01
 1.48965E+00  7.790E-01 2.012E-01  3.124E+00 7.159E-01
 1.50266E+00  7.790E-01 2.015E-01  3.124E+00 7.169E-01
 1.51571E+00  7.800E-01 2.018E-01  3.128E+00 7.184E-01
 1.52899E+00  7.800E-01 2.021E-01  3.128E+00 7.195E-01
 1.54231E+00  7.810E-01 2.026E-01  3.131E+00 7.217E-01
 1.55568E+00  7.810E-01 2.031E-01  3.131E+00 7.234E-01
 1.56927E+00  7.820E-01 2.037E-01  3.134E+00 7.260E-01
 1.58291E+00  7.820E-01 2.044E-01  3.134E+00 7.285E-01
 1.59678E+00  7.830E-01 2.051E-01  3.137E+00 7.314E-01
 1.61069E+00  7.830E-01 2.059E-01  3.137E+00 7.342E-01
 1.62484E+00  7.840E-01 2.068E-01  3.140E+00 7.379E-01
 1.63903E+00  7.840E-01 2.078E-01  3.139E+00 7.414E-01
 1.65324E+00  7.850E-01 2.088E-01  3.143E+00 7.454E-01
 1.66771E+00  7.850E-01 2.098E-01  3.142E+00 7.490E-01
 1.68220E+00  7.860E-01 2.109E-01  3.145E+00 7.533E-01
 1.69695E+00  7.860E-01 2.120E-01  3.145E+00 7.573E-01
 1.71172E+00  7.860E-01 2.132E-01  3.144E+00 7.616E-01
 1.72675E+00  7.870E-01 2.144E-01  3.147E+00 7.663E-01
 1.74180E+00  7.870E-01 2.156E-01  3.147E+00 7.706E-01
 1.75686E+00  7.870E-01 2.168E-01  3.146E+00 7.748E-01
 1.77219E+00  7.880E-01 2.180E-01  3.149E+00 7.796E-01
 1.78779E+00  7.880E-01 2.193E-01  3.149E+00 7.842E-01
 1.80341E+00  7.880E-01 2.205E-01  3.148E+00 7.885E-01
 1.81903E+00  7.890E-01 2.218E-01  3.151E+00 7.936E-01
 1.83492E+00  7.890E-01 2.231E-01  3.151E+00 7.983E-01
 1.85110E+00  7.890E-01 2.245E-01  3.150E+00 8.033E-01
 1.86728E+00  7.900E-01 2.258E-01  3.153E+00 8.084E-01
 1.88346E+00  7.900E-01 2.272E-01  3.152E+00 8.134E-01
 1.89992E+00  7.900E-01 2.287E-01  3.152E+00 8.187E-01
 1.91638E+00  7.910E-01 2.302E-01  3.155E+00 8.246E-01
 1.93313E+00  7.910E-01 2.317E-01  3.154E+00 8.299E-01
 1.95017E+00  7.920E-01 2.333E-01  3.157E+00 8.361E-01
 1.96720E+00  7.920E-01 2.350E-01  3.156E+00 8.422E-01
 1.98421E+00  7.930E-01 2.368E-01  3.159E+00 8.492E-01
 2.00152E+00  7.930E-01 2.386E-01  3.158E+00 8.556E-01
 2.01913E+00  7.940E-01 2.405E-01  3.161E+00 8.629E-01
 2.03673E+00  7.940E-01 2.425E-01  3.160E+00 8.701E-01
 2.05429E+00  7.950E-01 2.446E-01  3.162E+00 8.781E-01
 2.07250E+00  7.950E-01 2.468E-01  3.161E+00 8.860E-01
 2.09033E+00  7.960E-01 2.491E-01  3.164E+00 8.948E-01
 2.10883E+00  7.960E-01 2.515E-01  3.162E+00 9.034E-01
 2.12694E+00  7.970E-01 2.540E-01  3.165E+00 9.129E-01
 2.14572E+00  7.970E-01 2.566E-01  3.163E+00 9.222E-01
 2.16447E+00  7.970E-01 2.593E-01  3.162E+00 9.319E-01
 2.18315E+00  7.970E-01 2.621E-01  3.161E+00 9.420E-01
 2.20217E+00  7.970E-01 2.649E-01  3.159E+00 9.521E-01
 2.22152E+00  7.980E-01 2.678E-01  3.161E+00 9.630E-01
 2.24080E+00  7.980E-01 2.708E-01  3.159E+00 9.738E-01
 2.26043E+00  7.970E-01 2.739E-01  3.154E+00 9.844E-01
 2.28040E+00  7.970E-01 2.770E-01  3.152E+00 9.955E-01
 2.30030E+00  7.970E-01 2.801E-01  3.151E+00 1.007E+00
 2.32011E+00  7.970E-01 2.834E-01  3.149E+00 1.019E+00
 2.34027E+00  7.960E-01 2.866E-01  3.143E+00 1.029E+00
 2.36079E+00  7.960E-01 2.899E-01  3.142E+00 1.041E+00
 2.38166E+00  7.950E-01 2.933E-01  3.136E+00 1.053E+00
 2.40244E+00  7.940E-01 2.967E-01  3.130E+00 1.065E+00
 2.42312E+00  7.940E-01 3.001E-01  3.128E+00 1.077E+00
 2.44463E+00  7.930E-01 3.035E-01  3.123E+00 1.088E+00
 2.46555E+00  7.920E-01 3.069E-01  3.117E+00 1.100E+00
 2.48733E+00  7.910E-01 3.104E-01  3.111E+00 1.112E+00
 2.50899E+00  7.900E-01 3.139E-01  3.106E+00 1.124E+00
 2.53103E+00  7.880E-01 3.174E-01  3.096E+00 1.135E+00
 2.55294E+00  7.870E-01 3.209E-01  3.090E+00 1.147E+00
 2.57522E+00  7.860E-01 3.244E-01  3.085E+00 1.159E+00
 2.59790E+00  7.840E-01 3.279E-01  3.075E+00 1.170E+00
 2.62043E+00  7.830E-01 3.314E-01  3.069E+00 1.182E+00
 2.64335E+00  7.810E-01 3.349E-01  3.060E+00 1.193E+00
 2.66611E+00  7.800E-01 3.384E-01  3.054E+00 1.205E+00
 2.68984E+00  7.780E-01 3.419E-01  3.044E+00 1.216E+00
 2.71281E+00  7.760E-01 3.455E-01  3.035E+00 1.227E+00
 2.73678E+00  7.740E-01 3.490E-01  3.025E+00 1.238E+00
 2.76056E+00  7.720E-01 3.525E-01  3.016E+00 1.249E+00
 2.78476E+00  7.700E-01 3.561E-01  3.006E+00 1.261E+00
 2.80875E+00  7.680E-01 3.596E-01  2.997E+00 1.272E+00
 2.83381E+00  7.660E-01 3.631E-01  2.987E+00 1.282E+00
 2.85799E+00  7.640E-01 3.666E-01  2.977E+00 1.293E+00
 2.88327E+00  7.620E-01 3.701E-01  2.968E+00 1.304E+00
 2.90831E+00  7.590E-01 3.737E-01  2.954E+00 1.315E+00
 2.93379E+00  7.570E-01 3.772E-01  2.945E+00 1.325E+00
 2.95972E+00  7.540E-01 3.806E-01  2.932E+00 1.335E+00
 2.98540E+00  7.520E-01 3.841E-01  2.922E+00 1.346E+00
 3.01152E+00  7.490E-01 3.876E-01  2.909E+00 1.356E+00
 3.03736E+00  7.460E-01 3.911E-01  2.896E+00 1.366E+00
 3.06441E+00  7.430E-01 3.945E-01  2.882E+00 1.375E+00
 3.09117E+00  7.410E-01 3.979E-01  2.873E+00 1.385E+00
 3.11761E+00  7.380E-01 4.013E-01  2.860E+00 1.395E+00
 3.14532E+00  7.350E-01 4.047E-01  2.846E+00 1.404E+00
 3.17270E+00  7.310E-01 4.081E-01  2.830E+00 1.413E+00
 3.19974E+00  7.280E-01 4.114E-01  2.817E+00 1.422E+00
 3.22809E+00  7.250E-01 4.148E-01  2.804E+00 1.431E+00
 3.25608E+00  7.220E-01 4.181E-01  2.790E+00 1.440E+00
 3.28457E+00  7.180E-01 4.213E-01  2.774E+00 1.448E+00
 3.31356E+00  7.150E-01 4.246E-01  2.761E+00 1.456E+00
 3.34216E+00  7.110E-01 4.278E-01  2.745E+00 1.464E+00
 3.37127E+00  7.080E-01 4.309E-01  2.732E+00 1.472E+00
 3.40088E+00  7.040E-01 4.341E-01  2.715E+00 1.479E+00
 3.43007E+00  7.000E-01 4.372E-01  2.699E+00 1.486E+00
 3.46073E+00  6.960E-01 4.402E-01  2.683E+00 1.493E+00
 3.49096E+00  6.920E-01 4.432E-01  2.666E+00 1.500E+00
 3.52072E+00  6.880E-01 4.462E-01  2.650E+00 1.506E+00
 3.55201E+00  6.840E-01 4.491E-01  2.634E+00 1.513E+00
 3.58282E+00  6.800E-01 4.519E-01  2.618E+00 1.518E+00
 3.61418E+00  6.760E-01 4.547E-01  2.602E+00 1.524E+00
 3.64609E+00  6.720E-01 4.575E-01  2.586E+00 1.530E+00
 3.67747E+00  6.670E-01 4.602E-01  2.567E+00 1.534E+00
 3.70940E+00  6.630E-01 4.628E-01  2.551E+00 1.539E+00
 3.74189E+00  6.590E-01 4.654E-01  2.536E+00 1.544E+00
 3.77495E+00  6.540E-01 4.679E-01  2.517E+00 1.548E+00
 3.80744E+00  6.500E-01 4.704E-01  2.501E+00 1.552E+00
 3.84048E+00  6.450E-01 4.727E-01  2.483E+00 1.555E+00
 3.87411E+00  6.400E-01 4.750E-01  2.464E+00 1.558E+00
 3.90833E+00  6.360E-01 4.773E-01  2.449E+00 1.562E+00
 3.94190E+00  6.310E-01 4.794E-01  2.430E+00 1.564E+00
 3.97606E+00  6.260E-01 4.815E-01  2.412E+00 1.566E+00
 4.01081E+00  6.210E-01 4.835E-01  2.394E+00 1.568E+00
 4.04618E+00  6.160E-01 4.854E-01  2.376E+00 1.569E+00
 4.08217E+00  6.110E-01 4.872E-01  2.358E+00 1.570E+00
 4.11745E+00  6.060E-01 4.890E-01  2.340E+00 1.571E+00
 4.15334E+00  6.010E-01 4.906E-01  2.323E+00 1.571E+00
 4.18985E+00  5.970E-01 4.922E-01  2.308E+00 1.572E+00
 4.22558E+00  5.920E-01 4.938E-01  2.291E+00 1.572E+00
 4.26339E+00  5.870E-01 4.955E-01  2.273E+00 1.573E+00
 4.30038E+00  5.820E-01 4.972E-01  2.256E+00 1.573E+00
 4.33803E+00  5.760E-01 4.989E-01  2.235E+00 1.573E+00
 4.37479E+00  5.710E-01 5.004E-01  2.218E+00 1.572E+00
 4.41375E+00  5.650E-01 5.017E-01  2.198E+00 1.570E+00
 4.45181E+00  5.590E-01 5.026E-01  2.178E+00 1.567E+00
 4.49054E+00  5.540E-01 5.032E-01  2.162E+00 1.564E+00
 4.52995E+00  5.480E-01 5.036E-01  2.143E+00 1.559E+00
 4.57005E+00  5.430E-01 5.039E-01  2.127E+00 1.555E+00
 4.60915E+00  5.380E-01 5.041E-01  2.111E+00 1.551E+00
 4.65068E+00  5.320E-01 5.042E-01  2.093E+00 1.545E+00
 4.69118E+00  5.270E-01 5.043E-01  2.077E+00 1.540E+00
 4.73058E+00  5.220E-01 5.043E-01  2.062E+00 1.535E+00
 4.77250E+00  5.170E-01 5.042E-01  2.047E+00 1.530E+00
 4.81516E+00  5.120E-01 5.039E-01  2.032E+00 1.524E+00
 4.85668E+00  5.070E-01 5.036E-01  2.017E+00 1.518E+00
 4.89893E+00  5.030E-01 5.033E-01  2.006E+00 1.513E+00
 4.94192E+00  4.990E-01 5.030E-01  1.994E+00 1.508E+00
 4.98367E+00  4.940E-01 5.029E-01  1.979E+00 1.503E+00
 5.02817E+00  4.900E-01 5.029E-01  1.967E+00 1.499E+00
 5.07139E+00  4.860E-01 5.030E-01  1.955E+00 1.495E+00
 5.11536E+00  4.810E-01 5.032E-01  1.940E+00 1.490E+00
 5.16010E+00  4.760E-01 5.034E-01  1.925E+00 1.486E+00
 5.20563E+00  4.720E-01 5.036E-01  1.913E+00 1.483E+00
 5.25197E+00  4.670E-01 5.038E-01  1.898E+00 1.478E+00
 5.29688E+00  4.620E-01 5.037E-01  1.884E+00 1.473E+00
 5.34256E+00  4.560E-01 5.034E-01  1.867E+00 1.466E+00
 5.38904E+00  4.510E-01 5.027E-01  1.853E+00 1.459E+00
 5.43633E+00  4.460E-01 5.015E-01  1.839E+00 1.450E+00
 5.48446E+00  4.410E-01 5.001E-01  1.826E+00 1.441E+00
 5.53345E+00  4.360E-01 4.986E-01  1.813E+00 1.432E+00
 5.58081E+00  4.320E-01 4.970E-01  1.804E+00 1.423E+00
 5.62899E+00  4.280E-01 4.956E-01  1.794E+00 1.415E+00
 5.67800E+00  4.240E-01 4.944E-01  1.783E+00 1.408E+00
 5.72788E+00  4.200E-01 4.933E-01  1.773E+00 1.401E+00
 5.77864E+00  4.160E-01 4.924E-01  1.763E+00 1.394E+00
 5.82756E+00  4.120E-01 4.914E-01  1.752E+00 1.388E+00
 5.88011E+00  4.080E-01 4.904E-01  1.742E+00 1.381E+00
 5.93078E+00  4.030E-01 4.892E-01  1.729E+00 1.373E+00
 5.98233E+00  3.990E-01 4.878E-01  1.719E+00 1.365E+00
 6.03478E+00  3.950E-01 4.862E-01  1.710E+00 1.356E+00
 6.08816E+00  3.910E-01 4.842E-01  1.700E+00 1.347E+00
 6.13944E+00  3.860E-01 4.820E-01  1.689E+00 1.336E+00
 6.19470E+00  3.830E-01 4.794E-01  1.683E+00 1.326E+00
 6.24781E+00  3.790E-01 4.765E-01  1.675E+00 1.314E+00
 6.30183E+00  3.760E-01 4.734E-01  1.669E+00 1.303E+00
 6.35680E+00  3.740E-01 4.704E-01  1.667E+00 1.293E+00
 6.41273E+00  3.730E-01 4.677E-01  1.666E+00 1.284E+00
 6.46966E+00  3.720E-01 4.654E-01  1.666E+00 1.277E+00
 6.52417E+00  3.710E-01 4.638E-01  1.665E+00 1.272E+00
 6.58310E+00  3.710E-01 4.629E-01  1.665E+00 1.269E+00
 6.63955E+00  3.700E-01 4.626E-01  1.663E+00 1.268E+00
 6.69697E+00  3.690E-01 4.627E-01  1.660E+00 1.267E+00
 6.75540E+00  3.670E-01 4.631E-01  1.654E+00 1.266E+00
 6.81485E+00  3.650E-01 4.635E-01  1.648E+00 1.265E+00
 6.87536E+00  3.630E-01 4.638E-01  1.643E+00 1.264E+00
 6.93307E+00  3.610E-01 4.639E-01  1.637E+00 1.263E+00
 6.99571E+00  3.580E-01 4.638E-01  1.629E+00 1.260E+00
 7.05547E+00  3.560E-01 4.637E-01  1.624E+00 1.258E+00
 7.11626E+00  3.540E-01 4.635E-01  1.618E+00 1.255E+00
 7.18226E+00  3.520E-01 4.634E-01  1.613E+00 1.253E+00
 7.24103E+00  3.500E-01 4.635E-01  1.608E+00 1.251E+00
 7.30507E+00  3.490E-01 4.638E-01  1.605E+00 1.251E+00
 7.37026E+00  3.470E-01 4.644E-01  1.599E+00 1.251E+00
 7.43215E+00  3.450E-01 4.652E-01  1.593E+00 1.251E+00
 7.49964E+00  3.430E-01 4.662E-01  1.586E+00 1.252E+00
 7.56374E+00  3.410E-01 4.674E-01  1.580E+00 1.254E+00
 7.62894E+00  3.390E-01 4.687E-01  1.573E+00 1.255E+00
 7.69528E+00  3.360E-01 4.700E-01  1.564E+00 1.256E+00
 7.76278E+00  3.340E-01 4.714E-01  1.557E+00 1.258E+00
 7.83148E+00  3.310E-01 4.728E-01  1.548E+00 1.259E+00
 7.90140E+00  3.280E-01 4.743E-01  1.539E+00 1.260E+00
 7.96746E+00  3.250E-01 4.758E-01  1.529E+00 1.261E+00
 8.03984E+00  3.220E-01 4.773E-01  1.520E+00 1.262E+00
 8.10825E+00  3.190E-01 4.789E-01  1.510E+00 1.263E+00
 8.17782E+00  3.160E-01 4.806E-01  1.501E+00 1.265E+00
 8.24860E+00  3.120E-01 4.823E-01  1.489E+00 1.266E+00
 8.32062E+00  3.090E-01 4.840E-01  1.479E+00 1.267E+00
 8.39390E+00  3.050E-01 4.858E-01  1.467E+00 1.268E+00
 8.46849E+00  3.010E-01 4.876E-01  1.455E+00 1.269E+00
 8.54441E+00  2.960E-01 4.893E-01  1.440E+00 1.268E+00
 8.61572E+00  2.920E-01 4.908E-01  1.428E+00 1.268E+00
 8.69432E+00  2.870E-01 4.922E-01  1.414E+00 1.267E+00
 8.76815E+00  2.820E-01 4.933E-01  1.400E+00 1.265E+00
 8.84326E+00  2.760E-01 4.941E-01  1.384E+00 1.261E+00
 8.91965E+00  2.710E-01 4.947E-01  1.371E+00 1.258E+00
 8.99739E+00  2.660E-01 4.950E-01  1.358E+00 1.253E+00
 9.07648E+00  2.610E-01 4.951E-01  1.345E+00 1.249E+00
 9.15698E+00  2.560E-01 4.951E-01  1.332E+00 1.244E+00
 9.23893E+00  2.520E-01 4.950E-01  1.322E+00 1.239E+00
 9.31534E+00  2.470E-01 4.950E-01  1.310E+00 1.235E+00
 9.40015E+00  2.430E-01 4.949E-01  1.300E+00 1.230E+00
 9.47927E+00  2.380E-01 4.950E-01  1.288E+00 1.226E+00
 9.56710E+00  2.340E-01 4.952E-01  1.278E+00 1.222E+00
 9.64907E+00  2.290E-01 4.955E-01  1.265E+00 1.218E+00
 9.73244E+00  2.250E-01 4.960E-01  1.255E+00 1.215E+00
 9.81727E+00  2.200E-01 4.965E-01  1.242E+00 1.211E+00
 9.90360E+00  2.150E-01 4.970E-01  1.229E+00 1.208E+00
 9.99145E+00  2.100E-01 4.975E-01  1.217E+00 1.204E+00
 1.00809E+01  2.040E-01 4.979E-01  1.202E+00 1.199E+00
 1.01636E+01  1.990E-01 4.982E-01  1.189E+00 1.195E+00
 1.02561E+01  1.930E-01 4.984E-01  1.175E+00 1.189E+00
 1.03417E+01  1.870E-01 4.983E-01  1.161E+00 1.183E+00
 1.04376E+01  1.810E-01 4.981E-01  1.147E+00 1.177E+00
 1.05263E+01  1.750E-01 4.976E-01  1.133E+00 1.169E+00
 1.06165E+01  1.690E-01 4.969E-01  1.120E+00 1.162E+00
 1.07082E+01  1.630E-01 4.960E-01  1.107E+00 1.154E+00
 1.08016E+01  1.570E-01 4.950E-01  1.094E+00 1.145E+00
 1.08966E+01  1.500E-01 4.937E-01  1.079E+00 1.136E+00
 1.09933E+01  1.440E-01 4.923E-01  1.066E+00 1.126E+00
 1.10917E+01  1.380E-01 4.907E-01  1.054E+00 1.117E+00
 1.11818E+01  1.320E-01 4.889E-01  1.042E+00 1.107E+00
 1.12836E+01  1.260E-01 4.870E-01  1.031E+00 1.097E+00
 1.13769E+01  1.200E-01 4.849E-01  1.019E+00 1.086E+00
 1.14823E+01  1.140E-01 4.827E-01  1.008E+00 1.075E+00
 1.15789E+01  1.080E-01 4.803E-01  9.970E-01 1.064E+00
 1.16771E+01  1.020E-01 4.778E-01  9.861E-01 1.053E+00
 1.17882E+01  9.700E-02 4.751E-01  9.777E-01 1.042E+00
 1.18900E+01  9.100E-02 4.723E-01  9.672E-01 1.031E+00
 1.19936E+01  8.500E-02 4.694E-01  9.569E-01 1.019E+00
 1.20990E+01  8.000E-02 4.664E-01  9.489E-01 1.007E+00
 1.21943E+01  7.400E-02 4.633E-01  9.388E-01 9.952E-01
 1.23033E+01  6.900E-02 4.600E-01  9.312E-01 9.835E-01
 1.24130E+01  6.400E-02 4.567E-01  9.235E-01 9.719E-01
 1.25221E+01  5.900E-02 4.532E-01  9.161E-01 9.599E-01
 1.26306E+01  5.400E-02 4.497E-01  9.087E-01 9.480E-01
 1.27411E+01  4.900E-02 4.460E-01  9.015E-01 9.357E-01
 1.28521E+01  4.400E-02 4.423E-01  8.943E-01 9.235E-01
 1.29650E+01  3.900E-02 4.385E-01  8.872E-01 9.112E-01
 1.30786E+01  3.500E-02 4.346E-01  8.823E-01 8.996E-01
 1.31914E+01  3.000E-02 4.306E-01  8.755E-01 8.870E-01
 1.33076E+01  2.600E-02 4.265E-01  8.708E-01 8.752E-01
 1.34230E+01  2.100E-02 4.224E-01  8.640E-01 8.625E-01
 1.35403E+01  1.700E-02 4.182E-01  8.594E-01 8.506E-01
 1.36583E+01  1.300E-02 4.139E-01  8.549E-01 8.386E-01
 1.37782E+01  9.000E-03 4.095E-01  8.504E-01 8.264E-01
 1.38988E+01  5.000E-03 4.051E-01  8.459E-01 8.143E-01
 1.40199E+01  2.000E-03 4.007E-01  8.434E-01 8.030E-01
 1.41415E+01 -1.800E-03 3.962E-01  8.394E-01 7.910E-01
 1.42653E+01 -5.100E-03 3.916E-01  8.365E-01 7.792E-01
 1.43895E+01 -8.300E-03 3.871E-01  8.336E-01 7.678E-01
 1.45160E+01 -1.130E-02 3.825E-01  8.312E-01 7.564E-01
 1.46412E+01 -1.420E-02 3.780E-01  8.289E-01 7.453E-01
 1.47704E+01 -1.690E-02 3.735E-01  8.270E-01 7.344E-01
 1.48983E+01 -1.950E-02 3.690E-01  8.252E-01 7.236E-01
 1.50284E+01 -2.190E-02 3.646E-01  8.237E-01 7.132E-01
 1.51608E+01 -2.430E-02 3.602E-01  8.222E-01 7.029E-01
 1.52918E+01 -2.640E-02 3.559E-01  8.212E-01 6.930E-01
 1.54250E+01 -2.850E-02 3.516E-01  8.202E-01 6.832E-01
 1.55607E+01 -3.050E-02 3.475E-01  8.192E-01 6.738E-01
 1.56967E+01 -3.240E-02 3.434E-01  8.183E-01 6.645E-01
 1.58331E+01 -3.430E-02 3.394E-01  8.174E-01 6.555E-01
 1.59719E+01 -3.610E-02 3.355E-01  8.165E-01 6.468E-01
 1.61111E+01 -3.790E-02 3.317E-01  8.156E-01 6.383E-01
 1.62505E+01 -3.970E-02 3.279E-01  8.147E-01 6.298E-01
 1.63924E+01 -4.140E-02 3.242E-01  8.138E-01 6.216E-01
 1.65368E+01 -4.320E-02 3.205E-01  8.127E-01 6.133E-01
 1.66816E+01 -4.490E-02 3.168E-01  8.119E-01 6.052E-01
 1.68266E+01 -4.660E-02 3.132E-01  8.109E-01 5.972E-01
 1.69741E+01 -4.830E-02 3.096E-01  8.099E-01 5.893E-01
 1.71219E+01 -5.000E-02 3.060E-01  8.089E-01 5.814E-01
 1.72699E+01 -5.160E-02 3.024E-01  8.080E-01 5.736E-01
 1.74204E+01 -5.330E-02 2.989E-01  8.069E-01 5.659E-01
 1.75736E+01 -5.490E-02 2.953E-01  8.060E-01 5.582E-01
 1.77270E+01 -5.660E-02 2.917E-01  8.049E-01 5.504E-01
 1.78805E+01 -5.820E-02 2.881E-01  8.040E-01 5.427E-01
 1.80367E+01 -5.970E-02 2.844E-01  8.033E-01 5.348E-01
 1.81956E+01 -6.120E-02 2.808E-01  8.025E-01 5.272E-01
 1.83547E+01 -6.270E-02 2.772E-01  8.017E-01 5.196E-01
 1.85137E+01 -6.410E-02 2.735E-01  8.011E-01 5.119E-01
 1.86756E+01 -6.540E-02 2.699E-01  8.006E-01 5.045E-01
 1.88375E+01 -6.670E-02 2.662E-01  8.002E-01 4.969E-01
 1.90021E+01 -6.800E-02 2.625E-01  7.997E-01 4.893E-01
 1.91697E+01 -6.920E-02 2.589E-01  7.994E-01 4.820E-01
 1.93373E+01 -7.030E-02 2.553E-01  7.992E-01 4.747E-01
 1.95047E+01 -7.140E-02 2.516E-01  7.990E-01 4.673E-01
 1.96751E+01 -7.240E-02 2.480E-01  7.989E-01 4.601E-01
 1.98453E+01 -7.330E-02 2.445E-01  7.990E-01 4.532E-01
 2.00184E+01 -7.420E-02 2.409E-01  7.991E-01 4.461E-01
 2.01946E+01 -7.510E-02 2.373E-01  7.991E-01 4.390E-01
 2.03706E+01 -7.590E-02 2.338E-01  7.993E-01 4.321E-01
 2.05497E+01 -7.660E-02 2.304E-01  7.996E-01 4.255E-01
 2.07285E+01 -7.740E-02 2.269E-01  7.997E-01 4.187E-01
 2.09104E+01 -7.800E-02 2.235E-01  8.001E-01 4.121E-01
 2.10919E+01 -7.870E-02 2.201E-01  8.003E-01 4.056E-01
 2.12767E+01 -7.930E-02 2.168E-01  8.007E-01 3.992E-01
 2.14609E+01 -7.990E-02 2.134E-01  8.010E-01 3.927E-01
 2.16484E+01 -8.040E-02 2.102E-01  8.015E-01 3.866E-01
 2.18392E+01 -8.100E-02 2.069E-01  8.018E-01 3.803E-01
 2.20295E+01 -8.150E-02 2.036E-01  8.022E-01 3.740E-01
 2.22192E+01 -8.200E-02 2.004E-01  8.026E-01 3.679E-01
 2.24161E+01 -8.250E-02 1.972E-01  8.029E-01 3.619E-01
 2.26084E+01 -8.290E-02 1.940E-01  8.034E-01 3.558E-01
 2.28082E+01 -8.340E-02 1.908E-01  8.038E-01 3.498E-01
 2.30072E+01 -8.380E-02 1.876E-01  8.042E-01 3.438E-01
 2.32055E+01 -8.420E-02 1.844E-01  8.047E-01 3.377E-01
 2.34116E+01 -8.460E-02 1.812E-01  8.051E-01 3.317E-01
 2.36124E+01 -8.500E-02 1.781E-01  8.055E-01 3.259E-01
 2.38212E+01 -8.530E-02 1.749E-01  8.061E-01 3.200E-01
 2.40291E+01 -8.560E-02 1.717E-01  8.066E-01 3.140E-01
 2.42359E+01 -8.590E-02 1.685E-01  8.072E-01 3.081E-01
 2.44512E+01 -8.620E-02 1.653E-01  8.077E-01 3.021E-01
 2.46604E+01 -8.650E-02 1.621E-01  8.082E-01 2.962E-01
 2.48783E+01 -8.670E-02 1.589E-01  8.089E-01 2.902E-01
 2.50950E+01 -8.690E-02 1.557E-01  8.095E-01 2.843E-01
 2.53155E+01 -8.700E-02 1.524E-01  8.103E-01 2.783E-01
 2.55346E+01 -8.720E-02 1.491E-01  8.110E-01 2.722E-01
 2.57576E+01 -8.720E-02 1.459E-01  8.119E-01 2.664E-01
 2.59845E+01 -8.730E-02 1.425E-01  8.127E-01 2.601E-01
 2.62099E+01 -8.720E-02 1.392E-01  8.138E-01 2.541E-01
 2.64392E+01 -8.720E-02 1.358E-01  8.148E-01 2.479E-01
 2.66668E+01 -8.700E-02 1.324E-01  8.160E-01 2.418E-01
 2.69042E+01 -8.680E-02 1.290E-01  8.173E-01 2.356E-01
 2.71340E+01 -8.660E-02 1.255E-01  8.185E-01 2.293E-01
 2.73738E+01 -8.620E-02 1.220E-01  8.201E-01 2.230E-01
 2.76118E+01 -8.580E-02 1.185E-01  8.217E-01 2.167E-01
 2.78539E+01 -8.530E-02 1.149E-01  8.235E-01 2.102E-01
 2.80939E+01 -8.470E-02 1.113E-01  8.254E-01 2.037E-01
 2.83381E+01 -8.390E-02 1.076E-01  8.277E-01 1.971E-01
 2.85865E+01 -8.310E-02 1.039E-01  8.299E-01 1.905E-01
 2.88394E+01 -8.200E-02 1.002E-01  8.327E-01 1.840E-01
 2.90899E+01 -8.090E-02 9.634E-02  8.355E-01 1.771E-01
 2.93449E+01 -7.950E-02 9.248E-02  8.388E-01 1.703E-01
 2.95972E+01 -7.780E-02 8.856E-02  8.426E-01 1.633E-01
 2.98612E+01 -7.590E-02 8.458E-02  8.468E-01 1.563E-01
 3.01152E+01 -7.370E-02 8.054E-02  8.515E-01 1.492E-01
 3.03811E+01 -7.090E-02 7.644E-02  8.574E-01 1.420E-01
 3.06441E+01 -6.740E-02 7.228E-02  8.645E-01 1.348E-01
 3.09117E+01 -6.200E-02 6.808E-02  8.752E-01 1.277E-01
