34 = ICOMP, 800C pyrolyzed cellulose (Jaeger etal 98), extrap to submm
    E(eV)     Re(n)-1    Im(n)    Re(eps)-1  Im(eps)
1.00000E-05  1.216E+02 1.227E+02 -2.410E+01 3.007E+04
1.25893E-05  1.082E+02 1.093E+02 -2.410E+01 2.388E+04
1.58489E-05  9.633E+01 9.745E+01 -2.410E+01 1.897E+04
1.99526E-05  8.574E+01 8.687E+01 -2.410E+01 1.507E+04
2.51189E-05  7.629E+01 7.744E+01 -2.409E+01 1.197E+04
3.16228E-05  6.786E+01 6.903E+01 -2.409E+01 9.508E+03
3.98107E-05  6.036E+01 6.154E+01 -2.409E+01 7.552E+03
5.01187E-05  5.366E+01 5.487E+01 -2.409E+01 5.999E+03
6.30957E-05  4.769E+01 4.893E+01 -2.408E+01 4.764E+03
7.94328E-05  4.237E+01 4.363E+01 -2.407E+01 3.784E+03
1.00000E-04  3.761E+01 3.891E+01 -2.406E+01 3.005E+03
1.25893E-04  3.338E+01 3.471E+01 -2.404E+01 2.386E+03
1.58489E-04  2.959E+01 3.097E+01 -2.401E+01 1.895E+03
1.99526E-04  2.621E+01 2.763E+01 -2.396E+01 1.504E+03
2.51189E-04  2.319E+01 2.466E+01 -2.387E+01 1.193E+03
3.16228E-04  2.049E+01 2.201E+01 -2.374E+01 9.459E+02
3.98107E-04  1.806E+01 1.965E+01 -2.354E+01 7.491E+02
5.01187E-04  1.589E+01 1.753E+01 -2.322E+01 5.922E+02
6.30957E-04  1.393E+01 1.564E+01 -2.271E+01 4.669E+02
7.94328E-04  1.216E+01 1.393E+01 -2.193E+01 3.665E+02
1.00000E-03  1.055E+01 1.237E+01 -2.072E+01 2.859E+02
1.25893E-03  9.088E+00 1.094E+01 -1.890E+01 2.207E+02
1.58489E-03  7.756E+00 9.585E+00 -1.621E+01 1.679E+02
1.99526E-03  6.551E+00 8.271E+00 -1.238E+01 1.249E+02
2.20445E-03  6.398E+00 8.003E+00 -1.032E+01 1.184E+02
2.47350E-03  5.905E+00 7.368E+00 -7.608E+00 1.018E+02
2.77602E-03  5.491E+00 6.775E+00 -4.768E+00 8.795E+01
3.11450E-03  5.139E+00 6.227E+00 -2.088E+00 7.646E+01
3.49390E-03  4.834E+00 5.725E+00  2.599E-01 6.680E+01
3.92041E-03  4.566E+00 5.266E+00  2.250E+00 5.862E+01
4.39899E-03  4.328E+00 4.845E+00  3.914E+00 5.163E+01
4.93584E-03  4.114E+00 4.460E+00  5.261E+00 4.562E+01
5.53841E-03  3.922E+00 4.106E+00  6.367E+00 4.042E+01
6.21413E-03  3.747E+00 3.780E+00  7.246E+00 3.589E+01
6.97168E-03  3.590E+00 3.480E+00  7.958E+00 3.195E+01
7.82345E-03  3.447E+00 3.203E+00  8.517E+00 2.849E+01
8.77690E-03  3.319E+00 2.947E+00  8.969E+00 2.546E+01
9.84813E-03  3.204E+00 2.712E+00  9.319E+00 2.280E+01
1.10508E-02  3.101E+00 2.496E+00  9.588E+00 2.047E+01
1.23985E-02  3.009E+00 2.298E+00  9.791E+00 1.843E+01
1.39111E-02  2.927E+00 2.118E+00  9.935E+00 1.663E+01
1.56097E-02  2.855E+00 1.954E+00  1.004E+01 1.507E+01
1.75191E-02  2.792E+00 1.808E+00  1.011E+01 1.371E+01
1.96516E-02  2.735E+00 1.677E+00  1.014E+01 1.253E+01
2.20445E-02  2.683E+00 1.562E+00  1.012E+01 1.151E+01
2.47350E-02  2.636E+00 1.462E+00  1.008E+01 1.063E+01
2.77602E-02  2.592E+00 1.376E+00  1.001E+01 9.885E+00
3.11450E-02  2.549E+00 1.304E+00  9.895E+00 9.256E+00
3.49390E-02  2.507E+00 1.244E+00  9.752E+00 8.725E+00
3.92041E-02  2.463E+00 1.195E+00  9.564E+00 8.277E+00
4.39899E-02  2.417E+00 1.157E+00  9.337E+00 7.907E+00
4.93584E-02  2.368E+00 1.126E+00  9.076E+00 7.585E+00
5.53841E-02  2.315E+00 1.103E+00  8.773E+00 7.313E+00
6.21413E-02  2.257E+00 1.085E+00  8.431E+00 7.068E+00
6.97168E-02  2.195E+00 1.070E+00  8.063E+00 6.837E+00
7.82345E-02  2.129E+00 1.057E+00  7.673E+00 6.615E+00
8.77690E-02  2.059E+00 1.044E+00  7.268E+00 6.387E+00
9.84813E-02  1.987E+00 1.029E+00  6.863E+00 6.147E+00
1.10508E-01  1.914E+00 1.013E+00  6.465E+00 5.904E+00
1.23985E-01  1.840E+00 9.949E-01  6.076E+00 5.651E+00
1.39111E-01  1.769E+00 9.745E-01  5.718E+00 5.397E+00
1.56097E-01  1.700E+00 9.525E-01  5.383E+00 5.144E+00
1.75191E-01  1.634E+00 9.297E-01  5.074E+00 4.898E+00
1.96516E-01  1.573E+00 9.074E-01  4.797E+00 4.669E+00
2.20445E-01  1.515E+00 8.865E-01  4.539E+00 4.459E+00
2.47350E-01  1.461E+00 8.682E-01  4.303E+00 4.273E+00
2.77602E-01  1.410E+00 8.534E-01  4.080E+00 4.113E+00
3.11450E-01  1.361E+00 8.429E-01  3.864E+00 3.980E+00
3.49390E-01  1.314E+00 8.372E-01  3.654E+00 3.875E+00
3.92041E-01  1.265E+00 8.365E-01  3.430E+00 3.789E+00
4.39899E-01  1.215E+00 8.406E-01  3.200E+00 3.724E+00
4.93584E-01  1.162E+00 8.490E-01  2.953E+00 3.671E+00
5.53841E-01  1.105E+00 8.608E-01  2.690E+00 3.624E+00
6.21413E-01  1.042E+00 8.747E-01  2.405E+00 3.572E+00
6.97168E-01  9.730E-01 8.890E-01  2.102E+00 3.508E+00
7.82345E-01  8.960E-01 9.016E-01  1.782E+00 3.419E+00
8.77690E-01  8.140E-01 9.103E-01  1.462E+00 3.303E+00
9.84813E-01  7.260E-01 9.128E-01  1.146E+00 3.151E+00
1.10508E+00  6.350E-01 9.069E-01  8.508E-01 2.966E+00
1.23985E+00  5.430E-01 8.913E-01  5.864E-01 2.751E+00
1.39111E+00  4.530E-01 8.656E-01  3.619E-01 2.515E+00
1.56085E+00  3.700E-01 8.312E-01  1.860E-01 2.277E+00
1.75129E+00  2.980E-01 7.920E-01  5.754E-02 2.056E+00
1.96504E+00  2.350E-01 7.549E-01 -4.465E-02 1.865E+00
2.20483E+00  1.770E-01 7.278E-01 -1.444E-01 1.713E+00
2.47387E+00  1.060E-01 7.093E-01 -2.799E-01 1.569E+00
2.77565E+00  1.400E-02 6.752E-01 -4.277E-01 1.369E+00
3.11438E+00 -7.110E-02 6.036E-01 -5.015E-01 1.121E+00
3.49439E+00 -1.155E-01 5.295E-01 -4.980E-01 9.367E-01
3.92078E+00 -1.802E-01 4.895E-01 -5.675E-01 8.026E-01
4.39911E+00 -2.650E-01 3.696E-01 -5.964E-01 5.433E-01
4.93597E+00 -2.547E-01 2.357E-01 -5.001E-01 3.513E-01
5.53816E+00 -2.109E-01 1.534E-01 -4.009E-01 2.421E-01
6.21400E+00 -1.688E-01 1.046E-01 -3.200E-01 1.739E-01
6.97217E+00 -1.342E-01 7.387E-02 -2.558E-01 1.279E-01
