multisphere target generated by agglom with MIGRATE= 2 ISEED=  -1
     1024     1024.00   2.242119   1.955683   1.815731 = NS, VTOT, alpha(1-3)
  1.000000  0.000000  0.000000 = A_1 vector
  0.000000  0.882948 -0.469472 = A_2 vector
       j      x(j)        y(j)        z(j)     2*a(j)
       1    0.000000    0.000000    0.000000  1.000000
       2   -0.542300   -0.459603   -0.703332  1.000000
       3   -0.513687   -0.827670    0.226028  1.000000
       4   -0.998772    0.027103    0.041484  1.000000
       5   -1.369839   -0.840113   -0.290546  1.000000
       6   -0.513694    0.539336   -0.667259  1.000000
       7   -1.379232   -0.634183    0.687975  1.000000
       8   -1.369844    0.071225   -0.886071  1.000000
       9   -0.466006   -0.074108    0.881673  1.000000
      10    0.294775    0.026052   -0.955211  1.000000
      11   -0.609716   -1.009540    1.204650  1.000000
      12   -1.379239    0.884713   -0.304566  1.000000
      13   -0.557959    0.896211    0.265844  1.000000
      14   -1.266367    0.525212    0.866276  1.000000
      15   -1.261809   -0.839505   -1.284694  1.000000
      16   -0.701571   -1.446676   -0.721243  1.000000
      17   -1.150396   -0.260060    1.586678  1.000000
      18   -1.347220    1.457740    0.514345  1.000000
      19   -0.176895   -0.335024    1.802726  1.000000
      20    0.315318   -0.685721    1.006021  1.000000
      21   -0.507479    0.070524   -1.550535  1.000000
      22   -1.984876    0.116024   -0.098842  1.000000
      23    0.304925    0.921925   -0.238903  1.000000
      24   -0.300614   -0.990410   -1.515632  1.000000
      25   -0.967029   -1.724790   -1.644381  1.000000
      26    0.007366   -1.568184    0.650460  1.000000
      27   -1.445053   -0.053689   -1.875384  1.000000
      28   -2.157201    0.687537   -0.901137  1.000000
      29    0.465667   -0.917551    0.044954  1.000000
      30   -1.061536   -1.663300    0.186226  1.000000
      31    0.058035    0.883545   -1.412005  1.000000
      32   -1.449283   -1.542632    1.100059  1.000000
      33    0.151810   -1.279415    1.793925  1.000000
      34   -0.652384    1.240543    1.199932  1.000000
      35   -0.974300   -0.856024   -2.242329  1.000000
      36   -2.311034    1.054292    0.016374  1.000000
      37    0.803205   -0.523900    1.863798  1.000000
      38   -0.051001   -1.935079   -1.302810  1.000000
      39    1.023784   -1.324334    1.306437  1.000000
      40    0.436467   -2.132172    1.356002  1.000000
      41   -0.438675    1.871117    0.453805  1.000000
      42    0.345713   -0.325493   -1.889996  1.000000
      43    1.276394   -0.409888    0.990246  1.000000
      44    0.955505    0.776116   -0.984212  1.000000
      45    0.155181   -1.788761   -0.335297  1.000000
      46   -1.992223   -0.785547    1.463430  1.000000
      47   -0.590012   -2.002088    1.324898  1.000000
      48    0.203429   -0.739839    2.634278  1.000000
      49   -0.322610    1.518248   -0.739502  1.000000
      50    0.368447    1.914481   -0.134985  1.000000
      51   -2.212278   -1.174396    0.568795  1.000000
      52   -2.389958   -1.700867    1.400214  1.000000
      53   -1.240157   -1.165212    2.002179  1.000000
      54   -0.466957   -1.477509    2.554114  1.000000
      55    0.550263   -1.184917   -1.027600  1.000000
      56   -0.450323    2.438489   -0.369574  1.000000
      57   -2.185840   -1.305146    2.295614  1.000000
      58    0.247875    1.214174    0.765375  1.000000
      59    0.864464   -2.131214   -0.951449  1.000000
      60   -1.107295   -2.142178    2.169169  1.000000
      61   -1.067560    2.150055    1.179544  1.000000
      62    0.949191   -1.360412    2.391942  1.000000
      63   -0.004164    1.987678    1.346897  1.000000
      64   -0.845786   -2.413953   -0.929990  1.000000
      65   -1.945741   -0.908634   -2.010957  1.000000
      66    1.152073   -0.470019    2.799420  1.000000
      67   -1.648254   -0.372727   -2.801086  1.000000
      68    0.597019    1.704138   -1.085517  1.000000
      69    0.800974    2.047245    0.756807  1.000000
      70   -0.756367    2.818006    0.503526  1.000000
      71    1.753604   -0.819694    1.767633  1.000000
      72   -1.444721   -2.520898    1.307361  1.000000
      73   -2.096054   -2.290745    2.152321  1.000000
      74   -3.002523   -1.868958    2.172555  1.000000
      75    1.120296   -1.657738   -0.108614  1.000000
      76   -0.495496   -2.467538    0.005117  1.000000
      77    0.489946    0.204574    2.473055  1.000000
      78    0.880690    1.186800   -1.892915  1.000000
      79   -2.176346   -0.458742   -1.148160  1.000000
      80   -1.096294    1.122016   -1.233882  1.000000
      81    0.216804    2.814576    0.273466  1.000000
      82    1.240970   -2.134569    0.762058  1.000000
      83   -0.267579   -1.556874   -2.339056  1.000000
      84    0.445844    2.738023   -0.696936  1.000000
      85    1.566915    1.522332   -1.247536  1.000000
      86   -2.429406   -2.695115    1.300639  1.000000
      87   -1.386142    2.278613   -0.055437  1.000000
      88   -2.956160   -0.959236    1.759934  1.000000
      89   -0.765996    0.053674   -2.601576  1.000000
      90   -0.462999    0.002885    2.699365  1.000000
      91   -1.503172   -1.668798   -2.486649  1.000000
      92    1.133009   -0.412310   -1.279562  1.000000
      93    1.352889   -2.154981    1.755566  1.000000
      94   -1.472697   -3.072599    2.140933  1.000000
      95   -3.039724   -1.054693    2.751854  1.000000
      96   -2.922834    0.353856   -0.351171  1.000000
      97   -0.813980   -0.729696   -3.221277  1.000000
      98   -2.434828   -0.036420   -2.016970  1.000000
      99   -1.177854    0.156859   -3.506964  1.000000
     100   -0.154610   -2.789421    0.888400  1.000000
     101   -2.529231   -1.859962    3.053414  1.000000
     102    1.133589    1.332849    0.141173  1.000000
     103    0.473235    2.859712    1.238974  1.000000
     104   -0.190300    0.026618   -3.418792  1.000000
     105   -0.165838    2.293525   -1.351358  1.000000
     106   -0.467232    2.843217    1.578459  1.000000
     107    0.813273   -2.998468    1.028055  1.000000
     108   -0.381653    3.206819   -1.005933  1.000000
     109    0.688600   -2.547751    0.038064  1.000000
     110    0.753970   -1.712046   -1.852608  1.000000
     111    1.681273   -2.484411   -0.064830  1.000000
     112    1.528968   -1.384453   -0.979420  1.000000
     113   -1.546599   -1.703746    2.953254  1.000000
     114    1.350794   -0.643924   -0.331446  1.000000
     115   -0.700509    1.787060    2.035995  1.000000
     116    0.200507    3.626763   -0.309703  1.000000
     117    1.616687   -2.155683   -1.609904  1.000000
     118    0.384856    3.078485   -1.635214  1.000000
     119    0.083612   -0.694030   -2.781894  1.000000
     120    1.671720    0.619360   -1.664258  1.000000
     121   -2.590850   -0.702192   -2.746631  1.000000
     122    1.426721    0.213608    2.123238  1.000000
     123   -2.046452   -1.449875   -1.176142  1.000000
     124   -3.379921   -1.714228    1.259522  1.000000
     125    0.498349    0.213682   -2.718242  1.000000
     126   -0.217192    3.654834    0.598449  1.000000
     127    0.777546    3.609003    0.506821  1.000000
     128   -3.140598   -0.869274    0.781216  1.000000
     129   -1.309345    2.580245    2.049301  1.000000
     130   -3.898002   -0.876906    1.434118  1.000000
     131    1.787052   -2.971340    0.802183  1.000000
     132   -0.608786    0.887797   -3.130277  1.000000
     133   -2.451959   -0.343758    2.365714  1.000000
     134   -2.914712   -2.864994    2.158322  1.000000
     135   -1.351960    3.155532    1.232460  1.000000
     136    1.242622    0.489343    3.066677  1.000000
     137   -0.551963    0.660508   -4.102446  1.000000
     138   -0.738901   -2.277517    3.088935  1.000000
     139    1.790712    1.442879   -2.218928  1.000000
     140    0.718858   -0.383844   -3.489176  1.000000
     141   -1.895712   -2.633509    3.070131  1.000000
     142   -2.879572   -2.791063    3.154966  1.000000
     143    0.079588    2.368159    2.267886  1.000000
     144   -2.942504    1.281099   -0.725113  1.000000
     145   -0.778876   -1.365718    3.497623  1.000000
     146   -0.989989    3.527114    2.087389  1.000000
     147   -1.966964    3.332044    2.000974  1.000000
     148    0.954120    1.075035    2.309227  1.000000
     149   -0.554267    2.981197   -1.964734  1.000000
     150    0.158154    2.361986   -2.294937  1.000000
     151   -0.228389   -0.530993    3.511727  1.000000
     152   -1.814904   -2.247518   -1.733053  1.000000
     153   -3.037326    0.494037   -1.334655  1.000000
     154    0.899929    2.116527    1.754347  1.000000
     155    1.455216    2.691289    1.153260  1.000000
     156    1.915403    0.758406   -0.704422  1.000000
     157   -2.305056   -3.459502    2.682610  1.000000
     158    0.345603    0.286182    3.459212  1.000000
     159   -2.927604   -0.884655   -1.822887  1.000000
     160    1.143427   -3.425884    0.186442  1.000000
     161    0.600993    0.598334   -3.635579  1.000000
     162    2.081040   -0.126786   -1.139165  1.000000
     163    2.472208    1.202914   -1.527566  1.000000
     164    0.158333    3.320920   -2.578566  1.000000
     165   -3.429174   -2.711491    1.314659  1.000000
     166    0.041230   -3.309688    0.057154  1.000000
     167    2.235344   -2.087726    0.667049  1.000000
     168   -2.652076   -0.606232   -0.281023  1.000000
     169   -3.611828   -0.396150    2.262960  1.000000
     170   -0.520851   -2.870806    1.815354  1.000000
     171    0.969458   -3.103845   -0.744163  1.000000
     172    1.057512   -0.602747   -2.574083  1.000000
     173    1.671862   -0.994000   -1.888886  1.000000
     174   -2.476697   -1.717579   -2.263332  1.000000
     175   -0.737839    2.375224    2.843875  1.000000
     176   -1.563264    4.096215    1.497915  1.000000
     177   -1.414581    3.109939    2.890936  1.000000
     178    0.549846   -2.275691    2.339133  1.000000
     179    0.463125   -3.893257    0.751021  1.000000
     180    2.214836    2.159390   -1.665095  1.000000
     181    2.391304   -1.541047   -1.460934  1.000000
     182    0.864964    1.971556    2.743165  1.000000
     183    0.919606    2.899928    2.375552  1.000000
     184   -2.239140    1.936276   -0.449389  1.000000
     185   -3.340611   -1.348875   -2.606421  1.000000
     186   -2.018779   -2.504018   -2.677851  1.000000
     187   -2.987283    0.028599    1.607572  1.000000
     188   -1.661518    4.148050    2.491725  1.000000
     189   -3.492107   -0.370112   -2.468318  1.000000
     190    1.161869    3.361281   -0.382521  1.000000
     191   -1.512669    1.784242    2.619423  1.000000
     192   -3.975868    0.118666    1.486789  1.000000
     193   -0.543376    2.697584   -2.923611  1.000000
     194   -3.669687   -2.436657    2.654851  1.000000
     195    0.140564   -2.447768   -2.139740  1.000000
     196   -0.520229   -3.713768    0.779292  1.000000
     197   -2.236485   -3.353560    3.674615  1.000000
     198    2.114950   -3.385303   -0.047003  1.000000
     199   -1.081207   -2.562643   -2.335037  1.000000
     200    1.410344    0.614166   -2.629482  1.000000
     201    1.939023    1.686996   -0.334070  1.000000
     202   -2.494843   -1.593709   -0.293953  1.000000
     203   -0.138265   -4.293444    0.059515  1.000000
     204   -3.989520   -1.347703    0.556636  1.000000
     205    0.741638   -1.334096   -3.178527  1.000000
     206   -2.238765    1.563170   -1.377178  1.000000
     207    1.519065    0.213776   -3.539354  1.000000
     208    1.434869    0.497509    0.600994  1.000000
     209   -0.784360    3.637815   -2.683003  1.000000
     210   -0.167372    3.797162    1.587014  1.000000
     211    1.735139    3.329660    0.436235  1.000000
     212   -2.703748   -2.643945   -1.962842  1.000000
     213    1.376572    1.198595   -3.440223  1.000000
     214    0.666020   -4.015029   -0.465471  1.000000
     215   -1.413393   -2.182443    3.821070  1.000000
     216   -2.471174    4.190425    1.906354  1.000000
     217    2.582738    0.282065   -1.901491  1.000000
     218   -1.257457   -3.153124    3.638138  1.000000
     219   -2.913433   -3.559228    1.438574  1.000000
     220   -3.014541    1.751443    0.154425  1.000000
     221   -1.912832   -1.211915   -3.276229  1.000000
     222   -3.517708    0.599010    2.234693  1.000000
     223   -4.371031   -1.756617    1.385634  1.000000
     224    1.805410   -3.966495    0.705593  1.000000
     225   -3.375412    0.893666    1.289743  1.000000
     226   -1.456051   -0.675676   -3.986017  1.000000
     227   -0.249062   -3.766995   -0.783441  1.000000
     228   -1.174558   -0.500566    3.189489  1.000000
     229    1.676799   -1.346895   -2.824535  1.000000
     230   -3.178601    1.419190   -1.686981  1.000000
     231   -2.322542    3.528315    2.914780  1.000000
     232    0.008901    1.398889   -3.727979  1.000000
     233    1.276849    2.859419   -1.239792  1.000000
     234   -0.658000    1.384106    2.950228  1.000000
     235   -0.566110   -0.324117   -4.276552  1.000000
     236    1.490924   -0.971015   -3.732370  1.000000
     237    1.152102   -0.218462    3.767262  1.000000
     238    0.529949   -3.709190   -1.407781  1.000000
     239   -1.510887    2.303340    3.474136  1.000000
     240   -1.616676   -3.973915    3.193994  1.000000
     241    2.118721   -0.351581    2.572344  1.000000
     242   -1.511458    0.705602   -2.740420  1.000000
     243   -1.881591   -3.212741   -1.985832  1.000000
     244    1.616260   -4.230263   -0.240266  1.000000
     245   -3.650235   -0.281708   -1.484865  1.000000
     246   -1.579317    3.915051    3.460722  1.000000
     247    1.885673    2.676571   -0.467846  1.000000
     248   -4.792448   -0.939923    0.991404  1.000000
     249   -3.354775   -0.729464   -3.391360  1.000000
     250    0.827592    3.759320    1.494192  1.000000
     251   -1.459008   -3.305739   -2.887373  1.000000
     252   -1.081559   -1.560599   -3.709131  1.000000
     253    0.314775    1.226404    3.120047  1.000000
     254   -0.794597    3.663525   -0.217963  1.000000
     255    2.677935   -2.560236   -0.095084  1.000000
     256    0.977517    1.754094   -2.710719  1.000000
     257    1.164578   -3.828714    1.460809  1.000000
     258   -3.078905   -2.290176   -2.819641  1.000000
     259    1.919107   -1.602605    2.367348  1.000000
     260   -2.051411    3.090232    3.771852  1.000000
     261   -2.339417    3.597740    1.111770  1.000000
     262   -0.171476   -4.623959    1.002732  1.000000
     263   -2.327702    4.500490    3.148981  1.000000
     264    0.918902    4.312046   -0.190135  1.000000
     265   -2.361896    2.532887    3.001810  1.000000
     266   -0.781334    2.963999    3.651001  1.000000
     267    2.290211    0.017082    1.658737  1.000000
     268   -1.413002    2.890144   -2.468999  1.000000
     269    2.131082   -2.839104   -0.884504  1.000000
     270   -0.172303   -1.713708   -3.322075  1.000000
     271   -3.013698    3.104526    3.500192  1.000000
     272    1.269144   -2.216385   -2.545601  1.000000
     273   -4.200812   -0.930109   -2.897435  1.000000
     274   -0.092421   -2.943105    2.716032  1.000000
     275    2.784307   -2.906079    0.837160  1.000000
     276   -0.337439    4.202587   -0.925365  1.000000
     277   -2.628794    2.290115    3.934455  1.000000
     278    2.688704    2.171778   -0.784586  1.000000
     279   -3.947630   -1.556840    2.269275  1.000000
     280    1.856979   -0.831184    3.409884  1.000000
     281   -3.478915   -1.733748    3.340069  1.000000
     282    2.530313    2.295663    0.194988  1.000000
     283    2.055487    0.141083    3.533546  1.000000
     284    0.982330    0.026727   -4.362110  1.000000
     285   -1.716636   -1.229539    3.817091  1.000000
     286   -1.769969    2.397085    4.435431  1.000000
     287    2.090898   -0.479669   -3.101014  1.000000
     288   -4.258709    1.045629    1.733245  1.000000
     289   -0.862191    3.900962   -1.721392  1.000000
     290   -3.772024   -1.635520   -3.461825  1.000000
     291   -0.894317   -1.202554   -4.623868  1.000000
     292   -0.097962    4.237477   -2.271586  1.000000
     293   -4.257542   -2.625124    1.868145  1.000000
     294    2.425766    2.878076    1.001130  1.000000
     295   -2.112670    5.024794    2.325047  1.000000
     296   -1.662187   -4.052814    2.198150  1.000000
     297   -4.319399   -2.611957    0.870146  1.000000
     298   -0.669581   -3.694136    3.036716  1.000000
     299   -2.828520   -2.186569    3.949938  1.000000
     300   -2.265529   -0.252837   -3.578645  1.000000
     301   -2.282273    4.590876    1.009718  1.000000
     302    0.029745    3.348516    2.458715  1.000000
     303   -0.988519   -4.584392    2.711566  1.000000
     304   -3.530148   -2.080964   -1.952110  1.000000
     305    1.400838   -1.699938    3.217009  1.000000
     306    0.309499   -0.245962    4.305096  1.000000
     307   -1.435290    4.942030    3.056010  1.000000
     308    1.920983    1.657307    0.665327  1.000000
     309    0.623182   -2.319349   -3.301995  1.000000
     310    1.161806   -1.181123    4.037798  1.000000
     311    1.184946   -0.465352    4.735749  1.000000
     312   -2.767372    3.123695    4.469189  1.000000
     313   -0.873815   -4.421776    3.691566  1.000000
     314   -0.059365    4.030144   -3.249095  1.000000
     315   -1.016438   -4.527524    0.476671  1.000000
     316   -2.449536   -3.399817   -2.787356  1.000000
     317    0.868342    3.892661    2.484424  1.000000
     318    2.783407   -3.857079    0.527969  1.000000
     319   -2.957527    2.204490   -1.108681  1.000000
     320   -0.019819    4.346087    2.409759  1.000000
     321    0.982263    0.476108    4.466353  1.000000
     322    0.243461    3.899926    3.265110  1.000000
     323   -2.584932   -4.206420    3.285754  1.000000
     324   -4.090174   -3.461233    1.345737  1.000000
     325   -1.987006   -4.229761    4.086965  1.000000
     326   -2.202560    1.597995    3.318967  1.000000
     327    2.931332   -2.253244   -1.012442  1.000000
     328    2.051148   -1.633865    3.973800  1.000000
     329   -4.459445    0.281870    2.346742  1.000000
     330    3.416467   -3.199252    0.119927  1.000000
     331   -2.003318    0.711629   -3.611073  1.000000
     332   -3.458685    1.573537    2.018332  1.000000
     333    2.083308   -0.719546    4.377516  1.000000
     334   -3.080680    3.020253    2.506003  1.000000
     335    2.531613   -2.421686   -1.913471  1.000000
     336   -0.071268   -4.492955    3.099239  1.000000
     337   -0.559137    4.495850    3.238437  1.000000
     338   -1.841311   -4.108181   -2.429189  1.000000
     339   -1.222639    2.667542   -0.962079  1.000000
     340    0.019443   -3.859215    2.331029  1.000000
     341   -2.655950   -3.841421   -1.914212  1.000000
     342   -0.187545   -4.822923    2.162435  1.000000
     343    3.229668   -2.052575    0.566635  1.000000
     344    0.964159   -2.892335   -1.787530  1.000000
     345   -3.351700   -3.287061   -2.370959  1.000000
     346   -1.272892    3.169165   -3.419008  1.000000
     347    2.737092   -0.829335    1.948350  1.000000
     348   -1.825000    3.357505    4.708497  1.000000
     349    0.688291   -0.928434   -4.327322  1.000000
     350    2.401884   -0.736384    1.010802  1.000000
     351   -1.386844    1.464287   -3.379847  1.000000
     352   -2.167005    1.487590    4.312218  1.000000
     353    1.642532    3.481781    2.002960  1.000000
     354   -2.762439   -1.141494    3.708713  1.000000
     355   -0.331943    3.211679   -3.754877  1.000000
     356   -2.860594    5.078885    1.663470  1.000000
     357    2.225741   -2.182689   -2.835058  1.000000
     358    0.366657   -1.858887   -4.151801  1.000000
     359    0.166196    2.369781   -3.547352  1.000000
     360   -4.077345   -2.283667   -2.764198  1.000000
     361   -4.211130   -0.847854   -3.893993  1.000000
     362   -1.339301    1.362165    3.765250  1.000000
     363    3.010412    0.043804    2.351987  1.000000
     364    0.091833    0.258590   -4.753589  1.000000
     365   -0.908323    4.028546   -3.777552  1.000000
     366   -0.263421   -3.059697    3.694380  1.000000
     367   -2.774347   -1.653024   -3.527655  1.000000
     368    1.330826   -1.943704   -3.900434  1.000000
     369    2.797437    3.075678   -0.370894  1.000000
     370    2.280138    0.802444    1.039782  1.000000
     371   -1.693741   -4.938686    3.445544  1.000000
     372   -1.005070   -3.684623   -2.080907  1.000000
     373   -0.789512   -5.348444    3.325261  1.000000
     374   -2.664140    3.946736    3.910668  1.000000
     375    1.100579   -4.650301    0.894329  1.000000
     376   -0.445370    3.843583    3.987840  1.000000
     377    1.957529    0.262029    4.521360  1.000000
     378   -0.829859    4.597846   -2.959175  1.000000
     379   -0.891960   -5.509203    2.343598  1.000000
     380   -1.812806    2.353311   -3.211944  1.000000
     381    3.552344   -3.505691    1.062069  1.000000
     382   -0.004413   -0.702568   -5.012264  1.000000
     383   -4.767870   -1.546191   -3.444142  1.000000
     384   -1.601300   -5.817520    2.977457  1.000000
     385    3.554710   -2.553823    1.368569  1.000000
     386   -2.255591    5.496826    3.194967  1.000000
     387   -1.957919    5.439203    1.428210  1.000000
     388    2.368788    0.451141   -2.863592  1.000000
     389    1.525925   -3.620504   -1.394861  1.000000
     390   -2.587788   -5.004197    3.888700  1.000000
     391   -0.745700   -3.662696    4.329832  1.000000
     392   -3.057129    0.198380   -3.166609  1.000000
     393    1.999459   -0.356920    5.305671  1.000000
     394   -1.899718    4.934770    3.941591  1.000000
     395   -2.175837    3.260443   -2.999057  1.000000
     396    2.751589    1.681123   -2.360190  1.000000
     397   -2.640758    2.176800   -2.056780  1.000000
     398    2.600970   -1.333335   -3.206273  1.000000
     399   -3.577078    3.615673    4.149292  1.000000
     400   -3.624677   -2.616053   -3.591610  1.000000
     401    0.402414   -5.090183    0.329467  1.000000
     402   -5.127198   -2.409878    1.423884  1.000000
     403    0.743306    3.924391   -1.095060  1.000000
     404    2.146902    3.816118    1.206826  1.000000
     405    2.462605   -3.384968   -1.654000  1.000000
     406    3.132183    0.528060    1.485576  1.000000
     407   -4.331248   -2.142682   -4.117611  1.000000
     408    2.682262    2.989281   -1.360475  1.000000
     409   -5.019462   -3.312691    1.007566  1.000000
     410    2.333832    1.385130   -3.219181  1.000000
     411    2.843879    0.080085    0.639291  1.000000
     412   -0.981659   -0.644588    4.160080  1.000000
     413    2.788779   -1.004724    3.728684  1.000000
     414    0.445676   -1.138760    4.734478  1.000000
     415    4.187217   -2.850262    0.652986  1.000000
     416   -2.645382   -4.224311    2.135577  1.000000
     417   -4.884240   -1.366692   -4.420993  1.000000
     418   -3.718203    1.885462   -0.543356  1.000000
     419   -5.324451   -2.161199   -4.002696  1.000000
     420   -2.753917   -0.890525   -4.174322  1.000000
     421    2.320131   -2.067909   -3.823955  1.000000
     422   -1.685177    4.117865   -3.154239  1.000000
     423    1.655940   -1.271752    5.093356  1.000000
     424    2.792911    1.208231   -0.538177  1.000000
     425   -3.762830   -3.371749    2.312904  1.000000
     426    0.698244    4.743933    2.980813  1.000000
     427   -1.506675    4.467749   -2.234610  1.000000
     428   -2.277604    3.107639   -2.016055  1.000000
     429   -1.399364    5.748594    3.646064  1.000000
     430    3.196529   -0.811025    2.836372  1.000000
     431   -4.944973    0.365100    1.476491  1.000000
     432    3.294317   -1.782257   -1.816441  1.000000
     433   -5.653125   -1.240040   -3.794276  1.000000
     434   -2.749608   -4.353538   -2.768006  1.000000
     435   -0.988669   -4.186288   -2.945814  1.000000
     436   -1.406761    4.893596   -3.720566  1.000000
     437   -3.331716   -1.968938   -4.295469  1.000000
     438    3.133997   -2.178118   -3.253449  1.000000
     439   -4.114656    1.251784    2.701103  1.000000
     440    0.518616   -1.551230   -5.091085  1.000000
     441   -5.806675   -1.632430   -4.701168  1.000000
     442    3.532430    2.689055   -0.927947  1.000000
     443    2.322616   -4.709455    0.280731  1.000000
     444   -2.381710   -4.802275   -1.953583  1.000000
     445   -3.786212    0.055516   -3.835958  1.000000
     446    0.323616    4.495955    0.592050  1.000000
     447   -3.431469   -4.206101    2.753424  1.000000
     448   -3.869984    0.390868    3.147151  1.000000
     449    2.774305    1.945959    1.099518  1.000000
     450   -3.758782   -2.834121   -4.558286  1.000000
     451    0.884655   -0.879805    5.594850  1.000000
     452   -2.992029    4.019544    4.852574  1.000000
     453    2.683922   -4.110816   -0.434175  1.000000
     454    3.033767   -3.267266   -0.841645  1.000000
     455    1.946987   -1.428192   -4.495912  1.000000
     456    3.576369   -4.180420    0.011576  1.000000
     457    4.345330   -3.832045    0.547612  1.000000
     458   -1.267172    1.586983    4.736977  1.000000
     459   -2.641734   -2.797599   -3.562207  1.000000
     460    0.814725   -2.752349   -4.182802  1.000000
     461    2.823203   -0.172785    4.769444  1.000000
     462   -1.685041    3.210478   -0.261076  1.000000
     463    3.864366   -2.346296   -0.148129  1.000000
     464   -0.414406   -1.503958   -5.447786  1.000000
     465   -5.571575   -0.664909   -4.608262  1.000000
     466   -2.017893   -3.571264   -3.672958  1.000000
     467    1.599318    0.813256   -4.335710  1.000000
     468   -2.360245   -1.773541   -4.429872  1.000000
     469    0.100164    4.964137   -2.929394  1.000000
     470    1.479164   -2.818047   -3.438354  1.000000
     471   -3.262384   -3.469349   -3.966615  1.000000
     472    3.213022   -1.296014   -0.946407  1.000000
     473   -3.877495    1.742878    1.126187  1.000000
     474   -1.097467    4.129056    0.613633  1.000000
     475   -2.348229   -1.530183    4.531727  1.000000
     476    0.862393    1.830051   -4.020640  1.000000
     477   -2.869206    0.310938   -4.142322  1.000000
     478    1.908308    3.053936   -1.990407  1.000000
     479    2.922009   -3.209970    1.779862  1.000000
     480   -0.880571    0.312690   -4.980534  1.000000
     481   -1.404709   -2.055660   -4.515659  1.000000
     482   -5.048929   -3.221390    2.002953  1.000000
     483    2.758510   -1.407573    4.643450  1.000000
     484   -4.354514    2.014364    1.962099  1.000000
     485   -4.522080   -0.034792    0.663319  1.000000
     486   -1.442687   -5.756785    3.962928  1.000000
     487   -1.476397    5.054079    0.640926  1.000000
     488   -1.197928   -2.804753    4.573603  1.000000
     489   -3.991829   -1.992944   -5.046252  1.000000
     490    0.322184   -1.007354   -5.906937  1.000000
     491   -1.992469   -5.001242   -2.852973  1.000000
     492    1.854721    1.755562   -4.119312  1.000000
     493    1.324922   -2.106438   -4.887087  1.000000
     494    0.035924   -4.223216    4.056187  1.000000
     495    3.032528    0.030161    3.351650  1.000000
     496   -4.543552    0.958303    0.778657  1.000000
     497   -3.560179    3.225872    5.070036  1.000000
     498    2.551928    1.038797   -4.131589  1.000000
     499   -2.523142    5.909890    2.105688  1.000000
     500   -0.411452    4.895460   -3.817290  1.000000
     501    3.283393    1.953913   -1.558460  1.000000
     502   -5.132883    1.009733    2.217529  1.000000
     503   -3.612493    2.303817   -1.857784  1.000000
     504    4.472073   -3.398091    1.439587  1.000000
     505   -0.127063    5.270284    2.776307  1.000000
     506   -5.432825    0.058840    2.293929  1.000000
     507    3.319381    3.664232   -0.988290  1.000000
     508   -3.439970    0.977562   -3.662904  1.000000
     509    3.159277    1.028857    0.620435  1.000000
     510   -5.537045   -0.439627    1.433309  1.000000
     511    0.288676   -2.005794   -5.951608  1.000000
     512   -2.428694   -2.345768   -0.949721  1.000000
     513    0.004513    2.054989   -4.482640  1.000000
     514   -1.868520   -5.092953    4.577740  1.000000
     515   -0.533537   -5.403082    0.490991  1.000000
     516   -3.590288   -4.218419    1.766193  1.000000
     517   -3.028685    5.072709    2.723320  1.000000
     518   -5.188535   -1.202647   -5.359340  1.000000
     519   -0.221462    0.016921   -5.671980  1.000000
     520   -3.845922    1.015085   -1.061375  1.000000
     521   -6.160283   -0.966631   -5.358187  1.000000
     522   -4.426151   -0.354312   -2.111509  1.000000
     523   -1.814499    3.713465   -4.059632  1.000000
     524   -0.368850   -0.599769    4.949040  1.000000
     525    3.360281   -2.951357   -1.732482  1.000000
     526   -0.988229    5.776922    2.734930  1.000000
     527   -0.670042    5.570706   -3.126512  1.000000
     528   -6.503821   -0.973333   -4.419072  1.000000
     529    2.137318    1.347741   -4.987540  1.000000
     530   -3.526857    2.535481    1.753725  1.000000
     531   -1.787149   -5.063534    2.347406  1.000000
     532   -2.635976    3.297067    5.445241  1.000000
     533   -2.267825    5.844763    4.132405  1.000000
     534   -3.985485    4.117031    4.912079  1.000000
     535   -5.023785   -2.200174   -4.955629  1.000000
     536    1.277754    1.855512   -4.929940  1.000000
     537   -0.238181    0.971005   -5.372907  1.000000
     538   -0.564464    0.226175    4.420312  1.000000
     539   -2.390057    4.026836   -2.393456  1.000000
     540   -1.455680    5.521925    4.618406  1.000000
     541    3.561021   -0.364656    1.623983  1.000000
     542   -0.940862    5.702081   -4.080136  1.000000
     543   -3.414036   -0.333750   -4.678547  1.000000
     544   -0.884180    4.924970    2.221752  1.000000
     545   -0.791821    5.055423    4.033885  1.000000
     546    1.682211    4.105049   -0.802108  1.000000
     547   -0.985309    0.608487   -5.930026  1.000000
     548    3.339264    2.647833    0.665705  1.000000
     549    2.337655    0.377634   -4.850581  1.000000
     550    4.059281   -4.306955    1.379859  1.000000
     551    0.613888   -3.316127   -3.381666  1.000000
     552   -0.424503   -2.153676   -4.687678  1.000000
     553   -2.098078    4.125299    5.288084  1.000000
     554   -1.430099   -1.850972    4.764387  1.000000
     555    1.868259   -4.536329    1.524946  1.000000
     556   -0.877971   -5.083983    4.440876  1.000000
     557   -1.469849    0.649397    4.454394  1.000000
     558   -4.423133    3.286173    4.568363  1.000000
     559    1.444894   -5.154077    0.102082  1.000000
     560    1.622955    4.319813    0.519970  1.000000
     561   -4.364775   -4.165889    2.396599  1.000000
     562   -3.655287   -3.403660    3.306592  1.000000
     563   -4.238135   -1.025457   -5.103714  1.000000
     564   -4.444893   -1.640108   -5.864933  1.000000
     565   -0.992787    4.868783   -4.630517  1.000000
     566    0.779224    4.251929   -2.751519  1.000000
     567   -3.051278    6.047894    2.943559  1.000000
     568    3.713450   -0.628106    3.672633  1.000000
     569   -1.211663   -4.862611   -2.243774  1.000000
     570    3.231963    0.627888   -1.224060  1.000000
     571    1.098372    3.678500   -1.996984  1.000000
     572   -1.969564    5.044371   -2.907842  1.000000
     573    1.444353    0.473502    5.353183  1.000000
     574   -2.829023   -5.004028    2.734173  1.000000
     575   -0.544362    4.905101    0.310599  1.000000
     576    0.416554   -3.630498    3.234139  1.000000
     577   -4.736417   -3.001535   -4.430995  1.000000
     578    1.040310   -1.940683    4.676787  1.000000
     579   -1.305534   -5.830464    4.950734  1.000000
     580    3.727010   -2.394775   -2.477953  1.000000
     581   -5.033613   -2.310124    2.414485  1.000000
     582   -5.495814    0.192871    0.659845  1.000000
     583   -1.515528    6.475418    4.322992  1.000000
     584   -5.612724   -1.931595   -3.073083  1.000000
     585   -1.258664   -4.914816    5.349972  1.000000
     586   -4.402121    3.470378    5.551027  1.000000
     587    0.246340    1.046343    4.101319  1.000000
     588   -2.667462   -4.519799    4.759912  1.000000
     589   -1.153380   -0.345606   -5.682119  1.000000
     590    2.794023   -4.632531    1.159285  1.000000
     591   -2.199856   -6.036152    4.553393  1.000000
     592   -2.093325    6.146144    5.069805  1.000000
     593    1.710078    2.290515    2.314157  1.000000
     594   -2.077174   -5.474839    5.478088  1.000000
     595   -4.094176   -3.768030   -4.434495  1.000000
     596   -1.020367   -3.582526   -3.742348  1.000000
     597    2.520765   -1.163738    5.583674  1.000000
     598    3.013838    2.638113   -2.236111  1.000000
     599    1.226517    4.011594    3.410472  1.000000
     600   -1.006770   -5.079620    1.310395  1.000000
     601    2.028304   -3.634247    1.925738  1.000000
     602   -1.835689   -5.628806   -2.090357  1.000000
     603   -2.462105    6.788958    4.398395  1.000000
     604   -0.462717   -5.918612    4.078994  1.000000
     605   -2.125609   -4.483431    5.599598  1.000000
     606   -5.163108   -0.588408    0.131725  1.000000
     607   -5.071796    0.535196    3.095642  1.000000
     608   -2.745158   -5.556915   -2.499865  1.000000
     609    1.397850    2.625787   -4.303640  1.000000
     610    2.658581   -4.386190    2.118958  1.000000
     611   -4.901523   -2.618924   -3.220634  1.000000
     612   -4.333539    1.772051    0.236708  1.000000
     613   -3.430418   -3.407071    0.596211  1.000000
     614   -4.044537   -2.523381    3.577871  1.000000
     615   -4.520681   -4.360055    1.428098  1.000000
     616   -4.136872   -3.467844   -3.481570  1.000000
     617    0.789426    4.612767   -1.818947  1.000000
     618   -6.350445   -0.104152   -4.889179  1.000000
     619   -2.430735   -3.388082    0.579672  1.000000
     620    1.941493   -5.349640    0.947744  1.000000
     621   -0.156640    5.417287   -4.631396  1.000000
     622   -4.944418    0.342485   -0.160873  1.000000
     623    4.104628   -2.307269   -1.556136  1.000000
     624    0.424239   -2.613427    4.267064  1.000000
     625   -4.626924   -0.135082   -3.329129  1.000000
     626    0.124561    4.664333    3.948487  1.000000
     627    0.380372    1.756642   -5.359976  1.000000
     628   -2.820849   -5.125989   -3.399072  1.000000
     629   -4.464518    0.280297   -1.339628  1.000000
     630   -4.336395    2.630062    1.174325  1.000000
     631   -0.147086   -3.962511   -3.437405  1.000000
     632   -4.583164   -3.319543    2.882401  1.000000
     633   -3.330374    1.728715   -2.625682  1.000000
     634   -4.327308   -4.138833    3.395530  1.000000
     635   -1.313881   -0.904862    5.066660  1.000000
     636    4.537202   -2.400838    1.474891  1.000000
     637   -3.033308    6.044491    4.744077  1.000000
     638    0.105065   -2.035218    5.017932  1.000000
     639    4.275867   -3.135260   -2.090089  1.000000
     640    1.282385    0.918176   -5.278337  1.000000
     641   -4.288999   -3.275079   -5.282459  1.000000
     642   -1.947423    4.597406   -4.507939  1.000000
     643    1.410707   -0.193668    6.097328  1.000000
     644   -3.497302   -1.387267   -5.669629  1.000000
     645    2.518942   -2.952476   -3.402035  1.000000
     646    2.441584    0.547716    5.348448  1.000000
     647    0.655256    2.636932   -4.973289  1.000000
     648    3.044652   -0.352699   -1.282048  1.000000
     649   -0.099724    4.418939   -4.639333  1.000000
     650   -4.987612   -3.862309   -4.873680  1.000000
     651   -1.886178    2.637001    5.399244  1.000000
     652   -0.604945    1.894320   -5.259008  1.000000
     653    3.329209    0.883641   -2.185899  1.000000
     654   -4.631499    1.501298   -0.678668  1.000000
     655   -1.694245   -5.995845    1.997885  1.000000
     656    1.141526    4.934870   -0.940155  1.000000
     657    3.395831   -0.871980    5.197491  1.000000
     658   -3.284848    2.194786    3.185786  1.000000
     659   -6.123611   -0.194964   -3.919489  1.000000
     660    3.474021   -1.401306   -2.723404  1.000000
     661    1.861247    4.916733   -0.246127  1.000000
     662    0.100957   -5.453896    2.882602  1.000000
     663    0.563634    0.985973   -5.970292  1.000000
     664    3.183559   -0.028566    5.691043  1.000000
     665    2.614530    3.269746    1.901665  1.000000
     666    2.800568    1.973907   -3.879105  1.000000
     667   -0.702278    5.155373    1.265809  1.000000
     668   -4.336285   -3.221512   -2.533121  1.000000
     669   -4.904411   -1.551345    0.208061  1.000000
     670   -4.980313    4.023183    4.950943  1.000000
     671    2.339679    2.481401   -4.607137  1.000000
     672   -5.965558    0.787310    2.724659  1.000000
     673   -2.807995    2.366731    5.121383  1.000000
     674   -4.128392   -0.708944   -6.045932  1.000000
     675    1.936658    0.649936    6.205536  1.000000
     676   -5.347333    1.495986    3.064624  1.000000
     677    4.711389   -2.273513   -2.350303  1.000000
     678   -3.448051    3.959291    5.740501  1.000000
     679   -3.723767   -1.904117    4.294543  1.000000
     680   -1.108531    6.250896    5.208398  1.000000
     681   -4.430284    4.120046    4.016453  1.000000
     682    0.752422   -5.001738   -0.603095  1.000000
     683    2.102282    4.912334   -1.216634  1.000000
     684    3.799924   -0.005653    4.903916  1.000000
     685   -1.589496    5.470558    5.608081  1.000000
     686    0.224935   -3.555031   -4.271408  1.000000
     687   -0.168961    0.566106   -6.506030  1.000000
     688    3.239111   -1.836905    5.408105  1.000000
     689   -1.775193    3.458232   -1.225696  1.000000
     690    3.022510    1.787667   -4.836213  1.000000
     691   -5.154885   -0.705140   -2.699613  1.000000
     692   -1.430198   -6.655980    4.400296  1.000000
     693    0.766608    0.103995   -5.544950  1.000000
     694   -1.253508    5.430796   -2.326517  1.000000
     695   -2.355046    5.195672   -3.818068  1.000000
     696    2.902636   -3.304708   -2.548389  1.000000
     697   -0.896649   -0.110346   -6.619532  1.000000
     698   -1.718950    5.553684   -4.690511  1.000000
     699    2.380092    4.076911   -0.086448  1.000000
     700   -5.850033   -2.820467   -3.464988  1.000000
     701   -4.907214   -2.457003   -2.233847  1.000000
     702   -4.570730    4.883349    4.647043  1.000000
     703    5.156642   -2.921883    0.887688  1.000000
     704    3.450778    2.072703   -0.144721  1.000000
     705   -4.936003    1.842574    1.031733  1.000000
     706    4.781967   -2.050565    0.570790  1.000000
     707   -2.649236   -5.657422   -1.509563  1.000000
     708    3.766904    0.327711    3.961696  1.000000
     709   -4.507547    4.611218    5.607227  1.000000
     710    2.394835   -0.236619    6.269514  1.000000
     711   -0.387646   -1.460174   -6.446469  1.000000
     712    3.457276   -1.356093   -3.722241  1.000000
     713   -0.561740    1.482227   -6.169124  1.000000
     714   -5.386909    4.894802    5.224730  1.000000
     715   -4.177441   -4.268744   -5.296094  1.000000
     716   -1.800021    0.139381   -6.270883  1.000000
     717   -5.876615   -3.070859    1.462326  1.000000
     718   -5.460565   -3.193520   -2.622879  1.000000
     719   -1.833698    0.266897   -5.279618  1.000000
     720   -1.926258   -6.461441    5.416106  1.000000
     721    2.925396    4.557787   -0.773035  1.000000
     722   -1.397470    3.485218    5.603431  1.000000
     723   -6.742277   -1.716687   -5.044022  1.000000
     724   -6.047045   -0.639079    0.596578  1.000000
     725   -1.020838    0.939969   -6.872818  1.000000
     726    4.780103   -2.748067   -0.145790  1.000000
     727   -5.871280   -2.855759    2.438903  1.000000
     728   -2.848611   -6.089232    5.312537  1.000000
     729   -4.550488   -4.657643   -4.453720  1.000000
     730   -5.847178   -3.808688    2.136672  1.000000
     731   -5.937610    0.470936    1.535398  1.000000
     732   -5.255573    0.788981   -0.999815  1.000000
     733   -3.503150    5.711279    2.117422  1.000000
     734   -2.438345   -6.426487   -2.112941  1.000000
     735    3.539525   -1.570978    3.388481  1.000000
     736    1.721159    5.737576   -0.799835  1.000000
     737   -3.709021    0.807485   -2.714914  1.000000
     738    0.525878    4.551096   -3.870465  1.000000
     739   -2.113036    1.668756    5.294189  1.000000
     740   -0.851456    5.828376    0.541369  1.000000
     741   -3.391989    3.003900    6.030474  1.000000
     742   -2.666187    5.242481   -4.767278  1.000000
     743    2.693068    5.527229   -0.694258  1.000000
     744    3.513820    1.311134   -4.107151  1.000000
     745    0.776100   -2.755869    5.192215  1.000000
     746   -2.402102   -6.077141    6.207235  1.000000
     747   -5.049518   -4.757766   -5.314501  1.000000
     748    2.283093   -2.066831    5.225994  1.000000
     749   -0.675813    5.349442    5.220118  1.000000
     750   -5.790241    0.869261    3.705755  1.000000
     751   -5.192074    3.955584    5.925924  1.000000
     752   -0.426259   -5.459888    5.249981  1.000000
     753    1.132255   -0.807331   -5.355778  1.000000
     754    5.646877   -2.387723    0.198962  1.000000
     755    1.094369    3.319910   -2.930471  1.000000
     756   -0.013240    5.933965   -3.787310  1.000000
     757   -0.664435   -2.305930   -5.990305  1.000000
     758    0.563215   -1.478256   -6.755556  1.000000
     759    0.225213   -2.853641   -4.984186  1.000000
     760    0.727849    4.967880   -4.756748  1.000000
     761   -3.184277    6.658004    2.162485  1.000000
     762   -1.215439    4.551053    5.487286  1.000000
     763   -4.305203    4.014970    6.384109  1.000000
     764    1.618608    4.532199    2.652030  1.000000
     765    0.448117    5.524334    3.553885  1.000000
     766    0.272889    3.560745   -4.992408  1.000000
     767    3.504046   -3.104607   -3.321866  1.000000
     768   -1.991474    4.698576    6.100481  1.000000
     769    0.728715   -4.747395    2.555834  1.000000
     770    3.749265    3.172905   -0.080083  1.000000
     771   -4.091144   -5.047976    2.013130  1.000000
     772   -5.209780   -4.097594    2.926978  1.000000
     773    2.643211   -2.352772    4.337989  1.000000
     774    2.879392   -3.884432   -3.362870  1.000000
     775   -7.080343   -0.183391   -4.210231  1.000000
     776   -5.175541   -4.678292    2.113579  1.000000
     777    3.233722    0.814617   -4.928744  1.000000
     778    0.043159   -0.624729   -6.787699  1.000000
     779   -0.966599   -6.710006    5.284693  1.000000
     780    2.813322    0.774141    4.448146  1.000000
     781   -1.996353   -6.501639    3.590576  1.000000
     782    2.986143   -2.776245    5.176481  1.000000
     783   -2.454904    6.082965   -4.268334  1.000000
     784    2.290437   -5.687221    0.073515  1.000000
     785   -1.689243    7.059713    5.115724  1.000000
     786    0.388359    4.407289   -5.512052  1.000000
     787   -1.745204    6.495750    5.939625  1.000000
     788    2.554922    4.603838    0.745287  1.000000
     789   -6.068277   -1.057792   -2.902965  1.000000
     790   -4.253165    2.213696    2.936776  1.000000
     791   -1.533896    6.467684   -4.329458  1.000000
     792   -2.366813   -7.005123    4.371129  1.000000
     793   -7.104791   -0.697835   -5.169363  1.000000
     794   -5.261753    3.571469    4.104335  1.000000
     795    1.448732    5.473120   -1.724955  1.000000
     796   -2.472786    5.809775    5.931701  1.000000
     797   -6.901365   -1.301878   -5.939915  1.000000
     798   -2.888733    4.444690   -4.206918  1.000000
     799   -5.148808    2.297016    2.499877  1.000000
     800    0.623476    3.831303    4.187541  1.000000
     801   -1.768618    5.542010    6.589310  1.000000
     802   -2.508812   -5.937916    2.575055  1.000000
     803   -1.467990   -3.635303    0.470112  1.000000
     804   -0.917849    5.975173    6.150532  1.000000
     805   -2.986616    1.412821    4.880239  1.000000
     806    5.463324   -2.065262    1.302594  1.000000
     807   -1.846570   -0.275780    4.500534  1.000000
     808   -4.663145    5.569730    5.368390  1.000000
     809   -4.653255   -1.328107   -2.099379  1.000000
     810   -1.876672    1.059776   -5.887480  1.000000
     811   -4.116787    1.566939   -3.221822  1.000000
     812   -3.969328    6.368228    2.709956  1.000000
     813   -2.316259    6.363194    6.749764  1.000000
     814   -3.386138   -6.131743   -1.991222  1.000000
     815   -3.226474   -5.550047    1.996679  1.000000
     816   -4.421457   -1.599649    3.646061  1.000000
     817    6.134054   -2.741302    0.997486  1.000000
     818   -5.865420   -1.869563   -5.670867  1.000000
     819   -5.715902   -4.012485    1.166500  1.000000
     820    3.728308    1.113437   -0.197520  1.000000
     821   -6.223970   -2.549152   -2.578106  1.000000
     822   -0.280277   -4.235080   -1.666573  1.000000
     823   -5.930900    4.056437    5.259617  1.000000
     824   -1.127159   -4.029483   -0.383385  1.000000
     825    6.235698   -1.781982    0.734095  1.000000
     826   -6.432074    0.022648    2.280075  1.000000
     827   -5.890219    4.659587    6.056206  1.000000
     828   -1.059410    4.855999    6.426788  1.000000
     829   -2.069463    3.126907    6.251535  1.000000
     830   -5.547638   -4.583068   -4.465174  1.000000
     831   -3.717881   -2.321422   -5.950162  1.000000
     832    3.710662    3.188250   -1.775908  1.000000
     833   -4.875192   -3.836057   -5.866994  1.000000
     834   -3.560458   -4.600636   -4.582526  1.000000
     835   -0.323676    5.186453   -2.051365  1.000000
     836   -4.674483   -2.611618   -5.923725  1.000000
     837    1.652840   -4.371475    2.487452  1.000000
     838    3.277159    1.057026   -3.169377  1.000000
     839   -3.002802   -2.169959    4.934494  1.000000
     840   -5.718014   -2.783366   -1.747954  1.000000
     841   -0.786135    6.494827   -3.490549  1.000000
     842   -0.209701    5.270824    6.101344  1.000000
     843    3.559475    1.431209    1.443815  1.000000
     844   -5.409612    1.226445   -0.113871  1.000000
     845   -1.601957    0.217758   -7.247934  1.000000
     846   -0.012687   -2.288795   -6.862152  1.000000
     847   -3.456011    1.742711    4.061190  1.000000
     848    2.920315   -1.657161   -4.510297  1.000000
     849   -6.229561   -2.451451   -4.313390  1.000000
     850    2.725046   -2.391999    6.062022  1.000000
     851    1.939122   -1.776297    6.118896  1.000000
     852    3.032284   -3.322968   -4.176125  1.000000
     853   -7.251663    0.286900   -5.075954  1.000000
     854   -2.170399   -1.926641    5.432392  1.000000
     855   -6.396312   -2.623664   -5.284233  1.000000
     856    3.464987   -2.421498   -4.165158  1.000000
     857   -4.840689    1.146319    3.852688  1.000000
     858    1.288028   -1.109080    6.480696  1.000000
     859   -3.089101    6.138221    1.313505  1.000000
     860    3.683774   -2.603269    5.871745  1.000000
     861    2.111304   -5.217555    2.215497  1.000000
     862    6.639969   -2.501171    0.169001  1.000000
     863    0.120353   -5.123555    4.483107  1.000000
     864    3.766713    0.052434   -1.842845  1.000000
     865   -2.791334    6.808299    5.342447  1.000000
     866   -4.243416    1.623917   -2.231510  1.000000
     867    3.960180    2.317105   -2.198812  1.000000
     868    3.758205   -3.922196   -3.838539  1.000000
     869   -1.636574   -5.045614    6.266528  1.000000
     870   -1.197099    2.655058    6.123706  1.000000
     871   -5.239642    5.620704    4.552882  1.000000
     872    1.006685   -0.613385   -6.520326  1.000000
     873    3.720186    3.100587   -2.772012  1.000000
     874    0.972004   -1.836698    5.871844  1.000000
     875    3.538667   -3.911706    2.136654  1.000000
     876   -0.183942    6.191864    3.160306  1.000000
     877   -3.989862   -4.996090    3.006634  1.000000
     878   -3.360755   -4.850008   -2.151552  1.000000
     879    0.077667    5.538488    0.770926  1.000000
     880    3.162720    1.003650    3.539715  1.000000
     881   -2.048282    3.995015    0.241475  1.000000
     882    3.005363    5.157416   -1.569307  1.000000
     883   -2.705523   -7.078936    5.309120  1.000000
     884   -4.076070    3.047622    2.414085  1.000000
     885    3.753410    0.976639    4.722426  1.000000
     886   -2.191865   -5.891363   -3.262761  1.000000
     887    0.629346    5.912095    2.650117  1.000000
     888   -3.371186   -5.780176    3.056126  1.000000
     889   -4.471761    0.773680   -3.716527  1.000000
     890   -5.070630    2.355117    3.495122  1.000000
     891    1.750424    4.028147   -2.669720  1.000000
     892   -4.417604    1.997686    4.162805  1.000000
     893   -0.859623    6.332140   -2.506612  1.000000
     894    2.601997    0.827169   -5.703835  1.000000
     895   -2.747691    4.498395   -3.218372  1.000000
     896    1.264911   -2.055571    6.802597  1.000000
     897   -4.883004   -3.920825   -2.993621  1.000000
     898    2.670620    2.280426    2.036204  1.000000
     899    0.693148   -4.973241    3.529348  1.000000
     900   -3.266235    5.549758   -4.028682  1.000000
     901   -1.924963   -5.122148   -3.843339  1.000000
     902    4.041045    1.421904   -2.637077  1.000000
     903   -2.200540   -7.055980    6.171944  1.000000
     904   -2.122397   -2.744732   -4.415139  1.000000
     905   -1.533021   -5.382858    0.515973  1.000000
     906    2.910546   -5.576388    0.850162  1.000000
     907   -7.673950   -1.502669   -5.337590  1.000000
     908   -5.971487    2.277280    3.068041  1.000000
     909   -5.110817   -5.470009   -4.615250  1.000000
     910    1.091989    2.298739   -5.806890  1.000000
     911   -5.871064   -0.034808    3.286080  1.000000
     912   -0.120680    6.107898    5.561545  1.000000
     913   -6.657784    0.705202   -4.388690  1.000000
     914   -5.561421    1.740156   -0.958297  1.000000
     915   -1.255654   -1.652024    5.728746  1.000000
     916   -7.642748    0.643293   -4.227404  1.000000
     917   -4.987200   -5.068544    3.014818  1.000000
     918   -5.916867   -4.788338    2.775641  1.000000
     919    2.685453   -2.594651   -4.767109  1.000000
     920   -5.300378   -4.921948    1.151785  1.000000
     921   -5.936295   -0.050559   -0.204284  1.000000
     922   -4.058148    1.532581   -4.219510  1.000000
     923   -2.591596   -6.225029    1.620743  1.000000
     924   -0.645909   -5.039516    6.130345  1.000000
     925    4.255640    2.418496    0.337590  1.000000
     926    3.200476    1.679843    4.275472  1.000000
     927   -0.515076    3.984876   -5.438752  1.000000
     928    0.308924   -1.242805    6.327492  1.000000
     929   -5.509959   -5.592521    2.342381  1.000000
     930    1.308807   -1.463650   -6.089314  1.000000
     931   -3.208836   -6.649090    6.058726  1.000000
     932    0.319424   -2.223354    6.523486  1.000000
     933    0.801148   -5.882574   -0.132190  1.000000
     934   -2.012914   -1.000573    5.775315  1.000000
     935   -5.921494   -5.216253   -5.142896  1.000000
     936   -1.870355   -6.251562   -1.308709  1.000000
     937   -2.999990    4.080087    0.536457  1.000000
     938    3.024198   -3.344103    5.998727  1.000000
     939   -5.761891   -4.073468   -5.470257  1.000000
     940    5.566637   -2.926742    1.799764  1.000000
     941   -5.622400    5.840141    5.450291  1.000000
     942    3.570724   -3.017215   -4.961362  1.000000
     943   -5.883136    1.670551    2.238523  1.000000
     944   -3.640468    4.722836   -3.608981  1.000000
     945   -6.634405   -0.338827   -5.975496  1.000000
     946    2.320490    1.427251    3.873199  1.000000
     947    1.517984   -6.144856    0.513840  1.000000
     948   -3.704033    5.357280    1.204005  1.000000
     949   -3.762435    2.308985    5.414144  1.000000
     950   -3.014847   -7.629760    6.084305  1.000000
     951   -1.212784    1.738583    5.723922  1.000000
     952   -3.358221   -3.583285   -5.085831  1.000000
     953   -4.305641    3.016359    6.436780  1.000000
     954    4.452470   -2.935316   -3.053850  1.000000
     955   -6.171495   -3.870639    3.080589  1.000000
     956   -4.963216    6.458915    5.022979  1.000000
     957   -4.352197    2.317163   -1.184984  1.000000
     958    2.487777    5.488373    0.283671  1.000000
     959   -0.348484    6.053027    4.589385  1.000000
     960   -2.150072    4.350272   -1.478144  1.000000
     961   -5.089777   -5.049380   -3.708261  1.000000
     962    1.052719   -2.793115    6.152473  1.000000
     963    1.047006    5.480452   -0.107444  1.000000
     964    4.000593    0.648583    1.004598  1.000000
     965   -1.212532    5.369664   -0.270546  1.000000
     966   -6.491652    0.246065    0.733856  1.000000
     967    3.631522   -1.262996    2.057589  1.000000
     968   -0.227564    6.090295    2.166434  1.000000
     969   -1.447023   -6.547148   -2.165109  1.000000
     970   -0.470758    4.983209   -5.475734  1.000000
     971   -2.755254    3.562043   -3.756232  1.000000
     972    2.913425    0.605889    6.415263  1.000000
     973   -2.014752    1.050008   -6.877853  1.000000
     974   -4.969339    4.756105    6.482301  1.000000
     975    4.045250    1.360258    3.846261  1.000000
     976    5.213876   -3.133770   -2.436697  1.000000
     977   -2.175442   -7.875588    5.599569  1.000000
     978   -5.062353    5.729152    6.271284  1.000000
     979    1.108472    4.703422    4.122820  1.000000
     980   -4.910264    2.580099    0.356904  1.000000
     981    4.583420   -3.862718   -2.703454  1.000000
     982    6.388194   -2.058860    1.682823  1.000000
     983   -5.322422    4.568940    4.067297  1.000000
     984    5.223976   -3.485942   -3.372578  1.000000
     985    1.668420    2.879702   -5.232251  1.000000
     986   -2.663972   -7.891091    4.727159  1.000000
     987    3.220848   -0.549039   -3.181163  1.000000
     988   -3.994543    6.428446    1.623253  1.000000
     989   -1.788979   -6.204927    1.024587  1.000000
     990   -1.888977   -6.931689    1.704159  1.000000
     991   -1.581392   -0.819534   -6.451664  1.000000
     992   -2.423135    7.186228    6.191917  1.000000
     993   -2.870270    5.467719   -3.005335  1.000000
     994    4.177557   -1.002015    2.869640  1.000000
     995    0.073662   -2.965748   -6.131209  1.000000
     996   -0.450219   -6.851079    4.440033  1.000000
     997   -0.727143   -2.975891   -6.730048  1.000000
     998    4.106489   -2.094921   -3.471023  1.000000
     999    0.499352   -5.523188    1.968009  1.000000
    1000   -3.236505    6.054464   -4.891462  1.000000
    1001    5.596443   -2.057736    2.293666  1.000000
    1002   -2.949983    1.687204    5.841162  1.000000
    1003   -3.063859   -6.419341   -2.893122  1.000000
    1004   -1.478039    7.456913    6.008822  1.000000
    1005    2.780451   -3.580060    2.698010  1.000000
    1006    2.338342    5.902455   -1.569185  1.000000
    1007   -1.579144   -3.569600   -4.571566  1.000000
    1008    0.931743   -2.721608   -5.679443  1.000000
    1009    1.500445    6.440303   -1.476193  1.000000
    1010    0.360456    1.888025   -6.351108  1.000000
    1011   -2.681706    0.611196   -6.275676  1.000000
    1012    5.381414   -1.262657    0.711733  1.000000
    1013    0.473107    4.539439    4.877420  1.000000
    1014    3.570156   -5.172896    1.484282  1.000000
    1015   -2.590781    4.969765   -2.127763  1.000000
    1016    3.376799    4.098162   -0.008195  1.000000
    1017   -4.482674   -4.715207   -6.137226  1.000000
    1018   -5.673514   -1.387339    1.144832  1.000000
    1019   -6.003781   -5.421787   -4.167712  1.000000
    1020    2.150676    2.698402   -3.649438  1.000000
    1021   -3.714929   -0.963308    3.955722  1.000000
    1022   -3.118368   -5.403763    4.636251  1.000000
    1023   -3.180403   -7.094800   -2.164992  1.000000
    1024    4.113673    0.949516   -1.569233  1.000000
